Homodyne Forward			Homodyne Backward		
actual moved (mm)	number of fringes	distance from fringes (mm)	actual moved (mm)	number of fringes	distance from fringes (mm)
0.009267	5.888	0.002318	0.009121	5.860	0.002307
0.008559	17.208	0.006774	0.007649	7.420	0.002921
0.008646	12.750	0.005019	0.008216	7.689	0.003027
0.008646	12.750	0.005019	0.008216	7.689	0.003027
0.009284	20.110	0.007916	0.009070	16.601	0.006535
0.009441	26.477	0.010423	0.009087	10.924	0.004300
0.009423	29.202	0.011495	0.008968	23.276	0.009162
0.009377	17.016	0.006699	0.008878	7.153	0.002816
0.009357	15.484	0.006095	0.008845	7.025	0.002765
0.009402	21.775	0.008572	0.009029	9.982	0.003930
0.009361	26.907	0.010592	0.009092	19.935	0.007847
0.009358	19.695	0.007753	0.009003	4.055	0.001596
0.009395	26.296	0.010351	0.008962	13.998	0.005510
0.008980	32.843	0.012929	0.008618	11.551	0.004547
