Relative_Time_s,Raw_S1_V,Raw_S2_V,Norm_S1,Norm_S2,Phase_rad,Unwrapped_Phase_rad,Lissajous_Distance_mm,Calculated_Distance_mm,Fringe_Count,Stage_Position_mm,Direction
0.02016615867614746,2.1087110120512267,3.9660579679153876,-0.3757679988859565,0.7422324567579248,2.093823325626529,-23.92829184073631,-0.0014991396278480988,0.00275555,7,0.479563,backward
0.18167448043823242,2.1143701559723107,3.961207182088093,-0.004881796380726611,0.5530088867962668,1.6378140487424733,-24.384301117620364,-0.0015277092216240918,0.0031492,8,0.479404,backward
0.32241106033325195,2.114693535632204,3.9523140755174757,0.17801450143040473,0.268317316415973,0.9850175354073978,-25.03709763095544,-0.0015686078001175064,0.0031492,8,0.479404,backward
0.4607105255126953,2.1061239749101253,3.9505354543242523,-0.045088687238603514,-0.09235033718222019,-2.0734766359576806,-28.09559180232052,-0.0017602265685759378,0.0031492,8,0.479253,backward
0.6266603469848633,2.0965842758849775,3.943744355593067,-0.7182866136177563,-0.3913225154051283,-2.6133111191791367,-28.635426285541975,-0.0017940479241354028,0.0031492,8,0.479253,backward
0.7806665897369385,2.09723103511944,3.96460273213566,-0.968223602487558,0.22548161850596551,2.95751622989319,-29.347784243649237,-0.0018386781071555497,0.0031492,8,0.479094,backward
0.9212570190429688,2.1061239749101253,3.9641176535484264,-0.6025620536945671,0.6699284845793233,2.346544421806746,-29.958756051735683,-0.001876956311679998,0.0031492,8,0.479094,backward
1.0692384243011475,2.1117831187214313,3.9587817892870367,-0.12390924146876033,0.669067569418528,1.779012202875444,-30.52628827066699,-0.0019125129675893863,0.00354285,9,0.478936,backward
1.2395923137664795,2.109357771344337,3.948271754682015,-0.052386644173431515,0.08489102701625027,2.6908092125440453,-29.61449126099839,-0.0018553876600728453,0.00354285,9,0.478936,backward
1.3907322883605957,2.0978777943570237,3.9508588399927524,-0.6384800037788017,-0.24634822681451135,-2.7030175161954353,-28.72513268255828,-0.0017996681504153943,0.00354285,9,0.478777,backward
1.5566909313201904,2.0922186511339316,3.9497269901588252,-1.1522098106416607,0.015144822342178744,-3.1086222276123707,-29.13073739397521,-0.0018250798304539932,0.00354285,9,0.478618,backward
1.726640224456787,2.1061239749101253,3.9658962750496376,-0.8291999048459536,0.629471042838977,2.525922558084159,-29.779377915458266,-0.001865718030474935,0.00354285,9,0.47847,backward
1.880784273147583,2.117603952606598,3.9573265536424085,0.09074957235495887,0.6035486763755729,1.3676029677662582,-30.937697505776168,-0.0019382883088348009,0.0039365,10,0.47847,backward
2.015242576599121,2.116957193273453,3.9557096251800368,0.4186699557758185,0.09189937796864261,0.06556077440015301,-32.23973969914228,-0.002019863001345126,0.0039365,10,0.47831,backward
2.169266700744629,2.1069324240113345,3.9432592771347053,-0.01171401581404024,-0.4033238418796021,-1.5637266244297403,-33.869027097972165,-0.00212194004558199,0.0039365,10,0.47831,backward
2.324021577835083,2.099333002653002,3.9508588399927524,-0.61171845975939,-0.20057455133460095,-2.732002543689045,-35.03730301723147,-0.0021951341013248513,0.0039365,10,0.47816,backward
2.4771578311920166,2.10887270187421,3.9678365894606733,-0.4625281478358088,0.5499141758619394,2.2987320594560834,-36.28975372126593,-0.002273601820409914,0.0039365,10,0.47816,backward
2.6125152111053467,2.1184124017774524,3.954254389592385,0.19699430790513336,0.49361607151274556,1.0935197488225417,-37.494966031899466,-0.0023491099906908027,0.00433015,11,0.478,backward
2.762788772583008,2.114208466142659,3.9469782120585784,0.24205074651159544,-0.12244221989015258,-0.6152159256652647,-39.20370170638728,-0.0024561645761243278,0.00433015,11,0.477852,backward
2.909961700439453,2.099333002653002,3.9516673041698254,-0.38770565586694816,-0.3236818782711097,-2.3304177017851284,-40.91890348250714,-0.0025636242715113265,0.00433015,11,0.477852,backward
3.085332155227661,2.1012732804055725,3.962015646371787,-0.8016906926462676,0.276689977708881,2.8672420991053484,-42.00442898879625,-0.002631633902718992,0.00433015,11,0.477693,backward
3.225356340408325,2.113561706826014,3.9621773392295268,-0.12496572799979104,0.5546878966357689,1.7532332269801363,-43.11843786092146,-0.0027014280550593656,0.0047238,12,0.477693,backward
3.3952839374542236,2.113561706826014,3.942935891497459,0.20113657790190417,-0.08537252989685659,-0.5728861836083645,-45.44455727150997,-0.002847162560920884,0.0047238,12,0.477542,backward
3.5492849349975586,2.0975544147378415,3.954254389592385,-0.573195383561529,-0.19503317108338447,-2.6960101336277233,-47.56768122152934,-0.0029801791284841737,0.0047238,12,0.477383,backward
3.6880815029144287,2.0975544147378415,3.9594285606933157,-0.9570525312163867,0.27562685045020624,2.912455074430948,-48.24240132065026,-0.003022451249078079,0.0047238,12,0.477383,backward
3.8285152912139893,2.1059622850904707,3.9587817892870367,-0.6255808429990946,0.3747635239732511,2.647425888008849,-48.50743050707236,-0.003039055683633884,0.0047238,12,0.477224,backward
3.9832098484039307,2.115501984785373,3.9578116321876187,0.1221903748165396,0.3626615541319989,1.0389971292309201,-50.11585926585029,-0.003139825906051078,0.00511745,13,0.477224,backward
4.127732038497925,2.118574091612213,3.942774198679333,0.4780842702822939,-0.0992369636028086,-0.3110325174792315,-51.465888912560445,-0.003224407076977264,0.00511745,13,0.477068,backward
4.269622802734375,2.1091960815207655,3.9442294340544186,0.14078079773594027,-0.5724410702164696,-1.2894905445693383,-52.44434693965055,-0.0032857087867842146,0.00511745,13,0.477068,backward
4.413080215454102,2.098524553597729,3.9481100618529217,-0.6224194905243984,-0.3742267147696547,-2.4960997923728137,-53.65095618745403,-0.0033613044770553725,0.00511745,13,0.476917,backward
4.5743162631988525,2.0996563822764776,3.955062853804416,-0.9095139005686621,-0.04339158408588594,-3.0245735890032655,-54.17942998408448,-0.003394414070338554,0.00511745,13,0.476758,backward
4.709205389022827,2.1129149475125093,3.958296710735828,-0.28929282413588076,0.25970745132294665,2.422117391464876,-55.01592431079592,-0.0034468215636101105,0.00511745,13,0.476758,backward
4.859489917755127,2.115663674616596,3.947463290539873,0.2582347731357143,-0.014056714780195044,-0.23071235425545952,-57.66875405651625,-0.003613024910853353,0.0055111,14,0.476758,backward
5.00000262260437,2.1027284887384616,3.94196573459369,-0.17110706770305775,-0.4533324489764866,-1.7914747852831145,-59.229516487543904,-0.0037108087738045204,0.0055111,14,0.476606,backward
5.150923490524292,2.0980394841669074,3.948756833171292,-0.8372698664844089,-0.446416528300793,-2.5700290788215763,-60.00807078108237,-0.0037595862461641547,0.0055111,14,0.476453,backward
5.297541379928589,2.1007882109647933,3.9587817892870367,-0.8761361007773609,0.16841696186044267,2.9957646728498113,-60.72546233659056,-0.0038045317908233438,0.0055111,14,0.476453,backward
5.443443775177002,2.114531845802159,3.955871318024774,-0.13925765590062936,0.31077793210809257,1.8146956163046903,-61.90653139313568,-0.003878527353802798,0.00590475,15,0.476294,backward
5.579771518707275,2.1132383271688693,3.949403604494983,0.12479307853176028,-0.13488614466186585,-0.7571698230475993,-64.47839683248796,-0.004039658178488833,0.00590475,15,0.476294,backward
5.717592239379883,2.1072558036531888,3.9424508130440796,-0.05929417152064755,-0.6620300038224952,-1.5526075249518616,-65.27383453439222,-0.00408949341906288,0.00590475,15,0.476135,backward
5.852774620056152,2.089469924511659,3.9481100618529217,-1.0518502908003684,-0.6109556080267937,-2.5530860439500156,-66.27431305339037,-0.004152174742269057,0.00590475,15,0.476135,backward
5.984997510910034,2.0939972389783224,3.9591051749895096,-1.308429523068859,0.16208537707030396,3.0394765164356383,-66.9649358001843,-0.004195443185102468,0.00590475,15,0.475977,backward
6.120553016662598,2.113561706826014,3.9537693110691623,-0.33959186641931705,0.17516957294474844,2.6317339534144395,-67.37267836320552,-0.004220988804415955,0.0062984,16,0.475977,backward
6.256885766983032,2.1158253644480154,3.9516673041698254,0.2397117389727818,0.03919238174423531,-0.0033816050240986833,-70.00779392164407,-0.004386082334029673,0.0062984,16,0.47582,backward
6.393702507019043,2.1028901785542042,3.944714512518762,-0.2098649263789704,-0.37622901239159573,-1.8450448868886966,-71.84945720350868,-0.004501465012633407,0.0062984,16,0.47582,backward
6.528232097625732,2.092703720543701,3.9589434821381064,-0.9591850028335962,0.10823485022666046,3.056283498944479,-73.23131412485509,-0.0045880402050706625,0.0062984,16,0.47567,backward
6.670371055603027,2.0977161045473354,3.970423675416882,-1.021412955770328,0.8521934216999956,2.413841838636113,-73.87375578516345,-0.004628290038111782,0.0062984,16,0.475518,backward
6.824649095535278,2.1091960815207655,3.965734582184222,-0.41341679300555784,0.8099450596687128,1.9443935450304997,-74.34320407876908,-0.004657701604338658,0.00669205,17,0.475518,backward
6.965435266494751,2.115016915292882,3.9581350178860912,0.046450907544483826,0.40838115449993206,1.1462403986589105,-75.14135722514067,-0.0047077069711563705,0.00669205,17,0.475366,backward
7.113842010498047,2.0941589287835267,3.950212068657083,-0.6951434484338225,-0.039197767642593244,-2.9848480571726643,-79.27244568097224,-0.004966525212404149,0.0070857,18,0.475366,backward
7.258911609649658,2.0951290676188443,3.9615305678005694,-1.0771084386262,0.33012140285827024,2.859145832440875,-79.71163709853828,-0.0049940411447016286,0.0070857,18,0.47521,backward
7.393676519393921,2.1111363594165593,3.9555479323356315,-0.6804302440249408,0.6289174554219941,2.3357869340691253,-80.23499599691002,-0.005026830282737813,0.0070857,18,0.47521,backward
7.527390956878662,2.112106498375044,3.958458403585897,-0.049765262673244395,0.5428252942911881,1.3966044809037994,-81.17417845007535,-0.005085671325077607,0.00747935,19,0.475051,backward
7.661413908004761,2.1091960815207655,3.942935891497459,0.015919316015229182,-0.20338411385128163,-1.0698207880346429,-83.6406037190138,-0.005240196181444361,0.00747935,19,0.475051,backward
7.805195093154907,2.10353693781913,3.9547394681186043,-0.33648419785169503,-0.18500272110081264,-2.2599205347112026,-84.83070346569035,-0.00531475752929191,0.00747935,19,0.4749,backward
7.952379941940308,2.0965842758849775,3.9616922606573084,-1.0310941653842585,0.2691011919230597,2.91409034152157,-85.93987789663717,-0.005384248797398119,0.00747935,19,0.4749,backward
8.087097644805908,2.1030518683701422,3.963309189243045,-0.636406696669966,0.7864432781203459,2.170420743348277,-86.68354749481045,-0.0054308406967308355,0.00747935,19,0.47474,backward
8.242439270019531,2.1200293001339103,3.953445925388679,0.2499725551401116,0.5012112210075603,0.8242490856038048,-88.02971915255492,-0.005515180159465698,0.007873,20,0.474583,backward
8.397625923156738,2.1059622850904707,3.947463290539873,-0.0029625171029784123,-0.04894786333525908,-0.7330403731741885,-89.58700861133292,-0.005612746436040014,0.007873,20,0.474583,backward
8.532708644866943,2.0948056880062924,3.9565180894070577,-0.8341568480182701,0.03826814896196102,-3.0901296100140545,-91.94409784817279,-0.005760421243119438,0.007873,20,0.474424,backward
8.673329591751099,2.09723103511944,3.96314749638297,-1.023792098124122,0.6311554470795047,2.5745179237541893,-92.56263562158414,-0.005799173465535217,0.007873,20,0.474424,backward
8.816115856170654,2.112591567856935,3.966866432249144,-0.34556078847711486,0.7787133864937025,1.8325930299533304,-93.304560515385,-0.005845656056795255,0.00826665,21,0.474272,backward
8.969829082489014,2.113561706826014,3.955224546647821,0.10773892931175955,0.3197780613501773,0.7173793268037914,-94.41977421853454,-0.005915525693417811,0.00826665,21,0.474272,backward
9.120234727859497,2.1007882109647933,3.95247576835522,-0.32892112316084615,-0.19150803319040788,-2.1242285760924706,-97.2613821214308,-0.006093556245802908,0.00826665,21,0.47412,backward
9.277044296264648,2.092703720543701,3.9621773392295268,-1.0478518651881732,0.2870050024092446,2.9185234767489723,-98.50181537576893,-0.006171271055520879,0.00826665,21,0.473972,backward
9.413894176483154,2.1015966600337355,3.970585368291985,-0.9427896186360825,0.9079370551263125,2.3271473212391123,-99.09319153127878,-0.00620832156608762,0.00826665,21,0.473972,backward
9.561232566833496,2.115501984785373,3.96088379637695,-0.08614279386556858,0.6874836418368254,1.4208478218377185,-99.99949103068018,-0.00626510244720085,0.0086603,22,0.47382,backward
9.705586671829224,2.1132383271688693,3.9479483690241612,0.2428145103896914,0.029233600395523376,-0.17034542489491133,-101.5906842774128,-0.0063647928416351125,0.0086603,22,0.47382,backward
9.847652435302734,2.100949900778191,3.949403604494983,-0.33785137145978633,-0.2733596137911432,-1.994894977968589,-103.41523383048647,-0.006479103322140399,0.0086603,22,0.473662,backward
9.99345850944519,2.098201173976986,3.9566797822534614,-0.8148158160579004,0.05553205862860526,-3.0785361160174785,-104.49887496853536,-0.006546994895146452,0.0086603,22,0.473662,backward
10.144152879714966,2.1043453869046864,3.963309189243045,-0.6838771240999442,0.6831816579566804,2.2816856530666674,-105.42183850663082,-0.006604819800669471,0.0086603,22,0.473503,backward
10.296074867248535,2.1134000169973435,3.9576499393388818,-0.08733139543948552,0.5720222933538671,1.3685762082839414,-106.33494795141354,-0.006662027334008968,0.00905395,23,0.473352,backward
10.436248302459717,2.1090343916973895,3.953284232548937,-0.040840346013349335,0.27141608118842164,0.8583067515034726,-106.84521740819402,-0.006693996400945783,0.00905395,23,0.473352,backward
10.575947284698486,2.095937516653635,3.9508588399927524,-0.6807305862356977,-0.16973919144739158,-2.633988901089501,-110.337513060787,-0.006912793414949549,0.00905395,23,0.473193,backward
10.714871644973755,2.092703720543701,3.9649261178621513,-1.1727069539043666,0.35960745153357315,2.889237757497903,-111.09747170937919,-0.0069604058451728755,0.00905395,23,0.473193,backward
10.8656644821167,2.1056389054517486,3.9660579679153876,-0.7854000606216438,0.9124385492984991,2.2026927658344277,-111.78401670104267,-0.007003418811169519,0.00905395,23,0.473042,backward
11.024027585983276,2.1117831187214313,3.951828997006239,-0.14614262409133622,0.2672975694802858,1.2182378504944398,-112.76847161638267,-0.007065096234081234,0.0094476,24,0.47289,backward
11.172972679138184,2.1017583498481103,3.9451995909860953,-0.3457212770407384,-0.29762933401095,-1.9074862805176478,-115.89419574739476,-0.007260927049824791,0.0094476,24,0.47289,backward
11.332598686218262,2.0941589287835267,3.9578116321876187,-1.0168217288929453,0.11401873136781915,3.1406660621900215,-117.12922871186667,-0.007338303524128173,0.0094476,24,0.472734,backward
11.516436576843262,2.1040220072698768,3.9710704469193012,-0.8314960685799465,0.8296485850402209,2.2837762134511532,-117.98611856060555,-0.007391988824253035,0.0094476,24,0.472734,backward
11.65590500831604,2.1111363594165593,3.9625007249460062,-0.19761992362219136,0.7766928721827652,1.5401351310331461,-118.72975964302357,-0.007438578937035378,0.00984125,25,0.472585,backward
11.792197942733765,2.114046776313203,3.9566797822534614,0.13283731707585528,0.37287188466168497,0.6134495107617286,-119.65644526329498,-0.007496637036006771,0.00984125,25,0.472427,backward
11.952158212661743,2.1117831187214313,3.952960846870451,0.09057123048699015,0.00836680069673698,-0.3771548058211172,-120.64704957987783,-0.007558699727167138,0.00984125,25,0.472427,backward
12.098063230514526,2.1069324240113345,3.947463290539873,-0.13398013881322893,-0.2175341989138366,-1.3531611939050232,-121.62305596796175,-0.007619847838496945,0.00984125,25,0.472266,backward
12.242949962615967,2.1011115905917843,3.945037898163318,-0.4959993560836267,-0.39174501088161817,-2.078364486973108,-122.34825926102984,-0.007665282799008146,0.00984125,25,0.472266,backward
12.394174098968506,2.0933504797594535,3.952799154031708,-0.9960381884453088,0.030944116526481037,-3.0293516398646214,-123.29924641392134,-0.007724863421643607,0.00984125,25,0.472117,backward
12.529976844787598,2.0941589287835267,3.959266867841246,-1.1409847361512615,0.39314776588174993,2.8520124771007738,-123.70106760413552,-0.007750038058996268,0.00984125,25,0.472117,backward
12.677975416183472,2.0964225860768493,3.9589434821381064,-1.0918834531331607,0.6191784664518151,2.618396174339119,-123.93468390689716,-0.007764674434192306,0.00984125,25,0.471958,backward
12.815019369125366,2.103213558186276,3.9621773392295268,-0.8025290159318643,0.7872062151376067,2.278041207492419,-124.27503887374385,-0.007785998130080458,0.00984125,25,0.471958,backward
12.955103874206543,2.1017583498481103,3.9691301324280857,-0.6759582283443368,0.8993811949712284,2.084546733767902,-124.46853334746835,-0.007798120818789736,0.0102349,26,0.4718,backward
13.115999460220337,2.113561706826014,3.96767489659125,-0.16203554955240618,0.9150912592198084,1.4599263679734256,-125.09315371326284,-0.007837254123789357,0.0102349,26,0.471648,backward
13.249407052993774,2.116957193273453,3.9560330108698456,0.21686591835082492,0.5023154656548493,0.6510072309857399,-125.90207285025052,-0.007887933994381643,0.01062855,27,0.471648,backward
13.388584613800049,2.114531845802159,3.9539310039099034,0.324287554184945,0.14704090464427466,-0.008651450125425663,-126.56173153136169,-0.007929262496904508,0.0110222,28,0.47149,backward
13.524654150009155,2.105800595271012,3.9531225397095278,-0.1244349654766695,-0.0837481583405221,-1.1262083459775767,-127.67928842721383,-0.007999278937697606,0.0110222,28,0.47149,backward
13.668139457702637,2.0973927249285436,3.9566797822534614,-0.6967087152972006,-0.009529257960440315,-2.8129971744015094,-129.36607725563778,-0.008104958523742975,0.0110222,28,0.47134,backward
13.825048923492432,2.1075791832958264,3.9591051749895096,-0.48317480694563164,0.45034870679375416,2.2452649357819214,-130.59100045263392,-0.008181701607533063,0.0110222,28,0.47134,backward
13.988959789276123,2.105153835995133,3.9641176535484264,-0.4305438190988282,0.7071396216211733,1.8958635186260073,-130.94040186978987,-0.008203592075685622,0.0110222,28,0.471182,backward
14.138630390167236,2.1171188831064445,3.9618539535143804,0.08598164332844138,0.7667572239202607,1.073389738043928,-131.76287565037197,-0.0082551211629077,0.01141585,29,0.471182,backward
14.28665828704834,2.1124298780294417,3.9581350178860912,0.2132558650950131,0.48743018939168437,0.6204346052381688,-132.2158307831777,-0.008283499410454408,0.01141585,29,0.471023,backward
14.42908763885498,2.10353693781913,3.9536076182287543,-0.257964884438658,0.024366297323678517,-1.7235667481379127,-134.55983213655378,-0.00843035424405324,0.01141585,29,0.470872,backward
14.572385787963867,2.092703720543701,3.9545777752761984,-0.9533317341300526,-0.039232329263603004,-2.866300466033046,-135.70256585444895,-0.00850194804656857,0.01141585,29,0.470872,backward
14.714477062225342,2.092865410347347,3.971878911304846,-1.2044153212578257,0.7832063363304128,2.5668624809851837,-136.5525882146103,-0.008555203089308622,0.01141585,29,0.470723,backward
14.856410026550293,2.1059622850904707,3.9655728893191404,-0.6851118654463357,0.9477712189506159,2.0758057914848953,-137.04364490411058,-0.008585968450565898,0.01141585,29,0.470723,backward
15.008061408996582,2.115663674616596,3.9618539535143804,0.017662870634303596,0.7471855087140612,1.1220872300072016,-137.99736346558828,-0.008645720199618517,0.0118095,30,0.470564,backward
15.153571605682373,2.111621428894919,3.955062853804416,0.06961698975885977,0.13512348670722543,-0.1377439040789003,-139.25719459967436,-0.008724650312560802,0.01220315,31,0.470413,backward
15.302452802658081,2.100464831338584,3.951828997006239,-0.4518680491741184,-0.12048361606525682,-2.1621103455515236,-141.28156104114703,-0.008851479589547927,0.01220315,31,0.470413,backward
15.44360089302063,2.0948056880062924,3.959590253545719,-1.0036280776350015,0.2344096851101693,3.062659358799767,-142.33997664397535,-0.008917790748885737,0.01220315,31,0.470413,backward
15.579566717147827,2.100303141525772,3.9710704469193012,-0.9379064242381335,0.8935412228877597,2.325873741878994,-143.07676226089615,-0.0089639513575454,0.01220315,31,0.470254,backward
15.73572564125061,2.114046776313203,3.9594285606933157,-0.1959490029471707,0.812858360898593,1.4554308236111921,-143.94720517916397,-0.009018485775682742,0.0125968,32,0.470254,backward
15.87234354019165,2.1119448085481394,3.9506971471583356,0.034388985125960655,0.17966941855625254,-0.030377872702260746,-145.43301387547746,-0.009111573686465108,0.0125968,32,0.470095,backward
16.018147230148315,2.0990096230303075,3.953284232548937,-0.5450388690747981,-0.007032349608070509,-2.535506442017583,-147.9381424447928,-0.009268523356592479,0.0125968,32,0.469937,backward
16.155641078948975,2.0910868225179495,3.961045489232355,-1.161447055102282,0.25570903106410303,3.063111265361991,-148.62271004459282,-0.009311412436332552,0.0125968,32,0.469937,backward
16.29426598548889,2.1025667989229144,3.970100289667678,-0.87176592848397,0.8049275781751692,2.33630554763595,-149.34951576231887,-0.009356947790901187,0.0125968,32,0.469778,backward
16.4389169216156,2.1167955034406583,3.9642793464105033,0.0019680131887912632,0.8284058633087041,1.149740315492382,-150.53608099446245,-0.009431287696665161,0.01299045,33,0.469778,backward
16.57003378868103,2.116472123775658,3.9508588399927524,0.3458149167644601,0.3028310196490703,0.1632244887968336,-151.522596821158,-0.009493094238441824,0.01299045,33,0.469626,backward
16.72390079498291,2.1025667989229144,3.955224546647821,-0.14125004237569413,-0.002612694649964961,-0.9967221764295675,-152.68254348638442,-0.009565766455230435,0.01299045,33,0.469626,backward
16.85547685623169,2.096099206461178,3.9605604106671417,-0.8242057631259854,0.2768440034477737,2.997892989388942,-154.97111362774552,-0.009709148448933115,0.01299045,33,0.469468,backward
16.991504430770874,2.0988479332192527,3.9642793464105033,-0.9537213026151693,0.6640723210449313,2.5379370309114666,-155.43106958622303,-0.009737965307612707,0.01299045,33,0.46931,backward
17.138577222824097,2.112753257684624,3.9686450538128,-0.24826689764546608,0.917410292639249,1.5202894537953024,-156.4487171633392,-0.009801722295373998,0.0133841,34,0.46931,backward
17.275592803955078,2.114208466142659,3.954901160961344,0.18280027707152385,0.3845372653631873,0.3572710426020119,-157.61173557453247,-0.009874586961173859,0.0133841,34,0.46931,backward
17.426611185073853,2.1028901785542042,3.951990689842985,-0.2727019899232709,-0.06924930271470787,-1.551131781980814,-159.52013839911527,-0.009994150961783327,0.0133841,34,0.46915,backward
17.570990324020386,2.0946439982003087,3.9578116321876187,-0.9485938527808658,0.23897984037229975,3.095979157132426,-161.15621276718161,-0.010096653218760116,0.0133841,34,0.469001,backward
17.710534811019897,2.1022434192924067,3.9647644249987386,-0.8932152604242692,0.8105854471182043,2.361191065971635,-161.8910008583424,-0.010142688679747543,0.0133841,34,0.469001,backward
17.852272510528564,2.1158253644480154,3.9684833609417067,-0.09235798231850391,0.9505932835531239,1.3046682433941164,-162.94752368091991,-0.010208881253859978,0.01377775,35,0.468848,backward
18.01953411102295,2.112753257684624,3.9503737614905017,0.1644671279525888,0.12294421062047384,-0.2187715206315172,-164.47096344494554,-0.010304326801586133,0.01377775,35,0.468848,backward
18.160943269729614,2.0996563822764776,3.951020532827501,-0.4412126192594565,-0.2013589931585373,-1.924192062643668,-166.17638398695772,-0.010411173689516683,0.01377775,35,0.468699,backward
18.324246883392334,2.0935121695638785,3.964441039272915,-1.056844475237216,0.41714345347543363,2.888715944831662,-167.64666128666198,-0.010503288537437408,0.01377775,35,0.468538,backward
18.474059581756592,2.108549322228439,3.9647644249987386,-0.5665484081304782,0.883903958443316,1.9595427593195238,-168.5758344721741,-0.010561502485712798,0.01377775,35,0.468538,backward
18.61129379272461,2.114855225462445,3.9579733250366878,0.0910029039151498,0.6092612117983413,0.7755283445349549,-169.75984888695868,-0.010635682579342595,0.0141714,36,0.46838,backward
18.750905513763428,2.1069324240113345,3.9539310039099034,-0.07050635803455754,0.07676754906136159,-0.6071346522484741,-171.1425118837421,-0.01072230827348882,0.0141714,36,0.46838,backward
18.884886026382446,2.0943206185889256,3.9553862394915598,-0.7965043630709591,0.05934940890786885,-2.8182247749078404,-173.35360200640147,-0.0108608360399372,0.0141714,36,0.46822,backward
19.03406000137329,2.0967459656933003,3.9647644249987386,-1.0572270808894113,0.6857613093831256,2.599723236369921,-174.2188393023033,-0.010915044318840349,0.0141714,36,0.46822,backward
19.169668197631836,2.10887270187421,3.9637942678252727,-0.5265504802996015,0.8659755511146837,1.9087384083968655,-174.90982413027635,-0.010958335446546032,0.0141714,36,0.468071,backward
19.30801010131836,2.112591567856935,3.954254389592385,0.022066694814499042,0.3432918432467073,0.3044832259977702,-176.51407931267545,-0.011058844188796527,0.01456505,37,0.468071,backward
19.44823718070984,2.1049921461766523,3.949888682991245,-0.17819939204622634,-0.1160418730655129,-1.2383604192200763,-178.0569229578933,-0.011155505415745543,0.01456505,37,0.46792,backward
19.58686065673828,2.095775826846287,3.961207182088093,-0.8369484648657498,0.22139337120352537,-3.113085827445054,-179.93164836611828,-0.0112729594809797,0.01456505,37,0.46792,backward
19.72075581550598,2.0996563822764776,3.9658962750496376,-0.944110344076314,0.7107934266119422,2.5022185195631117,-180.59952932628968,-0.011314803120331073,0.01456505,37,0.467769,backward
19.854645013809204,2.1124298780294417,3.96088379637695,-0.308171358845718,0.7455732499506956,1.560452956145205,-181.5412948897076,-0.011373805997998207,0.0149587,38,0.467617,backward
19.998236417770386,2.108549322228439,3.952960846870451,-0.07413401369715736,0.13885103481755978,-0.4260282797848696,-183.52777612563764,-0.01149826171596507,0.0149587,38,0.467617,backward
20.13336992263794,2.095937516653635,3.9531225397095278,-0.6449175404712363,-0.06758485691184386,-2.3912128772089924,-185.49296072306177,-0.011621383170920733,0.0149587,38,0.467466,backward
20.269733428955078,2.0935121695638785,3.96088379637695,-1.1153918845646216,0.49541630759967864,2.836156571597594,-186.5487765814348,-0.011687531452776057,0.0149587,38,0.467466,backward
20.40247893333435,2.1030518683701422,3.9713938326725167,-0.8681322505932024,0.9518130391387051,2.228108803792879,-187.15682434923954,-0.011725626462248853,0.0149587,38,0.467307,backward
20.546687126159668,2.1137233966548807,3.965087810725898,-0.13767043876098667,0.8448572187326074,1.2606942216337054,-188.12423893139874,-0.011786236285395692,0.01535235,39,0.467307,backward
20.699888229370117,2.116472123775658,3.954254389592385,0.26552386856457827,0.5036236195538394,0.3936222047840904,-188.99131094824835,-0.011840559512030887,0.01535235,39,0.467158,backward
20.84012246131897,2.1072558036531888,3.9505354543242523,-0.01753696644349057,-0.09840104899749602,-0.8714669716166126,-190.25640012464905,-0.011919819048387563,0.01535235,39,0.467158,backward
20.980751514434814,2.095614137039134,3.9481100618529217,-0.7139878389135931,-0.17329173901319678,-2.3190123642873095,-191.70394551731974,-0.01201050971179577,0.01535235,39,0.466997,backward
21.124627113342285,2.0978777943570237,3.970423675416882,-0.9449471433901683,0.7352789441902153,2.4824721573875017,-193.1856463028245,-0.012103340256447616,0.01535235,39,0.466838,backward
21.266352891921997,2.114531845802159,3.9683216680709474,-0.2623010493919703,0.957314814364039,1.4787373613359287,-194.18938109887608,-0.012166225589785504,0.01535235,39,0.466838,backward
21.40209650993347,2.116957193273453,3.956841475100198,0.3009198857327007,0.45117720077337853,0.2917013257490624,-195.37641713446294,-0.012240594992017653,0.015746,40,0.46668,backward
21.55172324180603,2.104668766540278,3.951020532827501,-0.12051845821083737,-0.013491970772029694,-0.9499196613829376,-196.61803812159496,-0.012318384214790697,0.015746,40,0.46668,backward
21.699453115463257,2.09448230839452,3.9553862394915598,-0.8547289990917576,0.030278923888665578,-2.7368761219306186,-198.40499458214265,-0.012430339437548621,0.015746,40,0.466528,backward
21.84300446510315,2.1024051091075626,3.964441039272915,-0.8495420790572566,0.7735781777099062,2.367486025124685,-199.58381774226694,-0.012504194292100288,0.015746,40,0.466528,backward
21.997671365737915,2.116148744111444,3.96314749638297,-0.0689167134054333,0.8314940136065047,1.1411089686275446,-200.8101947987641,-0.012581028462141155,0.01613965,41,0.46638,backward
22.14991521835327,2.1106512899399643,3.9566797822534614,0.12427070106586413,0.2503478852306041,-0.04387654977886178,-201.9951803171705,-0.012655269396717388,0.01613965,41,0.46638,backward
22.30361318588257,2.0954524472321756,3.9581350178860912,-0.6879429387990528,0.14556601168335048,-2.817133899665305,-204.76843766705696,-0.012829017695137836,0.01613965,41,0.466228,backward
22.442820072174072,2.095937516653635,3.961368874944165,-1.0799061851676484,0.4905309134737147,2.855133823665265,-205.379355250906,-0.01286729250244097,0.01613965,41,0.466077,backward
22.58597445487976,2.1129149475125093,3.9691301324280857,-0.36572852967786584,0.9123686485088266,1.621604186040828,-206.61288488853043,-0.012944574791297864,0.01613965,41,0.466077,backward
22.7414448261261,2.113885086483944,3.950050375823998,0.14696676833771982,0.31220366809934164,0.07184442798042578,-208.16264464659085,-0.013041669322007215,0.0165333,42,0.465928,backward
22.894474029541016,2.0962608962689164,3.9497269901588252,-0.5810997028333552,-0.06346095513536194,-2.2110253136016897,-210.44551438817297,-0.013184694178006119,0.0165333,42,0.46577,backward
23.035443782806396,2.091895271528392,3.9615305678005694,-1.1897352826409342,0.42018554081421533,2.973466273761675,-211.5442081079892,-0.013253528815480756,0.0165333,42,0.46577,backward
23.19356608390808,2.1061239749101253,3.9641176535484264,-0.7758996664403399,0.8552842135067972,2.216707761455463,-212.3009666202954,-0.013300940752866867,0.0165333,42,0.465618,backward
23.33955955505371,2.1104896001148243,3.956841475100198,-0.11999717767427133,0.6361945079832777,1.0071298785819012,-213.51054450316897,-0.013376722432113077,0.01692695,43,0.465618,backward
23.494208335876465,2.100303141525772,3.951020532827501,-0.4234197443908558,0.08396627709395672,-1.961683435521362,-216.47935781727224,-0.013562722574391445,0.01692695,43,0.46546,backward
23.645562887191772,2.089469924511659,3.96654304651464,-1.238344949553722,0.3372544367895418,3.0809350327737994,-217.7199246561567,-0.01364044575336069,0.01692695,43,0.46546,backward
23.79932737350464,2.1064473545500215,3.9647644249987386,-0.8335470294662272,0.7979697267066743,2.3247633766939835,-218.47609631223654,-0.013687820923415871,0.01692695,43,0.46531,backward
23.93482780456543,2.1143701559723107,3.9605604106671417,-0.021967197190510525,0.7303783745167717,0.9219553988074791,-219.87890429012305,-0.013775708727689927,0.0173206,44,0.465159,backward
24.075918197631836,2.103213558186276,3.9544160824341246,-0.23601022169485025,-0.09274082163249017,-1.2802699901402834,-222.08112967907078,-0.013913681106662848,0.0173206,44,0.465159,backward
24.21671414375305,2.0912485123196487,3.9539310039099034,-1.0321991217996402,-0.03726372891518723,-2.695458749603265,-223.49631843853373,-0.01400234458353437,0.0173206,44,0.465159,backward
24.365869760513306,2.0954524472321756,3.9691301324280857,-1.2176561488713986,0.7146865018224472,2.679358052661967,-224.4046869434481,-0.01405925509062238,0.0173206,44,0.465007,backward
24.510642290115356,2.107902562939247,3.9625007249460062,-0.5759742400197009,0.9075140635324183,1.8985162581310506,-225.185528737979,-0.014108175877992101,0.01771425,45,0.464858,backward
24.653000593185425,2.108387632405847,3.953284232548937,-0.16458006845373616,0.3425451377916777,0.2136657565697454,-226.87037923954034,-0.014213734025255682,0.01771425,45,0.464858,backward
24.804105520248413,2.096099206461178,3.9506971471583356,-0.6810728854132422,-0.16735282328522835,-2.1665376577765434,-229.25058265388665,-0.014362856966606271,0.01771425,45,0.464707,backward
24.959063291549683,2.0902783735123722,3.9579733250366878,-1.2610244711867673,0.25264942360127307,-3.0954037313599483,-230.17944872747006,-0.01442105167390677,0.01771425,45,0.464548,backward
25.09616470336914,2.1019200396626805,3.970747061167423,-0.9489473729512238,1.0418858911367594,2.2226058824513144,-231.1446244208384,-0.014481521227663254,0.01771425,45,0.464548,backward
25.250115871429443,2.1134000169973435,3.9600753321049296,-0.14648789640159005,0.7432268893760929,1.075543864206445,-232.2916864390833,-0.014553386204009906,0.0181079,46,0.46439,backward
25.38987135887146,2.1091960815207655,3.9455229766326463,-0.015292611527377091,-0.05502319702897807,-0.7804457199487713,-234.1476760232385,-0.014669666444697357,0.0181079,46,0.46439,backward
25.531254291534424,2.09723103511944,3.9503737614905017,-0.6235764471950095,-0.060027593954033315,-2.1670245194579416,-235.53425482274767,-0.014756537469144638,0.0181079,46,0.46423,backward
25.67035484313965,2.091895271528392,3.961207182088093,-1.1582108907098971,0.3605566773053248,3.062553833335631,-236.5878617771337,-0.014822547360197847,0.0181079,46,0.46423,backward
25.810811042785645,2.1019200396626805,3.9642793464105033,-0.8364049341348762,0.8690963724393047,2.2382390121682953,-237.41217659830107,-0.014874191791085754,0.0181079,46,0.46408,backward
25.95241665840149,2.116957193273453,3.962824110663821,0.0441075607064148,0.9374918673765209,0.964532334172149,-238.6858832762972,-0.014953991225493688,0.01850155,47,0.46408,backward
26.09267520904541,2.1134000169973435,3.9505354543242523,0.2586862458373853,0.1461178256618691,-0.25415355221954156,-239.9045691626889,-0.015030343533395527,0.01850155,47,0.463923,backward
26.227543354034424,2.0999797619007343,3.948756833171292,-0.3786935271381642,-0.22400533931347888,-1.566935876819838,-241.21735148728916,-0.01511259110955541,0.01850155,47,0.463772,backward
26.369489192962646,2.0954524472321756,3.9594285606933157,-0.9727668443858218,0.3054385241595426,-3.1398935431143453,-242.79030915358365,-0.015211139020378489,0.01850155,47,0.463772,backward
26.50584125518799,2.1049921461766523,3.9702619825421124,-0.7745518801599108,0.9364591571362737,2.1212205466387193,-243.8123803710102,-0.015275173155147714,0.01850155,47,0.46362,backward
26.646785974502563,2.116472123775658,3.963632574964196,0.022841973163847354,0.7802619081586797,0.8451298609924784,-245.08847105665646,-0.015355121950837481,0.0188952,48,0.46362,backward
26.79862070083618,2.109519461168104,3.948756833171292,0.0762021916379261,-0.07250382998333713,-0.700718775590681,-246.6343196932396,-0.015451971444532283,0.0188952,48,0.46362,backward
26.940316438674927,2.0946439982003087,3.949403604494983,-0.6859485169470972,-0.306714532861765,-2.0274123311938173,-247.96101324884276,-0.01553509057800212,0.0188952,48,0.463462,backward
27.07054042816162,2.0914102021215424,3.9658962750496376,-1.1628295191396005,0.34229282484603674,3.0955321789096595,-249.12125404591887,-0.015607781222546238,0.0188952,48,0.463303,backward
27.20771551132202,2.1015966600337355,3.9642793464105033,-0.9067325774201002,0.7716102753097277,2.4058567916566673,-249.81092943317185,-0.015650990312031775,0.0188952,48,0.463303,backward
27.347228050231934,2.1158253644480154,3.9581350178860912,-0.0679328548546421,0.6467099507163596,0.7916520440537321,-251.42513418077476,-0.015752122407908017,0.01928885,49,0.463152,backward
27.488295316696167,2.1117831187214313,3.9461697479297357,0.1176362803999501,0.046909520729789635,-0.4839938174805675,-252.70078004230905,-0.015832043334769615,0.01928885,49,0.463152,backward
27.622519493103027,2.0965842758849775,3.9513439184979977,-0.6333528516758348,-0.08249167268712419,-2.123022346288658,-254.33980857111712,-0.01593473067388534,0.01928885,49,0.462993,backward
27.766618728637695,2.0935121695638785,3.9621773392295268,-1.1422170299291785,0.45312205866167904,2.951603658244219,-255.54836787376385,-0.016010448537712035,0.01928885,49,0.462993,backward
27.924050331115723,2.109519461168104,3.9686450538128,-0.6212933939599684,0.9508788474527374,1.90242129932191,-256.5975502326862,-0.016076181221915672,0.01928885,49,0.462834,backward
28.068949222564697,2.115501984785373,3.952637461193298,0.08149521053734692,0.43281380796778085,0.23302945118165416,-258.26694208082654,-0.016180770863776072,0.0196825,50,0.462834,backward
28.20719814300537,2.111298049242483,3.9505354543242523,0.1009718836523154,0.007722715781074817,-0.5581943361375763,-259.05816586814575,-0.016230342096940614,0.0196825,50,0.462686,backward
28.354480504989624,2.1015966600337355,3.950050375823998,-0.4261989045950404,-0.16953779701470864,-1.6404301602002929,-260.1404016922084,-0.016298145625137605,0.0196825,50,0.462534,backward
28.491918087005615,2.0952907574254125,3.954092696750978,-0.929686051178782,-0.001673948566596998,-2.61404961646551,-261.1140211484736,-0.016359144191982488,0.0196825,50,0.462534,backward
28.630550384521484,2.095775826846287,3.967351510853406,-1.0723405372995773,0.5953976095914076,2.737202165852614,-262.0459546733351,-0.01641753107922621,0.0196825,50,0.462375,backward
28.76364016532898,2.100464831338584,3.973334147219892,-0.8796632028879467,0.9479076913188671,2.2093252996546213,-262.573831539533,-0.016450603274015912,0.0196825,50,0.462375,backward
28.910797357559204,2.1064473545500215,3.965734582184222,-0.4487559269249826,1.0678897489357766,1.621871244822036,-263.1612855943656,-0.016487408059706478,0.02007615,51,0.462217,backward
29.093035459518433,2.1159870542796315,3.9647644249987386,0.060956375409812254,0.8878715756296824,0.8744082669454266,-263.9087485722422,-0.016534237619373435,0.02007615,51,0.462217,backward
29.225769996643066,2.118574091612213,3.966219660781471,0.4230450717893773,0.7044403347626225,0.4258523945499092,-264.3573044446377,-0.0165623402473457,0.0204698,52,0.462068,backward
29.37411904335022,2.1184124017774524,3.9600753321049296,0.4916429952036093,0.5145128444644982,0.20226535233009127,-264.58089148685747,-0.016576348275896005,0.0204698,52,0.461917,backward
29.507286310195923,2.1167955034406583,3.9490802188324725,0.3964014050937394,0.1666613784832465,-0.21009489972850087,-264.993251738916,-0.016602183199630843,0.0204698,52,0.461917,backward
29.641833543777466,2.110327910289881,3.947463290539873,0.09800900537566377,-0.23524440225473658,-0.8701613174937629,-265.65331815668134,-0.016643537247402824,0.0204698,52,0.461768,backward
29.792203187942505,2.1033752480026053,3.951020532827501,-0.32334570788452616,-0.22261668570929888,-1.4754203581741228,-266.2585771973617,-0.01668145753937505,0.0204698,52,0.461768,backward
29.934369325637817,2.0964225860768493,3.952960846870451,-0.8371796337172052,-0.08112628247132783,-2.4254154575534574,-267.20857229674107,-0.0167409760085253,0.0204698,52,0.46161,backward
30.070686101913452,2.095937516653635,3.9641176535484264,-1.0080341066540333,0.48488699251153056,2.880270422102893,-268.1860717242643,-0.016802217660781656,0.0204698,52,0.46161,backward
30.208969593048096,2.1014349702195565,3.9686450538128,-0.8531828202216877,0.8573910849265373,2.2842812774966235,-268.7820608688706,-0.016839557181312137,0.0204698,52,0.461458,backward
30.345046281814575,2.1106512899399643,3.970585368291985,-0.2725796750591486,0.9753444504513405,1.3904650246527885,-269.6758771217144,-0.01689555597025919,0.02086345,53,0.461309,backward
30.487529039382935,2.119705920461045,3.956841475100198,0.30972219062522377,0.7359415649905698,0.5247725383573533,-270.54156960800987,-0.01694979276745198,0.02086345,53,0.461309,backward
30.63484501838684,2.115663674616596,3.9539310039099034,0.3858498871457914,0.1780233755153955,-0.20098748773175576,-271.2673296340989,-0.016995262608034828,0.02086345,53,0.461309,backward
30.773897886276245,2.1061239749101253,3.9505354543242523,-0.09630237453294933,-0.24213604010563658,-1.1194651443086139,-272.1858072906758,-0.017052806467054607,0.02086345,53,0.46115,backward
30.934365272521973,2.0943206185889256,3.9557096251800368,-0.8539663756563263,-0.052038944145853555,-2.4761619847372267,-273.5425041311044,-0.017137805346623614,0.02086345,53,0.460999,backward
31.07360291481018,2.0952907574254125,3.9671898179849845,-1.0785136587341924,0.6035261719727554,2.759988213553115,-274.58953923999366,-0.017203403502728174,0.02086345,53,0.460999,backward
31.21410870552063,2.1062856647299752,3.9723639899401855,-0.656841740863447,1.0580289920577195,1.9262854005078887,-275.4232420530389,-0.01725563610391857,0.02086345,53,0.46084,backward
31.3572781085968,2.116148744111444,3.9586200964363,0.039795460123157204,0.6592455018717298,0.6526183155519788,-276.6969091379948,-0.01733543305776935,0.0212571,54,0.46069,backward
31.49931049346924,2.113561706826014,3.9477866761957325,0.23560665004933234,0.07287693846283066,-0.4039249754093215,-277.75345242895605,-0.01740162691425352,0.0212571,54,0.46069,backward
31.64750099182129,2.0999797619007343,3.948271754682015,-0.4799890461512145,-0.38645708352583347,-1.7141406898066154,-279.06366814335337,-0.017483713688836333,0.0212571,54,0.46054,backward
31.790128707885742,2.092380340936993,3.9641176535484264,-1.0700863209093991,0.2919321969905958,-3.0928535898887617,-280.4423810434355,-0.017570091904117867,0.0212571,54,0.46054,backward
31.943423986434937,2.1017583498481103,3.963309189243045,-0.9074933831699409,0.7533562758738297,2.4556040946127276,-281.17710866611355,-0.017616123576673623,0.0212571,54,0.460388,backward
32.0860595703125,2.114531845802159,3.9629858035232286,-0.08526564047745103,0.7537300818192899,0.9463495229935677,-282.6863632377327,-0.017710680403039858,0.02165075,55,0.460388,backward
32.22568225860596,2.112106498375044,3.951828997006239,0.15568640043738827,0.2773925288024873,-0.10635578398623115,-283.7390685447125,-0.017776633804671843,0.02165075,55,0.460237,backward
32.36493754386902,2.0962608962689164,3.9469782120585784,-0.5646526321415324,-0.23990256541951357,-1.8814150511062524,-285.5141278118325,-0.01788784365227945,0.02165075,55,0.460088,backward
32.50766682624817,2.092703720543701,3.9629858035232286,-1.1587727030895514,0.29563520073866517,-3.1001798914817114,-286.73289265220797,-0.017964200906754435,0.02165075,55,0.460088,backward
32.64957880973816,2.1069324240113345,3.962015646371787,-0.6882705406243084,0.7319654546790926,2.2057398624756925,-287.7101582054301,-0.018025427906471648,0.02165075,55,0.45993,backward
32.794421434402466,2.115340294954346,3.9544160824341246,0.09573735663602777,0.4626633107522523,0.2582919456748943,-289.6576061222309,-0.018147438134559726,0.0220444,56,0.45993,backward
32.962003231048584,2.1024051091075626,3.9503737614905017,-0.23670169394548815,-0.14062149287034573,-1.26292783193555,-291.1788258998414,-0.018242744597154758,0.0220444,56,0.45977,backward
33.09924912452698,2.0933504797594535,3.9571648607946717,-0.979208976642597,0.19750488572341585,-2.9237627549537737,-292.8396608228596,-0.01834679813616133,0.0220444,56,0.45977,backward
33.23467206954956,2.10369862763585,3.965087810725898,-0.8394759443833321,0.8092254331858456,2.3185529857426053,-293.8805303893428,-0.01841201001275168,0.0220444,56,0.45962,backward
33.386372089385986,2.1163104339434526,3.9553862394915598,0.026743817376199106,0.6136218191336279,0.5816535595548055,-295.6174298155306,-0.018520829095062936,0.02243805,57,0.45962,backward
33.524163484573364,2.1059622850904707,3.953284232548937,-0.06965766638664125,0.11790327679977294,-0.5966572430691931,-296.79574061815464,-0.018594651849728937,0.02243805,57,0.459468,backward
33.65928649902344,2.091571891923631,3.953284232548937,-0.909240147341052,0.0759674078155473,-2.680732636753072,-298.87981601183844,-0.018725221972781998,0.02243805,57,0.459468,backward
33.799251317977905,2.0970693453105316,3.9660579679153876,-1.1012498877768508,0.5729578038976598,2.8122523628747227,-299.6700163193902,-0.01877472908356422,0.02243805,57,0.45932,backward
33.95006537437439,2.1129149475125093,3.962824110663821,-0.30021286361910215,0.7417507392466157,1.3246559416303905,-301.15761274063453,-0.018867928997715038,0.0228317,58,0.459165,backward
34.086227893829346,2.113561706826014,3.9497269901588252,0.13507474560200353,0.2286698421034067,-0.20307016986735463,-302.68533885213225,-0.018963643090868374,0.0228317,58,0.459165,backward
34.22799849510193,2.0998180720885085,3.9523140755174757,-0.42391002743529493,-0.08073844074837931,-1.6402769990914883,-304.1225456813564,-0.01905368602938837,0.0228317,58,0.45901,backward
34.37297439575195,2.092380340936993,3.965734582184222,-1.1224339614162375,0.3575268330749774,3.1062186247454493,-305.6592353646991,-0.019149961702358994,0.0228317,58,0.45901,backward
34.51568579673767,2.107740873117439,3.958296710735828,-0.7001952645310362,0.7871354380422815,2.149221293060468,-306.6162326963841,-0.019209918870769626,0.0228317,58,0.458848,backward
34.66253709793091,2.116472123775658,3.958296710735828,0.12094166078458175,0.4854251575664274,0.2718897491776409,-308.49356424026683,-0.019327536213903693,0.02322535,59,0.458848,backward
34.80297088623047,2.10369862763585,3.951020532827501,-0.10620851433326568,0.013089879101806494,-0.8380032387744124,-309.6034572282189,-0.01939707250057155,0.02322535,59,0.458699,backward
34.942161083221436,2.0951290676188443,3.9566797822534614,-0.8277473935351101,-0.015728464423719554,-2.4570162670038034,-311.2224702564482,-0.019498505841688232,0.02322535,59,0.458699,backward
35.084866523742676,2.0996563822764776,3.9675132037221608,-0.9937734110988757,0.6287034245831411,2.677026378867487,-312.3716129177565,-0.01957050117311784,0.02322535,59,0.458538,backward
35.234434366226196,2.113561706826014,3.963309189243045,-0.27319018623201413,0.7817720687060248,1.275595212452907,-313.7730440841711,-0.019658302718303638,0.023619,60,0.45838,backward
35.37445020675659,2.1143701559723107,3.955062853804416,0.23134270690935518,0.20868054639442513,-0.20379174544752318,-315.25243104207146,-0.01975098829854779,0.023619,60,0.45838,backward
35.51503086090088,2.099494692464642,3.9497269901588252,-0.4144740697057465,-0.17241053703186676,-1.5997311309647337,-316.64837042758865,-0.019838445776283,0.023619,60,0.458228,backward
35.654137134552,2.0977161045473354,3.9649261178621513,-0.8765937879110385,0.487614054245301,2.828835121435696,-318.5029894823678,-0.01995464015146394,0.023619,60,0.458228,backward
35.801321268081665,2.112268188202145,3.9605604106671417,-0.3120366997806986,0.760274409992271,1.3534825699695237,-319.97834203383394,-0.02004707297072538,0.023619,60,0.458076,backward
35.936821937561035,2.115016915292882,3.952637461193298,0.2882250612561495,0.21874470633176768,-0.17445764723223156,-321.5062822510357,-0.0201428004778887,0.02401265,61,0.458076,backward
36.0822811126709,2.1007882109647933,3.9506971471583356,-0.3652541898062667,-0.23110734697927945,-1.5164150974069903,-322.84823970121045,-0.020226875914858167,0.02401265,61,0.457917,backward
36.220948219299316,2.095937516653635,3.9642793464105033,-0.9962179241934271,0.40302160145251875,3.0248275797662347,-324.5901823312168,-0.020336010960663432,0.02401265,61,0.457917,backward
36.35549879074097,2.112753257684624,3.9649261178621513,-0.3920313107225061,0.8746949298460172,1.549619799634505,-326.0653901113485,-0.02042843470980629,0.02401265,61,0.45776,backward
36.49667525291443,2.1172805729396322,3.949888682991245,0.3361543359246443,0.1384718388137479,-0.2673273266543675,-327.88233723763744,-0.020542268888060804,0.0244063,62,0.45776,backward
36.630664110183716,2.1012732804055725,3.953284232548937,-0.2768339156990594,-0.18258642286794574,-1.348580858028233,-328.9635907690113,-0.02061001087430128,0.0244063,62,0.4576,backward
36.78469491004944,2.1011115905917843,3.963955960686682,-0.7893132385198288,0.4158462864603747,2.933625231499625,-330.9645699866631,-0.020735374910298844,0.0244063,62,0.45745,backward
36.92358469963074,2.1163104339434526,3.959590253545719,-0.09258745854870837,0.7219900106652638,0.9012023428722229,-332.99699287529046,-0.020862708934522824,0.0244063,62,0.45745,backward
37.06488752365112,2.1187357814471706,3.953284232548937,0.4113067813891508,0.35574809172417776,0.02061408365758594,-333.8775811345051,-0.020917878971899208,0.02479995,63,0.4573,backward
37.21241545677185,2.1087110120512267,3.9508588399927524,0.032488901595215086,-0.13045380414405888,-0.8417651847744423,-334.73996040293713,-0.020971908191542047,0.02479995,63,0.4573,backward
37.35394787788391,2.09836286378726,3.9505354543242523,-0.6280237979210683,-0.24169657511614062,-1.9730129212266523,-335.8712081393893,-0.0210427823818903,0.02479995,63,0.45714,backward
37.491554737091064,2.0999797619007343,3.9642793464105033,-0.8862738079787037,0.41504698812879526,2.9696250966182824,-337.21175542872396,-0.021126769470388804,0.02479995,63,0.45714,backward
37.63238453865051,2.111621428894919,3.9702619825421124,-0.296277700120536,0.9787518510905008,1.4251983487926179,-338.7561821765496,-0.021223529880842855,0.02479995,63,0.456982,backward
37.764892578125,2.1188974712823243,3.952960846870451,0.35485379056093513,0.5699037762414524,0.3040452744057558,-339.8773352509365,-0.021293771627052073,0.0251936,64,0.456982,backward
37.89959096908569,2.1080642527612508,3.951990689842985,0.05447436750090384,-0.0437146338252646,-0.7189398369271393,-340.90032036226944,-0.021357863018502215,0.0251936,64,0.45683,backward
38.03626322746277,2.095614137039134,3.9497269901588252,-0.7276785231139621,-0.21841252969564995,-2.1355907779537437,-342.31697130329604,-0.02144661810301292,0.0251936,64,0.45683,backward
38.172043800354004,2.09723103511944,3.9670281251168973,-1.0515777331841543,0.5317797804750284,2.846689643809333,-343.61787618871256,-0.021528121541652397,0.0251936,64,0.456672,backward
38.30662989616394,2.1159870542796315,3.9600753321049296,-0.23191977007529585,0.6508282344951648,1.1124936836522408,-345.35207214886964,-0.02163677124818513,0.02558725,65,0.456514,backward
38.44336128234863,2.115178605123516,3.953445925388679,0.29069187710901206,0.3135325902800187,-0.03219657274846768,-346.4967624052703,-0.021708487630466143,0.02558725,65,0.456514,backward
38.595128297805786,2.0986862434083933,3.9503737614905017,-0.41372249439816444,-0.20846862174687197,-1.6332920227802639,-348.09785785530215,-0.021808798411239207,0.02558725,65,0.456362,backward
38.73012113571167,2.1007882109647933,3.9683216680709474,-0.7945771990335625,0.6653753929380176,2.457558540033815,-350.29019259966765,-0.021946151128042473,0.02558725,65,0.456362,backward
38.86624026298523,2.117603952606598,3.952960846870451,0.07428984049982693,0.5558411938444981,0.45164466326354014,-352.2961064764379,-0.022071824327062773,0.0259809,66,0.45621,backward
39.003833055496216,2.1062856647299752,3.951020532827501,0.03724490356750629,-0.028126543912771945,-0.7169694246796204,-353.4647205643811,-0.022145039569527958,0.0259809,66,0.45621,backward
39.167861223220825,2.0990096230303075,3.9686450538128,-0.7829733810869108,0.5075472915833023,2.7286658987017924,-356.30227054817925,-0.02232281588783036,0.0259809,66,0.456052,backward
39.30633187294006,2.1171188831064445,3.9587817892870367,-0.08917119127868134,0.6038114988214512,0.7505694901643619,-358.2803669567167,-0.022446746285097335,0.0259809,66,0.456052,backward
39.43879318237305,2.110004530640582,3.954901160961344,0.107810665585863,0.13412764258710447,-0.39204403375246843,-359.42298048063356,-0.02251833255729846,0.02637455,67,0.455894,backward
39.594865798950195,2.095775826846287,3.9581350178860912,-0.82464679506496,0.1449042399239175,-2.750541706962469,-361.7814781538436,-0.022666095604808492,0.02637455,67,0.455894,backward
39.757648229599,2.115178605123516,3.9684833609417067,-0.1923290957599499,0.80216745698959,1.1962795427428004,-364.11784221131785,-0.02281247195155953,0.02637455,67,0.455735,backward
39.89483308792114,2.1114597390686027,3.9523140755174757,0.1854472200708678,0.1431789613507282,-0.3292478066973393,-365.64336956075795,-0.02290804828931626,0.0267682,68,0.455735,backward
40.03874754905701,2.0969076555018185,3.9600753321049296,-0.6416274858693924,0.1544886826005966,-2.5671152336927063,-367.8812369877533,-0.023048253689852527,0.0267682,68,0.455576,backward
40.173651456832886,2.1074174934744097,3.9642793464105033,-0.5712366280253657,0.6997451173692801,2.063155645038996,-369.5341514162012,-0.023151810999234287,0.0267682,68,0.455417,backward
40.31548714637756,2.120190989970638,3.9481100618529217,0.31229842812552333,0.18708235024731645,-0.21197535726271144,-371.8092824185029,-0.023294351012821454,0.02716185,69,0.455417,backward
40.45346164703369,2.105153835995133,3.95247576835522,-0.007564836927844919,-0.22240349401283901,-0.996962711941926,-372.5942697731821,-0.023343531525103392,0.02716185,69,0.455266,backward
40.58816075325012,2.0946439982003087,3.9591051749895096,-0.8727833162293431,0.1224251251032447,-2.7602839406793565,-374.3575910019195,-0.02345400596883806,0.02716185,69,0.455266,backward
40.72913455963135,2.1061239749101253,3.9649261178621513,-0.6749184923949081,0.6874268737168935,2.271596465346416,-375.60889590307335,-0.02353240190183344,0.02716185,69,0.455117,backward
40.86484122276306,2.1187357814471706,3.9547394681186043,0.23401920626835024,0.5040507809257435,0.2803323804474375,-377.60015998797235,-0.023657157271713237,0.0275555,70,0.455117,backward
41.0086944103241,2.107740873117439,3.948756833171292,0.03277162163269061,-0.040706415439627074,-0.7513181573776263,-378.6318105257974,-0.02372179156377379,0.0275555,70,0.454966,backward
41.14933490753174,2.0970693453105316,3.9586200964363,-0.7523867730633769,-0.007524095134295723,-2.435046259716981,-380.31553862813684,-0.023827279391218346,0.0275555,70,0.454966,backward
41.292031049728394,2.108549322228439,3.9678365894606733,-0.5502827811274622,0.7378126854754625,1.987996174589311,-382.1756815010102,-0.0239438198410233,0.0275555,70,0.454814,backward
41.43338584899902,2.1203526798075627,3.955062853804416,0.29563567058186035,0.6137633418388392,0.40630601568770724,-383.7573716599118,-0.024042914854238998,0.02794915,71,0.454663,backward
41.584481716156006,2.1090343916973895,3.9469782120585784,0.19862035281175597,-0.03855224945639198,-0.584466878465418,-384.74814455406494,-0.0241049881070106,0.02794915,71,0.454663,backward
41.72155499458313,2.0967459656933003,3.9603987178127373,-0.6839887812103173,-0.04846215081995867,-2.2926750001931864,-386.4563526757927,-0.02421200964055502,0.02794915,71,0.454512,backward
41.85739088058472,2.1043453869046864,3.9713938326725167,-0.6751460065475345,0.7615554185985755,2.1942280547589177,-388.25263492802014,-0.024324549136689463,0.02794915,71,0.454512,backward
42.01011872291565,2.119705920461045,3.9625007249460062,0.18240409627634852,0.5755683235330725,0.42974276018334523,-390.0171202225957,-0.024435096510712632,0.0283428,72,0.45436,backward
42.14719605445862,2.114046776313203,3.9479483690241612,0.37143030734593047,-0.030549868319161837,-0.45896217118197763,-390.905825153961,-0.024490775068502772,0.0283428,72,0.45436,backward
42.28197717666626,2.098524553597729,3.954254389592385,-0.44776429191796197,-0.10797356548520175,-1.797263900241617,-392.2441268830207,-0.024574621469633483,0.0283428,72,0.454202,backward
42.41728234291077,2.0973927249285436,3.9684833609417067,-0.912417475714008,0.5933343346422869,2.688557884926568,-394.0414904050321,-0.024687228708772414,0.0283428,72,0.454202,backward
42.555447578430176,2.111621428894919,3.9616922606573084,-0.31776496179043895,0.8324757805211072,1.4958938175352992,-395.23415447242337,-0.024761950714757515,0.0283428,72,0.454043,backward
42.690818309783936,2.116957193273453,3.949403604494983,0.28105113813925536,0.2644523206593821,-0.10014811186913375,-396.83019640182783,-0.024861944885674635,0.02873645,73,0.454043,backward
42.82463240623474,2.100949900778191,3.9468165192321445,-0.2504869544899396,-0.23473117846155073,-1.3992440883822095,-398.1292923783409,-0.024943334993741323,0.02873645,73,0.453884,backward
42.96540880203247,2.0933504797594535,3.9618539535143804,-0.9926898864885654,0.24894173880702247,-3.0303735339655313,-399.7604218239242,-0.0250455274446818,0.02873645,73,0.453733,backward
43.10568380355835,2.1070941138321637,3.9688067466842276,-0.6450338740950197,0.90696805504154,2.031108178897583,-400.9821254182407,-0.025122068816038956,0.02873645,73,0.453733,backward
43.26818108558655,2.1180890221085207,3.9537693110691623,0.29064962564372526,0.3153221203691592,-0.018685709860205117,-403.0319193069985,-0.025250491156756413,0.0291301,74,0.453574,backward
43.41163754463196,2.1017583498481103,3.950050375823998,-0.23546222770679132,-0.21815512604165543,-1.3649982138642345,-404.3782318110025,-0.025334839443698638,0.0291301,74,0.453574,backward
43.55205321311951,2.0988479332192527,3.963632574964196,-0.795450289460541,0.48165213310575283,2.7950238996024046,-406.50139500471545,-0.025467858469932048,0.0291301,74,0.453418,backward
43.689252853393555,2.115501984785373,3.9616922606573084,-0.10349678983735348,0.6462756667330137,0.913067374736194,-408.38335152958166,-0.02558576557433769,0.0291301,74,0.453418,backward
43.843103647232056,2.112591567856935,3.9531225397095278,0.2705055360193302,0.13399266242980198,-0.2989891011070287,-409.5954080054249,-0.02566170254076306,0.02952375,75,0.45326,backward
43.995511293411255,2.0970693453105316,3.958458403585897,-0.5929443623727292,0.007828261335260043,-2.241008924149999,-411.53742782846786,-0.02578337269148539,0.02952375,75,0.45326,backward
44.137027740478516,2.1056389054517486,3.970423675416882,-0.6467946731451426,0.7243998924803354,2.2053740751313127,-413.37423013636607,-0.02589845082354015,0.02952375,75,0.4531,backward
44.281227588653564,2.119059161117675,3.9591051749895096,0.2268408372323806,0.5597113162224638,0.38924916826725325,-415.19035504323017,-0.02601223348864317,0.0299174,76,0.45295,backward
44.41344451904297,2.105153835995133,3.9490802188324725,-0.030808699264720872,-0.17461893039661905,-1.0111196334209418,-416.5907238449184,-0.026099968475251742,0.0299174,76,0.45295,backward
44.58203148841858,2.100464831338584,3.96088379637695,-0.7463008758463927,0.39025560975635804,2.9675756336718777,-418.8952138850051,-0.026244347871995546,0.0299174,76,0.45279,backward
44.72906231880188,2.1177656424403755,3.9618539535143804,0.019301742610846447,0.67703011418977,0.7722325751017043,-421.0905569435752,-0.026381889063724944,0.03031105,77,0.45279,backward
44.86386680603027,2.1180890221085207,3.948271754682015,0.5021612779821956,0.06652270800508017,-0.2977331366166037,-422.16052265529356,-0.02644892385290053,0.03031105,77,0.452632,backward
45.00408172607422,2.1074174934744097,3.944552819696982,0.029277476362055313,-0.3755959485783577,-1.0921819307887226,-422.95497144946563,-0.02649869713707671,0.03031105,77,0.452632,backward
45.15571975708008,2.098201173976986,3.9497269901588252,-0.5999133770973827,-0.13489023039023149,-2.111159126744355,-423.9739486454213,-0.02656253742724444,0.03031105,77,0.45248,backward
45.299989223480225,2.09836286378726,3.959913639251526,-0.859251080122852,0.18426620767370389,-2.9069911421401105,-424.76978066081705,-0.02661239737208843,0.03031105,77,0.45233,backward
45.439340591430664,2.100303141525772,3.9647644249987386,-0.7688559687122711,0.5693778797317418,2.5977789271090077,-425.54819589874745,-0.026661166132427416,0.03031105,77,0.45233,backward
45.57292604446411,2.1061239749101253,3.9625007249460062,-0.4626394812236788,0.8427744189392274,1.7939500282980505,-426.3520247975585,-0.026711527092759972,0.03031105,77,0.45218,backward
45.713770389556885,2.1087110120512267,3.9637942678252727,-0.2039796046288359,0.9193187250505739,1.3432355095936472,-426.8027393162629,-0.026739764962823303,0.0307047,78,0.45218,backward
45.852776527404785,2.114208466142659,3.9688067466842276,0.07968039992365754,0.9987075165263446,1.0125224777028472,-427.1334523481537,-0.026760484578533996,0.0307047,78,0.45203,backward
46.003401041030884,2.119059161117675,3.963632574964196,0.3847779383037046,0.7592931919459068,0.5364054545713075,-427.60956937128526,-0.026790313949624098,0.03109835,79,0.45203,backward
46.15290188789368,2.12180788834874,3.958458403585897,0.6078561387670586,0.6485323194680359,0.32277433075840894,-427.8232004950982,-0.026803698226511952,0.03109835,79,0.45187,backward
46.29142093658447,2.1234247867465315,3.9560330108698456,0.8034465581518532,0.5179257066942456,0.15781668451149902,-427.9881581413451,-0.02681403304464486,0.031492,80,0.45187,backward
46.43593740463257,2.1222929578660095,3.9539310039099034,0.8330955291771376,0.17933656279448268,-0.14010497835781244,-428.2860798042144,-0.026832698237036132,0.031492,80,0.451711,backward
46.579835653305054,2.117603952606598,3.950050375823998,0.596964423925463,-0.049716929924478744,-0.40925290296417305,-428.5552277288208,-0.02684956071607208,0.031492,80,0.451711,backward
46.718536615371704,2.108225942583451,3.9505354543242523,0.08087785634983675,-0.21502122160885548,-0.9781633922078548,-429.12413821806445,-0.026885203722468037,0.031492,80,0.451553,backward
46.85746216773987,2.103213558186276,3.953445925388679,-0.3563583465886359,-0.15495641535700055,-1.7174592174613752,-429.8634340433179,-0.026931521599051822,0.031492,80,0.451401,backward
46.99631977081299,2.0990096230303075,3.9629858035232286,-0.7692770138087124,0.2350256183801338,-2.962795645018398,-431.1087704708749,-0.027009543599158622,0.031492,80,0.451401,backward
47.14841365814209,2.1017583498481103,3.963955960686682,-0.739331682117804,0.5968427612345653,2.5914374144868213,-431.83772271854923,-0.027055213436712054,0.031492,80,0.451243,backward
47.29663705825806,2.109842840816227,3.970747061167423,-0.3549224768706298,1.052286390770486,1.651780494130422,-432.77737963890564,-0.027114084205058748,0.031492,80,0.451243,backward
47.43678307533264,2.119382540788967,3.9603987178127373,0.26901657855293454,0.7235313700681044,0.6058661532550579,-433.823293979781,-0.027179612143541653,0.03188565,81,0.451084,backward
47.58294224739075,2.1163104339434526,3.9477866761957325,0.44314715738608,0.10413498540401464,-0.3062762585870584,-434.7354363916231,-0.027236759090968364,0.03188565,81,0.451084,backward
47.71827268600464,2.100464831338584,3.954254389592385,-0.31442503792568804,-0.19102673243846344,-1.6314988589507957,-436.0606589919868,-0.027319786067116443,0.03188565,81,0.450933,backward
47.86777853965759,2.099171312841557,3.9658962750496376,-0.8137236914480493,0.5436131925665568,2.7548348368078117,-437.95751060340785,-0.027438626368704026,0.03188565,81,0.450933,backward
48.00631332397461,2.1205143696446838,3.9621773392295268,0.17500966106371946,0.6570371938857982,0.6120476828167885,-440.1002977573989,-0.027572874862410668,0.0322793,82,0.450784,backward
48.165939807891846,2.09723103511944,3.963309189243045,-0.5625982645933713,0.1914370492968512,-2.6752254363611616,-443.3875708765769,-0.027778826939279348,0.0322793,82,0.450632,backward
48.30502486228943,2.119544230624907,3.954092696750978,0.23330670440111567,0.35079010932642396,0.03585427049922497,-446.95967647689605,-0.028002624153720707,0.0322793,82,0.450632,backward
48.44855856895447,2.0975544147378415,3.959590253545719,-0.5368915665632837,0.2762366600308494,-2.930910239719315,-449.9264409871146,-0.028188495935683434,0.03267295,83,0.45048,backward
48.59352087974548,2.119059161117675,3.9634708821034534,0.04907605033979691,0.7080180919605822,0.8448540591609324,-452.43386199541396,-0.028345589230192703,0.03267295,83,0.45048,backward
48.748372316360474,2.1062856647299752,3.949403604494983,0.07439716710519392,-0.06577619673691873,-0.8455484325460244,-454.1242644871209,-0.02845149521709716,0.0330666,84,0.45033,backward
48.88792300224304,2.09723103511944,3.962015646371787,-0.7233194852167569,0.3013032357529826,-3.0794760479105396,-456.3581921024854,-0.028591453783142217,0.0330666,84,0.45033,backward
49.024879693984985,2.1114597390686027,3.9649261178621513,-0.360988622772526,0.7451297853824632,1.7570430023677623,-457.8048583593867,-0.028682089367513486,0.0330666,84,0.450178,backward
49.16372799873352,2.120837749319517,3.9479483690241612,0.3957454272136297,0.26272015409143307,-0.10545606132163306,-459.66735742307606,-0.028798777435838252,0.03346025,85,0.45003,backward
49.331146478652954,2.1070941138321637,3.944714512518762,0.1029518312629421,-0.24087945909652161,-0.9890705450979762,-460.5509719068524,-0.028854137070248698,0.03346025,85,0.45003,backward
49.490070819854736,2.0978777943570237,3.9537693110691623,-0.6163986347271176,-0.08257093427384489,-2.2691786228804416,-461.83107998463487,-0.028934337560952553,0.03346025,85,0.44987,backward
49.6231427192688,2.1030518683701422,3.9634708821034534,-0.689721883194932,0.6121922733021388,2.534643780842795,-463.3104428880912,-0.029027021634153476,0.03346025,85,0.44987,backward
49.756123781204224,2.1158253644480154,3.9723639899401855,-0.09693528616421682,1.0605832286008747,1.3255410209180514,-464.51954564801594,-0.029102773546308688,0.0338539,86,0.449712,backward
49.90378212928772,2.1187357814471706,3.9508588399927524,0.49776710945960395,0.3591852306868881,0.029532681131232592,-465.81555398780273,-0.0291839702097867,0.0338539,86,0.449712,backward
50.05433654785156,2.1080642527612508,3.9506971471583356,0.14887314068298138,-0.05911942435547746,-0.7576347768753661,-466.6027214458093,-0.029233287308470746,0.0338539,86,0.449553,backward
50.19947290420532,2.0986862434083933,3.9581350178860912,-0.608467456704877,0.009501342459425372,-2.388633797880821,-468.2337204668148,-0.02933547158813621,0.0338539,86,0.449402,backward
50.36846613883972,2.1014349702195565,3.9691301324280857,-0.7827802792140408,0.7284835831789384,2.4788474219651637,-469.6494245541484,-0.029424167350991095,0.0338539,86,0.449402,backward
50.51472091674805,2.1163104339434526,3.9654111964543923,-0.08677795555250473,0.8889362259002439,1.244251914276104,-470.88402006183753,-0.029501516418039376,0.03424755,87,0.44925,backward
50.65522384643555,2.1188974712823243,3.9503737614905017,0.4365295547135822,0.1594067337736789,-0.24606214898318576,-472.3743341250969,-0.02959488659611318,0.03424755,87,0.44925,backward
50.808847427368164,2.103213558186276,3.951828997006239,-0.14541212550142688,-0.22848982603611123,-1.3612913321098425,-473.48956330822347,-0.029664757202577087,0.03424755,87,0.449102,backward
50.946017026901245,2.0988479332192527,3.9597519463984563,-0.7257038420206531,0.23626810787613353,-2.943708254197901,-475.07198023031157,-0.02976389774848271,0.03424755,87,0.44895,backward
51.08606767654419,2.1119448085481394,3.9637942678252727,-0.3205585255357593,0.8079666176417255,1.676459730698465,-476.7349975525948,-0.02986808801773496,0.03424755,87,0.44895,backward
51.226786375045776,2.123586476587394,3.9576499393388818,0.5107754931405205,0.5230839860552359,0.23703261193924932,-478.174424671354,-0.02995827006037694,0.0346412,88,0.4488,backward
51.38257360458374,2.1109746695908314,3.950212068657083,0.2960375636397508,-0.03886261773798329,-0.5924360697159576,-479.00389335300923,-0.03001023738754784,0.0346412,88,0.4488,backward
51.52449178695679,2.099171312841557,3.963955960686682,-0.559918562108981,0.20898761917853034,-2.7596711591506726,-481.1711284424439,-0.03014601757725211,0.0346412,88,0.44865,backward
51.65648651123047,2.1130766373405914,3.966704739381725,-0.28064169686767815,0.7137122528793372,1.6249829305206478,-483.0696596599521,-0.030264963108417354,0.0346412,88,0.44865,backward
51.789714336395264,2.125526754693115,3.9597519463984563,0.5861316951481693,0.49465799670697036,0.18712016518092867,-484.5075224252918,-0.030355047142216138,0.03503485,89,0.44849,backward
51.94608807563782,2.1106512899399643,3.949565297326738,0.36757977790960733,-0.06725153713479182,-0.5784562352871305,-485.2730988257599,-0.030403011532141082,0.03503485,89,0.44834,backward
52.099326372146606,2.099171312841557,3.958296710735828,-0.5355502170841817,0.1387082131748721,-2.556421592116126,-487.25106418258895,-0.030526933718842478,0.03503485,89,0.44834,backward
52.25808548927307,2.1132383271688693,3.9679982823304307,-0.26808610806910615,0.7071016453998483,1.6221820110514373,-489.35564588660094,-0.030658788589784713,0.03503485,89,0.44818,backward
52.40928268432617,2.1214845086715446,3.952960846870451,0.5510395619334156,0.23622295786740827,-0.12111203556687343,-491.09893993321924,-0.030768008303656138,0.0354285,90,0.44818,backward
52.54690909385681,2.1062856647299752,3.949565297326738,0.04906708895715289,-0.15175603247604774,-1.033628516723028,-492.01145641437546,-0.03082517868702788,0.0354285,90,0.44803,backward
52.7003698348999,2.1019200396626805,3.966704739381725,-0.564995496616882,0.5970168418606636,2.452001824141999,-494.80901138069004,-0.031000449263757706,0.0354285,90,0.44803,backward
52.83217525482178,2.116957193273453,3.962824110663821,-0.003885035347682767,0.8396452691455298,1.1355697855547622,-496.1254434192773,-0.03108292549940171,0.0354285,90,0.447878,backward
52.97471046447754,2.1188974712823243,3.9597519463984563,0.5681740019654423,0.40338047803502874,0.08608532433459447,-497.1749278804975,-0.031148677110720134,0.03582215,91,0.44773,backward
53.11859965324402,2.1022434192924067,3.952152382680064,-0.16466116598872707,-0.023470051461239632,-1.3923813088446817,-498.6533945136768,-0.031241305031384198,0.03582215,91,0.44773,backward
53.260611057281494,2.103213558186276,3.9654111964543923,-0.6134239538024585,0.4647347776618786,2.801342821304789,-500.7428556907069,-0.031372212580998884,0.03582215,91,0.447578,backward
53.41522693634033,2.120837749319517,3.96460273213566,0.20876353361309785,0.6882656693220857,0.679225267716857,-502.86497324429484,-0.03150516609647381,0.0362158,92,0.447578,backward
53.551677227020264,2.117603952606598,3.9476249833676365,0.5545589836543915,0.003611061483674644,-0.40000025262311634,-503.9441987646348,-0.03157278102509868,0.0362158,92,0.447427,backward
53.71385383605957,2.1027284887384616,3.952637461193298,-0.21005055970519904,-0.09730600055084322,-1.546985336277113,-505.09118384828884,-0.03164464118138987,0.0362158,92,0.447427,backward
53.84254431724548,2.1015966600337355,3.966219660781471,-0.6314392528211163,0.382387667650818,3.0026372686166463,-506.8247465505747,-0.03175325121346628,0.0362158,92,0.447275,backward
53.97709846496582,2.1056389054517486,3.961207182088093,-0.447028099107689,0.6121438778736764,2.228897522850022,-507.59848629634126,-0.0318017270479404,0.0362158,92,0.447124,backward
54.13379430770874,2.116148744111444,3.9688067466842276,0.04882409010360348,0.7980665256672385,1.0389876527620756,-508.7883961664292,-0.0318762764997646,0.03660945,93,0.447124,backward
54.270899295806885,2.122616337545174,3.9531225397095278,0.6111822124152585,0.35830973203488437,0.029835565657896267,-509.79754825353336,-0.031939501233664236,0.03660945,93,0.446965,backward
54.41707992553711,2.1209994391572287,3.957488246490479,0.7551293663648618,0.07106229972355037,-0.2638762551594956,-510.09126007435077,-0.031957902673795675,0.03660945,93,0.446965,backward
54.56068134307861,2.1069324240113345,3.950050375823998,0.08171494126546046,-0.1859512881299476,-1.063043170053595,-510.8904269892448,-0.03200797155457316,0.03660945,93,0.446807,backward
54.697951316833496,2.100303141525772,3.9591051749895096,-0.5829807719655007,0.020840734352938328,-2.4664819250321464,-512.2938657442234,-0.032095898877879385,0.03660945,93,0.446807,backward
54.8373441696167,2.108387632405847,3.9691301324280857,-0.4647929533310182,0.7231897343686443,2.140167158148949,-513.9704019682218,-0.03220093612448468,0.03660945,93,0.446658,backward
54.9766583442688,2.121161128995137,3.9566797822534614,0.3274512104051841,0.6051386147436103,0.4768584485556041,-515.6337106778152,-0.032305144649543344,0.0370031,94,0.446658,backward
55.12080383300781,2.116148744111444,3.948756833171292,0.5291769869280577,-0.05358430974128559,-0.48191033422244034,-516.5924794605933,-0.03236521280174463,0.0370031,94,0.446497,backward
55.25852632522583,2.100949900778191,3.955871318024774,-0.2969609768111763,-0.07387144092965962,-1.8176676961183784,-517.9282368224891,-0.03244889979485456,0.0370031,94,0.446497,backward
55.39834403991699,2.1101662204651337,3.9678365894606733,-0.32008105102750484,0.6780466796678775,1.898778957400697,-520.4949754761496,-0.032609709419529946,0.0370031,94,0.446338,backward
55.53873109817505,2.1240715461111637,3.952637461193298,0.5815863629604979,0.3603819733505797,0.043628900136680096,-522.3501255334136,-0.03272593706272988,0.03739675,95,0.44619,backward
55.67960047721863,2.1020817294774456,3.949565297326738,-0.08652437968869504,-0.09735783100975749,-1.3294723236409534,-523.7232267571911,-0.0328119636989525,0.03739675,95,0.44619,backward
55.830893754959106,2.108225942583451,3.9594285606933157,-0.44045050663414076,0.5974738618753633,2.306709219719794,-526.37023052101,-0.032977802040603285,0.03739675,95,0.44603,backward
55.98033833503723,2.1203526798075627,3.9503737614905017,0.44241574734128203,0.29042168926627276,-0.05690931917874263,-528.7338490599085,-0.033125885917227815,0.0377904,96,0.44603,backward
56.12997126579285,2.1001414517131556,3.95247576835522,-0.2435964583824679,-0.0471248052523226,-1.7239222424101985,-530.4008619831399,-0.033230326516246946,0.0377904,96,0.44588,backward
56.276387214660645,2.1059622850904707,3.968968439555989,-0.5153373193842083,0.6516123250003806,2.3518917927262937,-532.6082332551831,-0.03336862129170851,0.0377904,96,0.44588,backward
56.42946124076843,2.122454647705493,3.9581350178860912,0.3263110806452807,0.5898539386854408,0.47233663684246535,-534.4877884110668,-0.03348637794712152,0.03818405,97,0.44572,backward
56.587090730667114,2.113561706826014,3.9463314407548395,0.4050639064073442,-0.13676354327739626,-0.6669157566561298,-535.6270408045654,-0.03355775363998677,0.03818405,97,0.445571,backward
56.75389575958252,2.0990096230303075,3.9587817892870367,-0.4863459042543128,0.08102510521704383,-2.476257320708012,-537.4363823686172,-0.03367111131955021,0.03818405,97,0.445571,backward
56.90300703048706,2.110327910289881,3.965087810725898,-0.300575782904476,0.7312853731249648,1.8492007128268881,-539.3941096422619,-0.03379376556315332,0.03818405,97,0.44542,backward
57.04463577270508,2.123586476587394,3.9581350178860912,0.48495455020477485,0.5294725353493532,0.29677931530273954,-540.9465310397861,-0.03389102684915058,0.0385777,98,0.445269,backward
57.18490743637085,2.1184124017774524,3.956841475100198,0.6469410925133948,0.20743724322110857,-0.14386412780686478,-541.3871744828956,-0.03391863375279894,0.0385777,98,0.445269,backward
57.32623744010925,2.1061239749101253,3.9484334475114418,-0.03461183609189451,-0.1370879109177268,-1.2894217976506885,-542.5327321527395,-0.0339904044796974,0.0385777,98,0.445269,backward
57.465922594070435,2.1027284887384616,3.96088379637695,-0.5342182993661186,0.2915562766211913,-3.0635342349609895,-544.3068445900498,-0.034101555007145505,0.0385777,98,0.44511,backward
57.60150504112244,2.1132383271688693,3.967351510853406,-0.13967778824416038,0.8940916411431633,1.5150699479873957,-546.011425714281,-0.03420834930442445,0.0385777,98,0.44495,backward
57.74134588241577,2.123586476587394,3.9605604106671417,0.6023975760781695,0.7634552930940288,0.515185313407057,-547.0113103488613,-0.034270993419974055,0.03897135,99,0.44495,backward
57.87893581390381,2.1205143696446838,3.9497269901588252,0.7457228760462051,-0.051187049063929665,-0.3963587940048499,-547.9228544562734,-0.03432810288282449,0.03897135,99,0.444792,backward
58.018309354782104,2.1056389054517486,3.9492419116635613,0.012827066145683791,-0.25304818825837494,-1.2907804480885703,-548.8172761103572,-0.03438413960097249,0.03897135,99,0.444792,backward
58.16834831237793,2.10369862763585,3.9607221035218796,-0.49231340182355293,0.3914385492846681,2.932654890573683,-550.8770260788745,-0.03451318570346135,0.03897135,99,0.444634,backward
58.31191420555115,2.117442262773017,3.9605604106671417,0.023405393424430137,0.6417208582509552,1.0581438107812116,-552.7515371586669,-0.034630626340731295,0.03897135,99,0.444634,backward
58.46914291381836,2.121969578187633,3.9578116321876187,0.5969608174828296,0.484133743476825,0.2082331251222066,-553.601447844326,-0.03468387438691376,0.039365,100,0.44448,backward
58.6084840297699,2.112268188202145,3.950212068657083,0.4037030672496975,-0.07466341801092552,-0.6295537419951767,-554.4392347114432,-0.03473636285957807,0.039365,100,0.44448,backward
58.768970251083374,2.09836286378726,3.9579733250366878,-0.49282836238663064,0.050219089887417676,-2.485468463302959,-556.295149432751,-0.03485263841000757,0.039365,100,0.444324,backward
58.906800985336304,2.1059622850904707,3.968159975200522,-0.5707149984091417,0.7211581473028671,2.384120049610617,-557.7087462270171,-0.03494120214812094,0.039365,100,0.444324,backward
59.06382989883423,2.1184124017774524,3.9555479323356315,0.16281145559067436,0.6180056910773688,0.7556856050690288,-559.3371806715587,-0.03504322575362583,0.03975865,101,0.444163,backward
59.21440029144287,2.1119448085481394,3.95247576835522,0.256686195682802,0.10449166501586887,-0.5049909149879338,-560.5978571916156,-0.03512220883113483,0.03975865,101,0.444004,backward
59.34807634353638,2.0967459656933003,3.957488246490479,-0.5851145778632699,0.11943332160975005,-2.7112341989316104,-562.8041004755593,-0.03526043293662668,0.03975865,101,0.444004,backward
59.49394726753235,2.0988479332192527,3.96767489659125,-0.8938042888837999,0.675160977454818,2.7000131277459403,-563.6760384560613,-0.035315061022421386,0.03975865,101,0.443845,backward
59.632768869400024,2.114531845802159,3.963632574964196,-0.2174399961536321,0.755166775841054,1.717107762109647,-564.6589438216976,-0.035376641363962576,0.03975865,101,0.443845,backward
59.769171714782715,2.119705920461045,3.951828997006239,0.45454159030285984,0.26028274262264145,-0.1139821373806088,-566.4900337211878,-0.03549136160595682,0.0401523,102,0.443687,backward
59.90976667404175,2.1048304563583673,3.9469782120585784,-0.03464026202411744,-0.20216946099256033,-1.3625268386635703,-567.7385784224708,-0.035569584608722386,0.0401523,102,0.443687,backward
60.08262825012207,2.1019200396626805,3.9594285606933157,-0.6092032947918975,0.2948332490485929,-3.0793299806731635,-569.4553815644804,-0.03567714463183356,0.0401523,102,0.443528,backward
60.2255003452301,2.115663674616596,3.9654111964543923,-0.08953023632482168,0.776675221203182,1.4340615201651583,-571.2251753708216,-0.03578802459125003,0.0401523,102,0.443528,backward
60.36827611923218,2.1234247867465315,3.947463290539873,0.6474349275491016,0.15630028262700107,-0.21307887943145745,-572.8723157704183,-0.03589122014996773,0.04054595,103,0.44337,backward
60.50298452377319,2.110004530640582,3.9468165192321445,0.2868807730371891,-0.2233173815932569,-0.9092547700689847,-573.5684916610559,-0.035934836504722754,0.04054595,103,0.443218,backward
60.64225459098816,2.100626521151591,3.959590253545719,-0.5060594478620629,0.08293879843457667,-2.5676078256395414,-575.2268447166264,-0.03603873455139971,0.04054595,103,0.443218,backward
60.79037094116211,2.1129149475125093,3.9675132037221608,-0.20626099506239534,0.7800133812877268,1.7084613919788407,-577.2339608061876,-0.03616448307066636,0.04054595,103,0.44307,backward
60.943169832229614,2.121969578187633,3.954254389592385,0.5638653697522498,0.3656514469875139,0.05781499867483682,-578.8846071994915,-0.03626789828459959,0.0409396,104,0.44307,backward
61.07547211647034,2.1106512899399643,3.9539310039099034,0.2949809363404689,0.01510803334763704,-0.6238381933284599,-579.5662603914948,-0.036310604772776124,0.0409396,104,0.44291,backward
61.25666403770447,2.1025667989229144,3.966219660781471,-0.47226218964524974,0.3677932538090677,3.0011852997241233,-582.2244222056217,-0.03647714218126787,0.0409396,104,0.442751,backward
61.39543104171753,2.115501984785373,3.966866432249144,-0.06523007580543944,0.7966315869519586,1.424978415411393,-583.8006290899345,-0.03657589365996463,0.0409396,104,0.442751,backward
61.53073573112488,2.125203375006857,3.9589434821381064,0.6702202870965269,0.5071198113537358,0.22246708317414177,-585.0031404221718,-0.03665123261032063,0.04133325,105,0.4426,backward
61.66918659210205,2.1227780273850514,3.9505354543242523,0.8480530201776167,0.05048473493950004,-0.2765821760179083,-585.5021896813638,-0.0366824987168059,0.04133325,105,0.4426,backward
61.8153121471405,2.1132383271688693,3.9545777752761984,0.43468715001570224,-0.11251873629688793,-0.6697963692176091,-585.8954038745634,-0.0367071341142334,0.04133325,105,0.442449,backward
61.956395387649536,2.1087110120512267,3.952152382680064,-0.008979101893624197,-0.09403348476080313,-1.3307001952273403,-586.5563077005731,-0.03674854062675683,0.04133325,105,0.442449,backward
62.096731424331665,2.1043453869046864,3.9492419116635613,-0.31895122253499014,-0.21098768794993497,-1.9510452958508309,-587.1766528011966,-0.03678740608065032,0.04133325,105,0.442297,backward
62.273321866989136,2.1015966600337355,3.9553862394915598,-0.5773661032852846,0.08810888522285586,-2.697635706600134,-587.923243211946,-0.036834180972814594,0.04133325,105,0.442297,backward
62.41923260688782,2.1012732804055725,3.961045489232355,-0.6526689514372113,0.2851871462087126,-3.1009013984331246,-588.326508903779,-0.03685944611013414,0.04133325,105,0.442139,backward
62.56083083152771,2.10369862763585,3.963309189243045,-0.5757018669010506,0.5485798813834056,2.6518931282950855,-588.8568996842304,-0.036892675805028884,0.04133325,105,0.44198,backward
62.69561767578125,2.1049921461766523,3.96767489659125,-0.4903346163605062,0.6084108064757485,2.453060704284583,-589.0557321082408,-0.036905132923494295,0.04133325,105,0.44198,backward
62.831114530563354,2.1072558036531888,3.961368874944165,-0.3202490719659469,0.6089681717111692,2.1414467009689,-589.3673461115566,-0.03692465595940812,0.04133325,105,0.44198,backward
62.97257375717163,2.108225942583451,3.9641176535484264,-0.2679353089537213,0.747257887244901,1.8763018862177812,-589.6324909263076,-0.03694126763823406,0.04133325,105,0.441821,backward
63.13398218154907,2.1132383271688693,3.9683216680709474,0.05076477218474211,0.7951200194001171,1.203720641931353,-590.305072170594,-0.03698340575669936,0.0417269,106,0.441663,backward
63.28062438964844,2.1182507119428884,3.9607221035218796,0.3909299326242689,0.7461566988559688,0.6814791359757153,-590.8273136765498,-0.037016124888599636,0.04212055,107,0.441663,backward
63.444005250930786,2.125203375006857,3.959266867841246,0.7891358177456167,0.48500831425848745,0.1709076898481171,-591.3378851226773,-0.03704811287557472,0.04212055,107,0.441511,backward
63.58767652511597,2.125526754693115,3.951020532827501,0.9281008352222196,0.22532266469873516,-0.09924390183374976,-591.6080367143592,-0.037065038235701224,0.0425142,108,0.441511,backward
63.725887298583984,2.1192208509532224,3.948271754682015,0.7579204677125368,-0.013791452744378326,-0.37790741533528116,-591.8867002278608,-0.03708249687916421,0.0425142,108,0.44136,backward
63.86559295654297,2.115178605123516,3.9490802188324725,0.4981861716559463,-0.35759196504381946,-0.854309068391056,-592.3631018809166,-0.03711234408270142,0.0425142,108,0.441204,backward
64.00310635566711,2.10353693781913,3.948918526001716,-0.1656411180775968,-0.3579766831673891,-1.6819745514127296,-593.1907673639382,-0.0371641984370556,0.0425142,108,0.441204,backward
64.13628458976746,2.100949900778191,3.9544160824341246,-0.6156299955358281,-0.020871011362624696,-2.576144327213768,-594.0849371397393,-0.037220219374690826,0.0425142,108,0.441045,backward
64.27896332740784,2.1064473545500215,3.9594285606933157,-0.5557018688727444,0.4898677342740149,2.764823175197804,-595.0271549445074,-0.03727925058588607,0.0425142,108,0.441045,backward
64.43090724945068,2.1187357814471706,3.9547394681186043,0.24646074901838713,0.49833554323636065,0.4916239723094242,-597.3003541473959,-0.03742166956964492,0.04290785,109,0.440886,backward
64.56256818771362,2.119059161117675,3.944552819696982,0.6361736424138777,-0.0747988977133334,-0.4879775352443945,-598.2799556549496,-0.03748304292003901,0.04290785,109,0.440886,backward
64.70970964431763,2.1014349702195565,3.951990689842985,-0.27462855075748727,-0.14750231875922715,-1.9543144761180713,-599.7462925958233,-0.03757491089918573,0.04290785,109,0.440735,backward
64.85521364212036,2.119544230624907,3.9581350178860912,0.13264331128297346,0.46405412822845243,0.6077573029743271,-603.4674061239105,-0.03780804366047127,0.04290785,109,0.440735,backward
64.99844741821289,2.109519461168104,3.9508588399927524,0.2883961764691633,-0.06996444377598565,-0.7871512100825913,-604.8623146369673,-0.03789543655266201,0.0433015,110,0.440583,backward
65.1467649936676,2.10887270187421,3.9626624178047463,-0.23817761737116955,0.32824124842909325,2.9825634227596716,-607.3757853113046,-0.03805290886687536,0.0433015,110,0.440427,backward
65.30358290672302,2.127305342981634,3.9536076182287543,0.7855190419120162,0.12318425215688135,-0.2049170364820294,-610.5632657705464,-0.03825260879954276,0.04369515,111,0.440427,backward
65.44129490852356,2.1104896001148243,3.950050375823998,0.3460999688392578,-0.17782592480593878,-0.8474898656434927,-611.2058385997079,-0.03829286685048873,0.04369515,111,0.440269,backward
65.57666015625,2.103213558186276,3.9557096251800368,-0.35763754796331626,0.16167022951300872,-2.6953013466017404,-613.0536500806662,-0.038408634722024854,0.04369515,111,0.440269,backward
65.71292614936829,2.116148744111444,3.9670281251168973,0.02781712262045883,0.6324270038725662,1.2667309126101216,-615.3748031286341,-0.03855405807859664,0.04369515,111,0.440117,backward
65.85299921035767,2.120676059482002,3.9539310039099034,0.5170093300431486,0.43080740175572424,0.21683515209999835,-616.4246988891442,-0.03861983545836809,0.0440888,112,0.440117,backward
65.99147248268127,2.119867610297379,3.9547394681186043,0.6155378096158237,0.05826958961433911,-0.33989281074367517,-616.9814268519879,-0.038654715213119716,0.0440888,112,0.439958,backward
66.13090872764587,2.1059622850904707,3.951990689842985,-0.024050792573316528,-0.10124283784046546,-1.4731875727542947,-618.1147216139985,-0.03872571765236908,0.0440888,112,0.439958,backward
66.26885795593262,2.1001414517131556,3.955871318024774,-0.5990898921928627,0.1057344987796201,-2.8049310077965846,-619.4464650490409,-0.03880915316756953,0.0440888,112,0.4398,backward
66.41699051856995,2.1130766373405914,3.9615305678005694,-0.22860589442495177,0.4329581282518405,2.415577825994774,-620.5091415224291,-0.03887573127617174,0.0440888,112,0.4398,backward
66.56887435913086,2.1205143696446838,3.960237024958667,0.377749738636575,0.49147074379390765,0.41502624793180765,-622.5096931004921,-0.0390010685199746,0.04448245,113,0.439648,backward
66.70674276351929,2.1240715461111637,3.9453612838092043,0.7754586101422156,-0.20094595389829809,-0.5326656663780295,-623.4573850148021,-0.03906044269148628,0.04448245,113,0.439648,backward
66.84339570999146,2.1111363594165593,3.9505354543242523,0.3704145863775759,-0.32937089135879943,-0.9663219403890467,-623.8910412888132,-0.039087611839604415,0.04448245,113,0.43949,backward
66.98745012283325,2.1028901785542042,3.947463290539873,-0.3187570247819952,-0.32488152340589316,-1.9828220544359367,-624.9075414028601,-0.03915129693726298,0.04448245,113,0.43933,backward
67.12553024291992,2.1045070767223844,3.9578116321876187,-0.5397251984544972,0.10328879897928966,-2.7959171557206295,-625.7206365041449,-0.039202238437628247,0.04448245,113,0.43933,backward
67.28011536598206,2.114855225462445,3.96654304651464,-0.07319752239064582,0.6418686961770705,1.6021957020384432,-627.6057089535655,-0.03932034075889299,0.04448245,113,0.439172,backward
67.43109512329102,2.123263096905866,3.9594285606933157,0.5999381749526496,0.42936460386815894,0.22315245388554927,-628.9847522017184,-0.03940673967092493,0.0448761,114,0.439172,backward
67.57611274719238,2.12180788834874,3.9481100618529217,0.8072667365132065,-0.09740255340146187,-0.4141056272316146,-629.6220102828357,-0.03944666474576638,0.0448761,114,0.439023,backward
67.72846984863281,2.1096811509920674,3.9539310039099034,0.22824873088505684,-0.18838335438914774,-1.0387009963703169,-630.2466056519744,-0.039485796484691936,0.0448761,114,0.439023,backward
67.87113094329834,2.10369862763585,3.963632574964196,-0.3798434647979526,0.14537482988018763,-2.7867749625432436,-631.9946796181473,-0.03959531566694455,0.0448761,114,0.438872,backward
68.01320123672485,2.115501984785373,3.9615305678005694,0.017376034881510818,0.4883786684735146,1.2860737203214199,-634.2050162424623,-0.039733796225709446,0.0448761,114,0.438872,backward
68.16389274597168,2.1234247867465315,3.9591051749895096,0.5867218763475686,0.4453571982864548,0.2681141888522642,-635.2229757739315,-0.03979757275783002,0.04526975,115,0.438713,backward
68.31336879730225,2.1177656424403755,3.9458463622805255,0.5690259027716177,-0.17133365510200207,-0.6310098958080802,-636.1220998585918,-0.03985390408957064,0.04526975,115,0.438562,backward
68.45945310592651,2.1040220072698768,3.9536076182287543,-0.2532382104864138,-0.09814793864437119,-2.111278943403959,-637.6023689061877,-0.039946644933919175,0.04526975,115,0.438562,backward
68.60317349433899,2.1106512899399643,3.9576499393388818,-0.2971064214076564,0.21979375427176862,-2.970897671834067,-638.4619876346178,-0.040000501202022525,0.04526975,115,0.438413,backward
68.74779319763184,2.1263352039122108,3.9603987178127373,0.6480558733108753,0.49802977540034693,0.32680675067884746,-641.4474685192845,-0.040187545589987037,0.0456634,116,0.438413,backward
68.88335084915161,2.12180788834874,3.9476249833676365,0.7839876183547099,-0.10534597723434871,-0.42799325208089756,-642.2022685220442,-0.040234834824119096,0.0456634,116,0.438262,backward
69.03729891777039,2.103860317452766,3.9503737614905017,0.03376984442688454,-0.3508422640412089,-1.478041848521652,-643.2523171184848,-0.040300621779266924,0.0456634,116,0.43811,backward
69.17606115341187,2.1091960815207655,3.9616922606573084,-0.2286389241620786,0.25608127087350013,-3.141381584000704,-644.9156568539639,-0.040404832248139,0.0456634,116,0.43811,backward
69.33049035072327,2.1245566156367066,3.956356396560987,0.4717638604808789,0.3244323555120052,0.13472371464861907,-647.9227368624942,-0.04059322985022871,0.04605705,117,0.437952,backward
69.47251343727112,2.1171188831064445,3.9455229766326463,0.6929430214813215,-0.32364043854293423,-0.6839261793620002,-648.7413867565048,-0.040644519365820274,0.04605705,117,0.437952,backward
69.60600352287292,2.105315525813809,3.959590253545719,-0.06962844817599045,-0.10744931019454164,-1.7287565130425997,-649.7862170901855,-0.04070997938979624,0.04605705,117,0.437793,backward
69.73998546600342,2.108225942583451,3.965734582184222,-0.32371807787851453,0.36920992429161303,2.761363583756353,-651.5792823005662,-0.04082231733393738,0.04605705,117,0.437793,backward
69.91487574577332,2.1250416851640237,3.950212068657083,0.48397486120774635,0.2425153214452292,-0.010333146757954265,-654.3509790310804,-0.0409959678574577,0.0464507,118,0.437642,backward
70.0539059638977,2.114855225462445,3.9401871136344986,0.5196112899976648,-0.46446265191078695,-0.9296710236858421,-655.2703169080082,-0.04105356561043804,0.0464507,118,0.437483,backward
70.21176528930664,2.100949900778191,3.9587817892870367,-0.3876039876636602,-0.02561105336232804,-2.5336805445084765,-656.874326428831,-0.041154058961660765,0.0464507,118,0.437483,backward
70.34362006187439,2.1108129797652997,3.9571648607946717,-0.27995453061976794,0.384168903047887,2.641049635820037,-657.982781555682,-0.0412235051643991,0.0464507,118,0.437334,backward
70.486332654953,2.116957193273453,3.9594285606933157,0.14276638007137304,0.512358464965085,1.0488056112423825,-659.5750255802596,-0.04132326139147691,0.04684435,119,0.437334,backward
70.63579678535461,2.121969578187633,3.951990689842985,0.5865706433085667,0.22019122332600405,-0.03799168344528567,-660.6618228749473,-0.04139135070193621,0.04684435,119,0.437183,backward
70.78409266471863,2.12180788834874,3.9435826627732813,0.7355253004590817,-0.28274411147353634,-0.616291221798404,-661.2401224133005,-0.04142758194487163,0.04684435,119,0.437183,backward
70.93230986595154,2.1104896001148243,3.943420969953827,0.2947965118451416,-0.5419317599343135,-1.2108704793082898,-661.8347016708104,-0.04146483313408156,0.04684435,119,0.437031,backward
71.08200716972351,2.1022434192924067,3.9451995909860953,-0.360714309715564,-0.5217267297731253,-2.022992211102379,-662.6468234026045,-0.041515713651540664,0.04684435,119,0.436875,backward
71.21796441078186,2.104183697087184,3.9578116321876187,-0.5359886919732747,0.04617434046944527,-2.823541740095435,-663.4473729315977,-0.041565869154948795,0.04684435,119,0.436875,backward
71.36098766326904,2.115178605123516,3.9591051749895096,-0.058005282501502255,0.41873455732962933,1.8303718844759826,-665.0766446142057,-0.04166794521454325,0.04684435,119,0.436724,backward
71.49703764915466,2.12390985626971,3.951990689842985,0.5656964485871613,0.16861028092894537,-0.09618773950425547,-667.003204238186,-0.04178864676302586,0.047238,120,0.436724,backward
71.63902282714844,2.116957193273453,3.9453612838092043,0.5767151768083982,-0.4215935389145285,-0.8412959113002177,-667.7483124099818,-0.04183532879092854,0.047238,120,0.436572,backward
71.77348923683167,2.1027284887384616,3.9505354543242523,-0.23273280090463128,-0.3868155834235555,-1.9486578963093466,-668.8556743949911,-0.04190470650686202,0.047238,120,0.436572,backward
71.92260980606079,2.1111363594165593,3.957488246490479,-0.2603047709788849,0.18434851888010914,-3.0433753532433965,-669.9503918519251,-0.04197329202612558,0.047238,120,0.436414,backward
72.07232117652893,2.12180788834874,3.9442294340544186,0.5007416693214455,-0.025460924392746557,-0.4423735284266198,-673.6325753342879,-0.042203985767749884,0.04763165,121,0.436414,backward
72.22205901145935,2.1064473545500215,3.9458463622805255,0.08092313156108774,-0.4935199431274519,-1.4654475913381813,-674.6556493971995,-0.04226808273213591,0.04763165,121,0.436255,backward
72.35486650466919,2.1061239749101253,3.958296710735828,-0.4267340853938943,0.12976937689042006,-2.9782163263493318,-676.1684181322106,-0.04236285972555941,0.04763165,121,0.436255,backward
72.49632263183594,2.119544230624907,3.9479483690241612,0.2327645202681113,0.05554936317995117,-0.5634385441782297,-680.0368256572191,-0.04260522065361918,0.04763165,121,0.436096,backward
72.63761234283447,2.108549322228439,3.948756833171292,0.19070097344541329,-0.25951843050567824,-1.187539783026345,-680.6609268960672,-0.04264432143461824,0.0480253,122,0.435947,backward
72.78603434562683,2.098524553597729,3.954092696750978,-0.6947820256626572,-0.1708033560523044,-2.6612912892686236,-682.1346784023094,-0.042736653946245644,0.0480253,122,0.435947,backward
72.93088626861572,2.115340294954346,3.9553862394915598,-0.1701893164507301,0.42996303908943295,2.187274188279299,-683.569298231941,-0.042826534805765926,0.0480253,122,0.435789,backward
73.0896954536438,2.119544230624907,3.9476249833676365,0.5404022357151662,-0.21415434553114523,-0.6459975812352206,-686.4025700014557,-0.04300404308819633,0.04841895,123,0.435789,backward
73.23399877548218,2.1045070767223844,3.9432592771347053,-0.046479943781137255,-0.5292860337677507,-1.6406520166654663,-687.3972244368858,-0.0430663595247432,0.04841895,123,0.435637,backward
73.38147354125977,2.104668766540278,3.9589434821381064,-0.4683305183223165,0.042598622667044346,-2.852644881920453,-688.6092173021409,-0.043142292505879774,0.04841895,123,0.435637,backward
73.54563570022583,2.1171188831064445,3.96088379637695,0.08041452105222831,0.34746448911761646,1.1067366777700902,-690.93302104963,-0.043287881932337374,0.04841895,123,0.435479,backward
73.68287229537964,2.120837749319517,3.943420969953827,0.5545092648658183,-0.3176394278534425,-0.7329275496979333,-692.772685277098,-0.043403139367497734,0.0488126,124,0.43532,backward
73.83183026313782,2.1049921461766523,3.947301597712442,-0.019193555921239867,-0.47800332628148257,-1.607562208110073,-693.6473199355102,-0.043457936403786084,0.0488126,124,0.43532,backward
73.971515417099,2.0973927249285436,3.949403604494983,-0.7440949754897848,-0.4059134195294655,-2.485254681004519,-694.5250124084047,-0.04351292501625946,0.0488126,124,0.43516,backward
74.12169575691223,2.103213558186276,3.9553862394915598,-0.6742740891696086,0.13846238491160054,-3.102328857096321,-695.1420865844965,-0.043551585542337054,0.0488126,124,0.43516,backward
74.26092624664307,2.11663381360806,3.954254389592385,0.09490236669306802,0.051033232474003924,-0.8252375079128872,-692.864995235313,-0.043408922710384316,0.04920625,125,0.435002,backward
74.40610551834106,2.1143701559723107,3.945037898163318,0.30566254793838493,-0.468387779083823,-1.1093487744383377,-693.1491065018383,-0.04342672266289246,0.04920625,125,0.435002,backward
74.54232573509216,2.1017583498481103,3.9424508130440796,-0.26656247086362594,-0.7597976375611674,-1.8490681185179227,-693.8888258459178,-0.043473067073499634,0.04920625,125,0.434854,backward
74.68043875694275,2.09723103511944,3.9566797822534614,-0.8485237830977646,-0.17047925643335182,-2.780750331219251,-694.8205080586191,-0.04353143821569892,0.04920625,125,0.434854,backward
74.82723999023438,2.107902562939247,3.957003167947269,-0.5198376268322731,0.18939259702524255,3.0504132812492455,-695.2725297533301,-0.04355975798209506,0.04920625,125,0.434702,backward
74.96433687210083,2.1172805729396322,3.9515056113337454,0.1415658774145492,-0.11343430967506449,-1.0048530348859221,-693.0446107622856,-0.04342017586443533,0.0495999,126,0.434543,backward
75.10015821456909,2.1109746695908314,3.938408492715477,0.1613855042154388,-0.7911786530580909,-1.3793360283284537,-693.419093755728,-0.04344363772703552,0.0495999,126,0.434543,backward
75.25690603256226,2.1020817294774456,3.9479483690241612,-0.38118820584199015,-0.5662624261915457,-2.05081749485707,-694.0905752222567,-0.043485706942946914,0.0495999,126,0.434385,backward
75.40012669563293,2.1054772156326806,3.952637461193298,-0.5165724222895641,-0.03243702289971218,-2.833019632584137,-694.8727773599837,-0.043534712957645286,0.0495999,126,0.434385,backward
75.53204917907715,2.1172805729396322,3.952152382680064,0.010138458571194608,0.15150687635320903,0.0,-695.8822519865737,-0.04359795789907699,0.0495999,126,0.434233,still
75.67078495025635,2.119382540788967,3.944067741233636,0.5224343905092051,-0.25956698197264794,-0.611739616954363,-698.9346826515336,-0.043789196780713746,0.04999355,127,0.434233,backward
75.81524848937988,2.1111363594165593,3.9416423489617576,0.3237075757083443,-0.6647219298658575,-1.1583877409523713,-699.4813307755317,-0.04382344502002095,0.04999355,127,0.434075,backward
75.96079182624817,2.1011115905917843,3.9481100618529217,-0.412663156804101,-0.5313527090337461,-2.121197016056437,-700.4441400506357,-0.043883766314494255,0.04999355,127,0.434075,backward
76.1079158782959,2.109519461168104,3.9597519463984563,-0.3550067816734732,0.20374571380689793,2.8592148637727286,-701.7469134779861,-0.043965386819796,0.04999355,127,0.433926,backward
76.25904440879822,2.12180788834874,3.949565297326738,0.40591906425919766,0.04504176586793975,-0.14696603008560488,-704.7530943718446,-0.04415372809114369,0.0503872,128,0.433774,backward
76.40417909622192,2.1184124017774524,3.9379234142899864,0.5878236280478603,-0.6819317816717647,-0.9149845635831818,-705.5211129053421,-0.044201845483983565,0.0503872,128,0.433774,backward
76.55131983757019,2.1056389054517486,3.944552819696982,-0.07330178567017764,-0.722036623149677,-1.6432282706066446,-706.2493566123655,-0.044247470930513406,0.0503872,128,0.43362,backward
76.68780064582825,2.103860317452766,3.9594285606933157,-0.4512961201516336,-0.05374742298797886,-2.8180912667347577,-707.4242196084938,-0.044321077675470846,0.0503872,128,0.43362,backward
76.8334002494812,2.120190989970638,3.9557096251800368,0.20619403287099605,0.1566439851319641,0.28086547988207333,-710.6084481690565,-0.044520573872317566,0.0503872,128,0.43347,backward
76.97453951835632,2.1184124017774524,3.9492419116635613,0.5850472410216034,-0.15743757446255047,-0.39316568322841855,-711.282479332167,-0.04456280283014494,0.05078085,129,0.43347,backward
77.11645984649658,2.1028901785542042,3.9439060484131856,-0.12176271111017012,-0.6645479455226858,-1.717894904381721,-712.6072085533203,-0.0446457988954227,0.05078085,129,0.433313,backward
77.2713840007782,2.100464831338584,3.9597519463984563,-0.6833971331657959,0.08001072591429044,-3.139809038261921,-714.0291226872005,-0.04473488372603598,0.05078085,129,0.433154,backward
77.41163492202759,2.11792733227435,3.946654826406044,0.0023547558527611512,0.053403929776852474,0.0,-714.8366792220503,-0.04478547822777388,0.05078085,129,0.433154,still
77.5462429523468,2.120190989970638,3.9485951403412005,0.5156376913329883,-0.37688377679519214,-0.7097971649986681,-717.8822961211168,-0.04497629021782415,0.0511745,130,0.433154,backward
77.68337845802307,2.1064473545500215,3.9497269901588252,0.016649052033268212,-0.4247253011638062,-1.5135346365590616,-718.6860335926772,-0.04502664545011663,0.0511745,130,0.432996,backward
77.83197450637817,2.1045070767223844,3.9573265536424085,-0.4583224392528319,-0.0670728537241037,-2.8403603020145556,-720.0128592581326,-0.04510977286044618,0.0511745,130,0.432844,backward
77.99914121627808,2.12390985626971,3.949565297326738,0.3728562565629588,0.09788165680931114,0.06785725323070275,-723.387827010067,-0.045321219123861466,0.05156815,131,0.432844,backward
78.13861513137817,2.123263096905866,3.9463314407548395,0.8092196295248811,-0.4352219216097325,-0.5520788504245354,-724.0077631137224,-0.04536005895354548,0.05156815,131,0.432693,backward
78.30137658119202,2.114531845802159,3.9322641662131628,0.48833673661101246,-0.9198084192432932,-1.1076510259116668,-724.5633352892096,-0.0453948662966666,0.05156815,131,0.432537,backward
78.45109534263611,2.1070941138321637,3.9463314407548395,-0.06745014824401029,-0.6485609988720157,-1.6669402063633747,-725.1226244696612,-0.04542990651514196,0.05156815,131,0.432537,backward
78.59543180465698,2.107902562939247,3.9547394681186043,-0.1871010263069806,-0.1509600827957522,-2.3201653629251267,-725.7758496262229,-0.04547083194870934,0.05156815,131,0.432375,backward
78.74154829978943,2.111298049242483,3.962824110663821,-0.04934471765248598,0.25215944136204166,1.7975051628520902,-727.9413644076252,-0.045606504358804416,0.05156815,131,0.432375,backward
78.88367581367493,2.11792733227435,3.955224546647821,0.2927743598315004,0.2299533213719689,0.5473825065743114,-729.191487063903,-0.04568482622257015,0.05156815,131,0.432227,backward
79.02805829048157,2.124233235952814,3.9557096251800368,0.6972536643562303,0.21509761927651938,0.22937291789026634,-729.509496652587,-0.04570474995049879,0.0519618,132,0.432227,backward
79.1823980808258,2.1260118242239807,3.9573265536424085,0.9019838990188637,0.3701120768793703,0.3391858783648232,-729.3996836921125,-0.045697870021008016,0.05235545,133,0.432075,backward
79.33252310752869,2.1264968937566215,3.9539310039099034,0.993064088784058,0.18483136807577294,0.12934229713145284,-729.609527273346,-0.04571101700326528,0.05235545,133,0.432075,backward
79.48791670799255,2.1295690008379147,3.9505354543242523,1.1534288251702751,0.007049193546703575,-0.046069889200542204,-729.784939459678,-0.04572200681237861,0.05235545,133,0.431924,backward
79.6328649520874,2.128922241446458,3.9468165192321445,1.257470610387345,-0.2276501964197072,-0.23040890058892954,-729.9692784710663,-0.045733555899073554,0.05235545,133,0.431765,backward
79.76877403259277,2.1308625196303077,3.9435826627732813,1.2968716649493277,-0.3945814543540399,-0.34681675932917455,-730.0856863298065,-0.045740849007799914,0.0527491,134,0.431765,backward
79.9022285938263,2.127305342981634,3.9463314407548395,1.1905429469069462,-0.4615407705008576,-0.4265617538600438,-730.1654313243374,-0.04574584513883256,0.0527491,134,0.431614,backward
80.04255938529968,2.1214845086715446,3.944714512518762,0.8451084460561674,-0.6163169944205593,-0.7087039216128869,-730.4475734920902,-0.04576352172465742,0.0527491,134,0.431614,backward
80.2010645866394,2.109357771344337,3.944876205340874,0.20694241705370334,-0.699983410176092,-1.4015424769057787,-731.1404120473832,-0.0458069289908699,0.0527491,134,0.431455,backward
80.33568954467773,2.10369862763585,3.9485951403412005,-0.3092815152651713,-0.49586445128359746,-2.2096178555160217,-731.9484874259934,-0.04585755599886638,0.0527491,134,0.431306,backward
80.48463940620422,2.1027284887384616,3.9539310039099034,-0.5108004727610882,0.02774385311175393,3.1385821488497903,-732.8834727288073,-0.04591613408409842,0.0527491,134,0.431306,backward
80.65398168563843,2.111621428894919,3.961207182088093,-0.2076387143981232,0.5269379795807271,2.0793829227666762,-733.9426719548903,-0.045982494338485815,0.0527491,134,0.431147,backward
80.80058908462524,2.117442262773017,3.954092696750978,0.24055759716145483,0.2924914887056216,0.9881676086973232,-735.0338872689598,-0.04605086044379431,0.05314275,135,0.431147,backward
80.93620753288269,2.116472123775658,3.94261250586154,0.43194807827483833,-0.4641420240048441,-0.9428822423086815,-736.9649371199657,-0.04617184331103203,0.05314275,135,0.430996,backward
81.07150483131409,2.103860317452766,3.9439060484131856,-0.1687816867595402,-0.5017263548972453,-2.00166712740526,-738.0237220050624,-0.046238177606400026,0.05314275,135,0.430996,backward
81.22102761268616,2.1066090443702636,3.9586200964363,-0.48745247507275224,0.04758342691620765,3.0956203632497648,-739.2096198215869,-0.04631247569767889,0.05314275,135,0.430847,backward
81.3647882938385,2.121646198510044,3.948271754682015,0.3968347843428847,-0.12134975694009278,-0.4127288586644331,-742.7179690435011,-0.04653227848936616,0.0535364,136,0.430847,backward
81.51160788536072,2.1024051091075626,3.956841475100198,-0.2138209384613605,-0.14383781525323977,-2.6171571141853236,-744.9223972990219,-0.046670388880889105,0.0535364,136,0.430696,backward
81.64695715904236,2.119059161117675,3.954901160961344,0.1229690560091517,0.23579284147040358,1.312121601433157,-747.276303890583,-0.04681786429096641,0.0535364,136,0.430544,backward
81.78188967704773,2.119382540788967,3.9432592771347053,0.6149658793428503,-0.2953234239270146,-0.5244612038550518,-749.1128866958711,-0.04693292867088778,0.05393005,137,0.430544,backward
81.9359803199768,2.105800595271012,3.951020532827501,-0.16136389592605146,-0.27932461937908737,-2.239064845130394,-750.8274903371463,-0.04704035089232326,0.05393005,137,0.430386,backward
82.0712776184082,2.114531845802159,3.9545777752761984,-0.05632756749817871,0.1357603180262485,2.3754177762116964,-752.4961930229837,-0.04714489735723959,0.05393005,137,0.430386,backward
82.20967769622803,2.125203375006857,3.9455229766326463,0.677805359206983,-0.04972657796824341,-0.1085061871512805,-754.9801169863467,-0.047300518530318886,0.0543237,138,0.430234,backward
82.3437807559967,2.1158253644480154,3.9442294340544186,0.5328365362086811,-0.4935288444551863,-0.8386044045830728,-755.7102152037786,-0.047346260164417064,0.0543237,138,0.430234,backward
82.47898483276367,2.1014349702195565,3.9484334475114418,-0.31631653070698895,-0.507925399315589,-2.2240511699519145,-757.0956619691474,-0.04743306026540473,0.0543237,138,0.430076,backward
82.62097644805908,2.1040220072698768,3.957488246490479,-0.5653168106394367,0.006402906502668976,3.138230451202539,-758.0165656551725,-0.04749075611842844,0.0543237,138,0.430076,backward
82.7634506225586,2.1172805729396322,3.9581350178860912,0.02650308408444555,0.30120493529021164,1.7108939854699026,-759.443902120905,-0.047580180665416354,0.0543237,138,0.429927,backward
82.90387845039368,2.122616337545174,3.9511822256625835,0.6347448014906716,-0.06429735166348151,-0.12714376738331368,-761.2819398737582,-0.04769533619975718,0.05471735,139,0.429773,backward
83.05343627929688,2.114693535632204,3.9414806561462896,0.45921822693909364,-0.574762858411902,-0.9867398311036777,-762.1415359374785,-0.04774919104788601,0.05471735,139,0.429773,backward
83.19654035568237,2.1049921461766523,3.9468165192321445,-0.1738466624337801,-0.47737033823134867,-2.0552401829940568,-763.2100362893689,-0.047816134030299884,0.05471735,139,0.429624,backward
83.33411526679993,2.1045070767223844,3.9539310039099034,-0.4596696705167222,-0.05630500133399207,-3.0425556747055773,-764.1973517810803,-0.04787799067216402,0.05471735,139,0.429624,backward
83.4755687713623,2.116148744111444,3.9516673041698254,0.020387242901843326,0.17225220765139543,1.8448289257051862,-765.5931524878491,-0.04796543946148935,0.05471735,139,0.429465,backward
83.61754488945007,2.1213228188332427,3.950212068657083,0.571316236459737,0.012198765769538563,0.022976607327438545,-767.4150048062269,-0.04807958095661761,0.055111,140,0.429465,backward
83.76756191253662,2.115340294954346,3.943097584315916,0.5121966741515911,-0.4505090078335049,-0.801740739769875,-768.2397221533242,-0.048131250606295764,0.055111,140,0.429307,backward
83.90281915664673,2.1062856647299752,3.9508588399927524,-0.1250787772885077,-0.37557188452719215,-2.073893060064003,-769.5118744736184,-0.04821095265810562,0.055111,140,0.429307,backward
84.04238176345825,2.1045070767223844,3.958458403585897,-0.475295932173584,0.05044086195771016,3.035119466113971,-770.68604725462,-0.04828451616015818,0.055111,140,0.429158,backward
84.19184684753418,2.115178605123516,3.9571648607946717,0.015610657143146767,0.34149423798183826,1.7276130442022193,-771.9935536765317,-0.04836643319392725,0.055111,140,0.429158,backward
84.35087537765503,2.125850134380162,3.9479483690241612,0.7478168033562961,-0.022022631888636943,-0.027746744367422773,-773.7489134651014,-0.04847640884274042,0.05550465,141,0.429,backward
84.49489521980286,2.115178605123516,3.949565297326738,0.5202286095416591,-0.29334629382349736,-0.5794567131416732,-774.3006234338757,-0.04851097421342268,0.05550465,141,0.428848,backward
84.63031506538391,2.10353693781913,3.9539310039099034,-0.21614694722068778,-0.24395743247753163,-2.473056049877352,-776.1942227706113,-0.04862961075563228,0.05550465,141,0.428848,backward
84.77511191368103,2.1101662204651337,3.957003167947269,-0.26315651723422273,0.10493675236410649,2.8154435176108583,-777.1889085103027,-0.04869192915343317,0.05550465,141,0.42869,backward
84.91658067703247,2.12390985626971,3.955224546647821,0.48553991894859594,0.19717471778469522,0.4650448688499387,-779.5393071590635,-0.04883918478618165,0.0558983,142,0.42869,backward
85.05232954025269,2.1222929578660095,3.9456846694564196,0.8500841854282924,-0.2556746592077819,-0.3128885004300608,-780.3172405283435,-0.04888792335680238,0.0558983,142,0.428538,backward
85.18845224380493,2.10887270187421,3.949403604494983,0.2252762334470039,-0.4087306169509962,-1.2397295657919856,-781.2440815937053,-0.048945991194617504,0.0558983,142,0.428538,backward
85.33026003837585,2.1030518683701422,3.9565180894070577,-0.42226629045777053,0.06646719108125027,2.9848792967385065,-783.3026580383545,-0.04907496377425958,0.0558983,142,0.428386,backward
85.48128819465637,2.120190989970638,3.9553862394915598,0.12433720862522578,0.3242418769039393,1.4486047113231346,-784.8389326237699,-0.04917121344078744,0.0558983,142,0.428228,backward
85.61701655387878,2.123748166428453,3.9505354543242523,0.7456596343590892,-0.07543644326063868,-0.09882935881628356,-786.3863666939093,-0.04926816226402433,0.05629195,143,0.428228,backward
85.76701807975769,2.109357771344337,3.939702035198055,0.2793267188895423,-0.6819530590467826,-1.2980506243604384,-787.5855879594534,-0.0493432950872823,0.05629195,143,0.428076,backward
85.90672731399536,2.1049921461766523,3.9555479323356315,-0.37401208317893275,-0.10204899114083762,-2.9627567344229835,-789.2502940695158,-0.049447591161357544,0.05629195,143,0.428076,backward
86.09741187095642,2.1240715461111637,3.9555479323356315,0.361933225050148,0.15574332763752022,0.5639797125706298,-792.0067429297018,-0.0496202863853186,0.05629195,143,0.42792,backward
86.2358283996582,2.1227780273850514,3.9432592771347053,0.8051812257321572,-0.3095147314054188,-0.38966313684223985,-792.9603857791147,-0.04968003339090866,0.0566856,144,0.427761,backward
86.37807369232178,2.1048304563583673,3.943420969953827,0.0222363227850849,-0.5530699601507105,-1.7131371889374327,-794.28385983121,-0.049762950818158805,0.0566856,144,0.427761,backward
86.52785205841064,2.107740873117439,3.9587817892870367,-0.33932249850881685,-0.13134737353553763,-2.9034298948880384,-795.4741525371605,-0.049837524255164085,0.0566856,144,0.427603,backward
86.66132020950317,2.121646198510044,3.9573265536424085,0.3452909858097692,0.18636233335736616,0.6971959872474648,-798.1567119622046,-0.05000559020675427,0.05707925,145,0.427603,backward
86.80610060691833,2.1182507119428884,3.94261250586154,0.5870907392696969,-0.3721658626228583,-0.6174373116582131,-799.4713452611103,-0.050087953748940886,0.05707925,145,0.42745,backward
86.95016026496887,2.1022434192924067,3.9460080551049646,-0.16460953977362086,-0.5000362168522208,-2.0826053071127992,-800.9365132565648,-0.05017974849208679,0.05707925,145,0.42745,backward
87.09689021110535,2.105315525813809,3.9511822256625835,-0.40447719000486776,-0.1359094559228456,-2.9366664402368317,-801.7905743896889,-0.05023325656937844,0.05707925,145,0.427292,backward
87.24650430679321,2.114855225462445,3.963955960686682,0.013014614943549148,0.5055674275448828,1.7173464515465915,-803.4197468050851,-0.05033532640974872,0.05707925,145,0.427292,backward
87.38304090499878,2.120837749319517,3.953284232548937,0.49911890202147385,0.11814382757194915,0.3432023539817111,-804.79389090265,-0.05042141838341506,0.0574729,146,0.42714,backward
87.5355396270752,2.125203375006857,3.939863728009871,0.8639792549250022,-0.1899199783784884,-0.21161441761581337,-805.3487076742475,-0.05045617839946771,0.0574729,146,0.426992,backward
87.6741030216217,2.115340294954346,3.9403488064473104,0.5889684606683424,-0.553313074913591,-0.8275576196512516,-805.964650876283,-0.05049476806850138,0.0574729,146,0.426992,backward
87.81120920181274,2.105315525813809,3.9469782120585784,-0.09374836879952707,-0.5334277682616094,-1.9553924633575788,-807.0924857199892,-0.0505654284365344,0.0574729,146,0.426992,backward
87.95464134216309,2.1080642527612508,3.9547394681186043,-0.29948543394385946,0.056089791793312346,2.918515846631367,-808.5017627171799,-0.050653721533558,0.0574729,146,0.426833,backward
88.08989334106445,2.119382540788967,3.952960846870451,0.23590214913846067,0.35784559309650543,1.2422678241339888,-810.1780107396771,-0.05075874072395209,0.0574729,146,0.426682,backward
88.24487376213074,2.12390985626971,3.940833884887738,0.7871761662400601,-0.1765791025956585,-0.21379023641059386,-811.6340688002217,-0.05084996471743808,0.05786655,147,0.426682,backward
88.38150405883789,2.108549322228439,3.948271754682015,0.17695456848695956,-0.419350775597612,-1.405197119963417,-812.8254756837746,-0.05092460795916687,0.05786655,147,0.42653,backward
88.51847696304321,2.1059622850904707,3.965734582184222,-0.38353240762616997,0.13888284742565937,2.803115533187619,-814.9003483378032,-0.05105460151821805,0.05786655,147,0.42653,backward
88.65173578262329,2.1180890221085207,3.957488246490479,0.16324251851765695,0.36872516472124656,1.4291635609789515,-816.2743003100117,-0.05114068145497272,0.05786655,147,0.42638,backward
88.79724335670471,2.115501984785373,3.9442294340544186,0.4332538468193368,-0.27831637354035504,-0.6543407157162846,-818.3578045867067,-0.05127121579677922,0.0582602,148,0.42638,backward
88.93113780021667,2.100949900778191,3.958458403585897,-0.400416964889658,-0.1362213554610855,-2.9404516859802676,-820.6439155569708,-0.05141444372010915,0.0582602,148,0.42623,backward
89.0791118144989,2.115178605123516,3.958458403585897,-0.059995047701694164,0.45270375065257623,1.8983470754278902,-822.0883021027422,-0.05150493647751568,0.0582602,148,0.426072,backward
89.2310082912445,2.116957193273453,3.9490802188324725,0.4845822466950257,-0.14817676145617645,-0.3064640301826059,-824.2931132083526,-0.05164307085511104,0.05865385,149,0.426072,backward
89.38854908943176,2.105153835995133,3.9531225397095278,-0.17813725021918114,-0.16017856841387607,-2.7137627811508733,-826.7004119593208,-0.051793891355699465,0.05865385,149,0.425913,backward
89.53323149681091,2.119705920461045,3.961045489232355,0.22437043477476004,0.40774668846340506,1.3036072740499278,-828.9662272112995,-0.051935847725014604,0.05865385,149,0.425913,backward
89.68178200721741,2.131185899330381,3.955224546647821,1.0863891291279435,0.1583693461388566,0.1859172137905239,-830.0839172715589,-0.05200587250873669,0.0590475,150,0.425752,backward
89.8227710723877,2.113885086483944,3.944391126875534,0.6822320236916236,-0.45418575465767863,-0.6495046747526917,-830.9193391601021,-0.05205821281231636,0.0590475,150,0.425752,backward
89.96470642089844,2.1064473545500215,3.952152382680064,-0.032199708464338415,-0.2590562064389021,-2.163328299923384,-832.4331627852728,-0.05215305589602542,0.0590475,150,0.425593,backward
90.12557554244995,2.119705920461045,3.9616922606573084,0.20549737427844308,0.537248459296595,1.4212545821150921,-835.1317652104138,-0.05232212696312302,0.0590475,150,0.425435,backward
90.2624876499176,2.128922241446458,3.9481100618529217,0.9256279512512162,0.09747073542051034,0.15117879653126998,-836.4018409959976,-0.052401698917243764,0.05944115,151,0.425435,backward
90.40091371536255,2.126981963291037,3.949403604494983,1.2092194244439252,-0.3643853072197695,-0.3052212672671589,-836.8582410597961,-0.052430292994344915,0.05944115,151,0.425276,backward
90.54228234291077,2.106770734190701,3.9497269901588252,0.15355564703261362,-0.29521912270714357,-1.5229299639343024,-838.0759497564633,-0.0525065840799978,0.05944115,151,0.425276,backward
90.68996548652649,2.1015966600337355,3.9607221035218796,-0.5346021503074779,-0.01572776863148869,3.117377829347711,-839.718827270361,-0.052609512563199914,0.05944115,151,0.425117,backward
90.85026454925537,2.1167955034406583,3.958296710735828,0.031025408392354577,0.39315134912479044,1.806913808573388,-841.0292912911352,-0.05269161489451082,0.05944115,151,0.425117,backward
90.99498701095581,2.1240715461111637,3.9515056113337454,0.6915224152870444,0.04413392885087424,0.12399278989939233,-842.7122123098093,-0.052797052157079534,0.0598348,152,0.424958,backward
91.13252139091492,2.1114597390686027,3.9376000286746513,0.4625654246942953,-0.5511019896423746,-1.0196827060004183,-843.8558878057091,-0.052868704963252,0.0598348,152,0.424958,backward
91.28512740135193,2.1049921461766523,3.951020532827501,-0.1575728141127037,-0.3334480950071433,-2.3502974832252415,-845.1865025829339,-0.05295206976652399,0.0598348,152,0.4248,backward
91.4278552532196,2.106770734190701,3.959266867841246,-0.34707285405254307,0.10708503761274801,2.862089420592269,-846.257300986296,-0.053019156724949654,0.0598348,152,0.424648,backward
91.58975625038147,2.120190989970638,3.961207182088093,0.3120328502111345,0.3816035184198548,1.162957401489095,-847.9564330053992,-0.05312560962847228,0.06022845,153,0.424648,backward
91.73004627227783,2.123586476587394,3.9481100618529217,0.698910662066021,0.0548694425119785,0.1422741720978761,-848.9771162347904,-0.05318955680392655,0.06022845,153,0.424497,backward
91.86624670028687,2.1101662204651337,3.9463314407548395,0.3070543117319925,-0.4394274608221285,-1.1917886450766226,-850.3111790519648,-0.0532731376315333,0.06022845,153,0.424497,backward
92.0252845287323,2.1028901785542042,3.956356396560987,-0.40260799424388993,-0.08275577856802857,-3.0464669045403263,-852.1658573114286,-0.05338933571596726,0.06022845,153,0.424338,backward
92.16044354438782,2.115663674616596,3.9615305678005694,-0.07869848960745109,0.34617026952490776,2.089430733135399,-853.3131449809325,-0.05346121482966843,0.06022845,153,0.424338,backward
92.30506658554077,2.12827548205816,3.958296710735828,0.7852278360772097,0.3096888377729139,0.4785459753034471,-854.9240297387645,-0.053562138923725626,0.0606221,154,0.424187,backward
92.44824266433716,2.1264968937566215,3.944876205340874,1.091948956053152,-0.3025465652041859,-0.2848289091108195,-855.6874046231787,-0.05360996538571239,0.0606221,154,0.424187,backward
92.6001718044281,2.1106512899399643,3.942774198679333,0.38312354257687287,-0.5552905232615902,-1.1579054965467963,-856.5604812106147,-0.053664664806761055,0.0606221,154,0.42403,backward
92.74330949783325,2.1117831187214313,3.956356396560987,-0.0116906491166067,0.03405873177875873,2.7573957496574804,-858.9283652715901,-0.05381301592407378,0.0606221,154,0.42388,backward
92.89119338989258,2.122616337545174,3.9511822256625835,0.4748073593958875,0.24964089435433354,0.7137485741995685,-860.972012447048,-0.05394105316494582,0.0606221,154,0.42388,backward
93.05028438568115,2.1295690008379147,3.9464931335802755,1.0832591619509915,-0.08656496833267419,-0.06419344055478522,-861.7499544618024,-0.053989792277217126,0.06101575,155,0.42372,backward
93.20098686218262,2.1137233966548807,3.944552819696982,0.6576942356122426,-0.47059674843745414,-0.7319169807097047,-862.4176780019573,-0.05403162605399299,0.06101575,155,0.42372,backward
93.34183192253113,2.1045070767223844,3.9508588399927524,-0.13471136961871458,-0.34477292068942844,-2.3439071865421615,-864.0296682077898,-0.054132619405852414,0.06101575,155,0.423562,backward
93.49309706687927,2.113561706826014,3.9591051749895096,-0.05922372093545474,0.2084454271800399,2.3158687051250975,-865.6530776233021,-0.05423432818653826,0.06101575,155,0.423562,backward
93.63767886161804,2.123101407065397,3.9555479323356315,0.5812478678284709,0.11885233505310497,0.3475708695860175,-867.6213754588413,-0.054357644690044,0.0614094,156,0.423403,backward
93.78657579421997,2.116472123775658,3.944552819696982,0.5694935965474089,-0.4966787362406846,-0.8603434790520073,-868.8292898074794,-0.05443332214663564,0.0614094,156,0.423254,backward
93.92434072494507,2.1024051091075626,3.943097584315916,-0.23083558212725863,-0.5286359340829833,-2.2583264279677677,-870.2272727563952,-0.05452090765636299,0.0614094,156,0.423254,backward
94.07721424102783,2.107902562939247,3.9605604106671417,-0.4050699233758321,0.1454091385536506,2.826803668133051,-871.425327967474,-0.0545959674247423,0.0614094,156,0.423103,backward
94.21788454055786,2.120190989970638,3.9565180894070577,0.30640785324270314,0.1858562316631454,1.0005226973149506,-873.2516089382922,-0.054710386380895176,0.06180305,157,0.423103,backward
94.34971356391907,2.115501984785373,3.9439060484131856,0.47561028216543827,-0.3844653568248973,-0.8415987524237025,-875.0937303880308,-0.0548257977643317,0.06180305,157,0.422952,backward
94.49181318283081,2.1007882109647933,3.9451995909860953,-0.33714851280449226,-0.511500549937892,-2.391836975061473,-876.6439686106685,-0.05492292227148956,0.06180305,157,0.422952,backward
94.63336253166199,2.109357771344337,3.9581350178860912,-0.4076439707333504,0.23873329800692164,2.67809067121948,-877.8572262715671,-0.054998934493772265,0.06180305,157,0.4228,backward
94.77564978599548,2.1213228188332427,3.949888682991245,0.32861769188345824,0.1241361101917911,0.7687052538808655,-879.7666116889058,-0.05511856005513784,0.0621967,158,0.4228,backward
94.91338062286377,2.124879995321388,3.954254389592385,0.7945616601214022,-0.012439245716500165,0.045555798831177885,-880.4897611439555,-0.05516386633993818,0.0621967,158,0.422644,backward
95.04923844337463,2.1203526798075627,3.9376000286746513,0.7292586604276059,-0.6158808059432463,-0.7941281045225355,-881.3294450473093,-0.055216473664471084,0.0621967,158,0.422485,backward
95.19018411636353,2.112591567856935,3.9461697479297357,0.28774461650426103,-0.6889911197678732,-1.3897293090026261,-881.9250462517892,-0.05525378888003151,0.0621967,158,0.422485,backward
95.32947206497192,2.1075791832958264,3.94196573459369,-0.038028247659511634,-0.6832446847943449,-1.8917678806526341,-882.4270848234391,-0.05528524227095796,0.0621967,158,0.422334,backward
95.47750759124756,2.104668766540278,3.9485951403412005,-0.3049003291082227,-0.4410451551889369,-2.463792908063553,-882.99910985085,-0.05532108040735399,0.0621967,158,0.422334,backward
95.63664293289185,2.1030518683701422,3.9536076182287543,-0.4611818945594802,-0.2725209547958726,-2.8181260553233716,-883.3534429981099,-0.0553432798550226,0.0621967,158,0.422185,backward
95.77608013153076,2.1033752480026053,3.962824110663821,-0.5315313754766852,0.17050654573451893,2.8119811723904684,-884.0065210775757,-0.05538419607401234,0.0621967,158,0.422034,backward
95.91386818885803,2.1061239749101253,3.9573265536424085,-0.4341861915121784,0.3053544712787331,2.5798011702899415,-884.2387010796764,-0.055398742463042515,0.0621967,158,0.422034,backward
96.04579520225525,2.1061239749101253,3.9553862394915598,-0.3236890772040941,0.2331106271661233,2.5842516524728945,-884.2342505974935,-0.055398463634355216,0.0621967,158,0.422034,backward
96.18662714958191,2.109357771344337,3.9616922606573084,-0.1843867687509029,0.4026813444800492,2.1866674844281664,-884.6318347655383,-0.05542337281657717,0.0621967,158,0.421882,backward
96.3218822479248,2.111621428894919,3.9578116321876187,-0.03587758266771414,0.3048954036823058,2.022371335037293,-884.7961309149292,-0.05543366619104344,0.06259035,159,0.42173,backward
96.46365571022034,2.1132383271688693,3.9578116321876187,0.13522526248088407,0.30342063587909224,1.5730647841534118,-885.2454374658131,-0.055461815850031425,0.06259035,159,0.42173,backward
96.60442733764648,2.11663381360806,3.955224546647821,0.3350304554630233,0.19278878831792107,0.8777470506349332,-885.9407551993315,-0.055505378440090125,0.06259035,159,0.421572,backward
96.75360918045044,2.123586476587394,3.9469782120585784,0.7233019046509986,-0.15026976221530056,-0.1798168700595226,-886.9983191200259,-0.05557163624039814,0.062984,160,0.421572,backward
96.89828443527222,2.1203526798075627,3.943097584315916,0.7328642693963986,-0.4362565756210916,-0.5869934447296922,-887.405495694696,-0.05559714639978111,0.062984,160,0.42142,backward
97.0336811542511,2.115178605123516,3.9418040417775577,0.43232648163898885,-0.8085756327450966,-1.2157617537405394,-888.0342640037069,-0.05563653957899537,0.062984,160,0.42142,backward
97.16718435287476,2.108387632405847,3.944714512518762,-0.008493960310796864,-0.7195759800385937,-1.8104689466538806,-888.6289711966203,-0.055673798783530196,0.062984,160,0.421262,backward
97.32843589782715,2.1015966600337355,3.9505354543242523,-0.5057267703142848,-0.31413102321257325,-2.7764282920626115,-889.594930542029,-0.05573431743413972,0.062984,160,0.421113,backward
97.49029898643494,2.1059622850904707,3.952637461193298,-0.46639054956739506,-0.04945073527547321,3.1163792588166883,-889.9853082983293,-0.05575877512498516,0.062984,160,0.421113,backward
97.62609577178955,2.120837749319517,3.9545777752761984,0.24366571646863824,0.25858852345888245,1.2539438948388806,-891.8477436623072,-0.05587545920243742,0.06337765,161,0.420962,backward
97.76692795753479,2.1245566156367066,3.9458463622805255,0.8269808812452121,-0.3575726029319269,-0.4074102228436804,-893.5090977799897,-0.055979545269687174,0.06337765,161,0.420962,backward
97.91375923156738,2.1066090443702636,3.9442294340544186,0.20142801318559966,-0.5798731812709923,-1.4666611551131061,-894.5683487122592,-0.056045908763536614,0.06337765,161,0.420813,backward
98.05280303955078,2.1129149475125093,3.957488246490479,-0.0648120139268861,-0.09504196999374152,-3.0232699533613,-896.1249575105073,-0.05614343239581437,0.06337765,161,0.420813,backward
98.19025683403015,2.123586476587394,3.9413189633311534,0.730660946837668,-0.3920721637867635,-0.5044109447399043,-899.8892838090657,-0.05637927249521972,0.0637713,162,0.420662,backward
98.33690667152405,2.1069324240113345,3.947301597712442,0.10620242477145109,-0.6241877646810471,-1.653910345053515,-901.0387832093794,-0.056451290176827235,0.0637713,162,0.42051,backward
98.48927569389343,2.11663381360806,3.952960846870451,0.025516496372150616,-0.11781514898420986,-2.842379847330334,-902.2272527116563,-0.056525749387673165,0.0637713,162,0.42051,backward
98.62510967254639,2.123748166428453,3.9451995909860953,0.7279292730717014,-0.31841272985633867,-0.39271846049902454,-906.0607766320046,-0.056765924811040154,0.06416495,163,0.42036,backward
98.77311086654663,2.1075791832958264,3.9481100618529217,0.2350711344637561,-0.583992711858925,-1.4149611354225615,-907.0830193069281,-0.05682996968785189,0.06416495,163,0.42036,backward
98.92010068893433,2.1025667989229144,3.9531225397095278,-0.4524830761432244,-0.2619455882114486,-2.86155370754828,-908.5296118790537,-0.05692060065577298,0.06416495,163,0.4202,backward
99.0727014541626,2.114693535632204,3.96088379637695,-0.12112077172381999,0.20765019569302184,2.310515047877434,-909.6407284308076,-0.05699021360035669,0.06416495,163,0.4202,backward
99.20742964744568,2.1200293001339103,3.9458463622805255,0.4480057153956141,-0.17210336746808189,-0.28063628218074027,-912.2318797608658,-0.05715255271200312,0.0645586,164,0.420042,backward
99.3750741481781,2.1117831187214313,3.9390552639541108,0.2720193523954467,-0.6386536245861161,-1.3545244341855964,-913.3057679128706,-0.057219833247331854,0.0645586,164,0.420042,backward
99.52260875701904,2.100949900778191,3.9458463622805255,-0.39617989414738336,-0.5915487904183209,-2.401923333616924,-914.353166812302,-0.057285454195402576,0.0645586,164,0.419883,backward
99.66896843910217,2.100303141525772,3.951828997006239,-0.7052254703976818,-0.20300179063975046,-3.0172769985932772,-914.9685204772784,-0.05732400692914754,0.0645586,164,0.419724,backward
99.80738162994385,2.109357771344337,3.953445925388679,-0.3286377330379168,-0.0018675629037907808,2.9396236151464725,-915.2948051707183,-0.05734444910350549,0.0645586,164,0.419724,backward
99.97712254524231,2.119544230624907,3.9401871136344986,0.328924871855505,-0.3886472184091594,-0.9831846770957426,-919.2176134629606,-0.057590218312711626,0.06495225,165,0.419565,backward
100.12604975700378,2.112106498375044,3.9400254208220193,0.3182156048672281,-0.654817925047567,-1.2546818475702644,-919.4891106334351,-0.05760722797515707,0.06495225,165,0.419565,backward
100.28628706932068,2.0990096230303075,3.9435826627732813,-0.5284020496992108,-0.6817806280457289,-2.4260868901779644,-920.6605156760429,-0.05768061807468122,0.06495225,165,0.419414,backward
100.42430853843689,2.1027284887384616,3.9566797822534614,-0.6883655925010324,-0.025250691056772103,3.039828356808017,-921.4777857362365,-0.05773182114183054,0.06495225,165,0.419265,backward
100.55783534049988,2.1137233966548807,3.9508588399927524,-0.18209739099334235,0.13462229994824582,2.468423037865947,-922.0491910551785,-0.05776762045265853,0.06495225,165,0.419265,backward
100.70596146583557,2.1167955034406583,3.94261250586154,0.31429044084392593,-0.2532868152975861,-0.6500086919969514,-925.1676227850414,-0.05796299438967385,0.0653459,166,0.419114,backward
100.8442656993866,2.111621428894919,3.944552819696982,0.18130269509845756,-0.581651206123231,-1.4454704915215488,-925.963084584566,-0.05801283113999618,0.0653459,166,0.419114,backward
100.98978853225708,2.0998180720885085,3.944391126875534,-0.4906165820406659,-0.6042072550351796,-2.463701089588315,-926.9813151826327,-0.058076624654803226,0.0653459,166,0.418965,backward
101.13107562065125,2.1001414517131556,3.951020532827501,-0.7443207945568306,-0.3167224741887639,-2.912831684552109,-927.4304457775963,-0.05810476328991644,0.0653459,166,0.418965,backward
101.28030323982239,2.114855225462445,3.9539310039099034,-0.15796513201597326,-0.03318037110118436,2.8310478272222106,-927.9697515730015,-0.058138551522474005,0.0653459,166,0.418813,backward
101.41581058502197,2.121161128995137,3.9442294340544186,0.44724982057720997,-0.35788952424356,-0.612382765231625,-925.1299968582757,-0.057960637074817266,0.06573955,167,0.418655,backward
101.55766105651855,2.1111363594165593,3.9435826627732813,0.26092001853067576,-0.751396877370356,-1.3337206990270691,-925.8513347920712,-0.058005829865377515,0.06573955,167,0.418655,backward
101.69360518455505,2.1015966600337355,3.944391126875534,-0.4074067001966826,-0.6772587866591807,-2.324767419181242,-926.8423815122253,-0.05806792027371592,0.06573955,167,0.418655,backward
101.82920336723328,2.1096811509920674,3.9634708821034534,-0.37171975297300175,0.1311145334076995,2.636009049721221,-928.1647903505025,-0.05815077096388942,0.06573955,167,0.418494,backward
101.9764301776886,2.1240715461111637,3.942935891497459,0.4671307918904425,-0.35313204292195466,-0.5466056713860152,-931.3474050716097,-0.058350166051526306,0.0661332,168,0.418335,backward
102.13191223144531,2.119382540788967,3.9372766430606436,0.7037460166400208,-0.7715860320205999,-0.8180982480865704,-931.6188976483103,-0.058367175426165645,0.0661332,168,0.418335,backward
102.27348566055298,2.1056389054517486,3.942774198679333,-0.020699716123378672,-0.7018612971117124,-1.7980258406764773,-932.5988252409003,-0.05842856920622529,0.0661332,168,0.418176,backward
102.4124801158905,2.104668766540278,3.95247576835522,-0.39139160637834636,-0.2750650814495991,-2.8829225932637215,-933.6837219934876,-0.0584965394451689,0.0661332,168,0.418176,backward
102.54548001289368,2.1203526798075627,3.947463290539873,0.3329226347944785,-0.021646960085068244,0.48378478655355317,-936.6001999208498,-0.05867926070516331,0.06652685,169,0.418018,backward
102.68187093734741,2.1221312680267226,3.9411572705163493,0.7073463009600236,-0.5580638069134319,-0.6063865024429526,-937.6903712098464,-0.05874756140089849,0.06652685,169,0.418018,backward
102.82388639450073,2.1059622850904707,3.939702035198055,0.05203543952801372,-0.7793002844961765,-1.665432585935365,-938.7494172933389,-0.058813912060696874,0.06652685,169,0.41786,backward
102.96242594718933,2.1061239749101253,3.9571648607946717,-0.4447687919290696,-0.18916888252407385,-3.0732150225521897,-940.1571997299558,-0.058902111521492814,0.06652685,169,0.41786,backward
103.10950517654419,2.1234247867465315,3.953445925388679,0.36187321138510714,0.14887245357901788,0.8612104675437203,-942.5059595470395,-0.05904926447923521,0.0669205,170,0.4177,backward
103.26869368553162,2.1182507119428884,3.940510499260454,0.6504562667482862,-0.6235258506924881,-0.7204744880490934,-944.0876445026323,-0.05914835916645662,0.0669205,170,0.4177,backward
103.405193567276,2.10353693781913,3.945037898163318,-0.12575265840806302,-0.6456128503579732,-2.0237029836024316,-945.3908729981857,-0.059230008182392595,0.0669205,170,0.41755,backward
103.5438449382782,2.1132383271688693,3.9451995909860953,-0.06623333741146546,-0.3657616194691042,-2.2756105978686394,-945.642780612452,-0.059245790532826,0.0669205,170,0.417397,backward
103.68504118919373,2.1222929578660095,3.9508588399927524,0.4937917668395272,-0.05554453585398874,0.2611223034539065,-949.3892330183091,-0.05948051080884276,0.06731415,171,0.417397,backward
103.82212615013123,2.122616337545174,3.9455229766326463,0.7312950841566975,-0.45147201192983616,-0.4441481132593766,-950.0945034350224,-0.05952469694787353,0.06731415,171,0.417249,backward
103.96331262588501,2.117603952606598,3.93549802220732,0.5750776162680181,-0.9312177575005391,-1.037318670347564,-950.6876739921105,-0.05956185988010966,0.06731415,171,0.417249,backward
104.10564613342285,2.1101662204651337,3.939378649575419,0.21890794510990727,-0.8189762669498384,-1.4270388871573545,-951.0773942089203,-0.059586276375222715,0.06731415,171,0.417097,backward
104.26616740226746,2.1045070767223844,3.9455229766326463,-0.2656180685439953,-0.6050631195668715,-2.307889473933129,-951.958244795696,-0.059641462847773205,0.06731415,171,0.417097,backward
104.41913986206055,2.108549322228439,3.955062853804416,-0.25799761015615275,-0.04590121213864611,2.804583990914229,-953.1289566380282,-0.05971480951736887,0.06731415,171,0.416938,backward
104.56375312805176,2.123263096905866,3.9484334475114418,0.39936540753347344,-0.12643150561988162,0.1784066655443728,-955.7551339633981,-0.05987934305467368,0.0677078,172,0.416787,backward
104.69940638542175,2.1245566156367066,3.94261250586154,0.8335712256550645,-0.4584063266671497,-0.3763479760563867,-956.3098886049988,-0.05991409917819857,0.0677078,172,0.416787,backward
104.85383486747742,2.111298049242483,3.9413189633311534,0.33702146082490647,-0.7931399383760069,-1.2423458016633044,-957.1758864306058,-0.0599683551053094,0.0677078,172,0.416628,backward
104.98760747909546,2.1030518683701422,3.949403604494983,-0.4208530895487549,-0.450027408592031,-2.6944585645051706,-958.6279991934479,-0.06005933192059442,0.0677078,172,0.416628,backward
105.13542175292969,2.117442262773017,3.9479483690241612,0.00146142753687499,-0.11289856337765375,2.5903598837604607,-959.6263660523617,-0.060121880945459616,0.0677078,172,0.41647,backward
105.26828789710999,2.122454647705493,3.940995577701878,0.6277519155857768,-0.547254445410288,-0.6207260939470354,-962.8374520300691,-0.06032305979556931,0.06810145,173,0.41647,backward
105.42510223388672,2.1045070767223844,3.9460080551049646,0.009109857028711487,-0.7538507135718938,-1.7790466380233148,-963.9957725741453,-0.06039563013368342,0.06810145,173,0.41631,backward
105.5856921672821,2.114531845802159,3.961045489232355,-0.16887581387328765,0.05185888214078075,2.440881023770128,-966.0590302195316,-0.060524895996840154,0.06810145,173,0.416162,backward
105.74456572532654,2.121969578187633,3.939702035198055,0.5481608736753977,-0.531544566710307,-0.672509592763473,-969.1724208360653,-0.060719954101333434,0.0684951,174,0.416162,backward
105.88233375549316,2.105153835995133,3.940995577701878,-0.009834273085355554,-0.844390003291306,-1.7798564729813764,-970.2797677162831,-0.06078933087093144,0.0684951,174,0.41601,backward
106.01968002319336,2.107902562939247,3.95247576835522,-0.32025036992908645,-0.3555289687103264,-2.810548238474001,-971.3104594817758,-0.0608539050946174,0.0684951,174,0.41601,backward
106.1645405292511,2.1227780273850514,3.9414806561462896,0.44481253271400867,-0.3808213095689853,-0.5025503651271784,-975.2856469156085,-0.06110295592740761,0.06888875,175,0.415862,backward
106.29967546463013,2.1158253644480154,3.9406721920739303,0.5538547537985805,-0.7312520466487811,-0.8879509684418672,-975.671047518923,-0.061127101792932445,0.06888875,175,0.415862,backward
106.44948387145996,2.1027284887384616,3.9390552639541108,-0.26676098442517504,-0.8696666585942107,-2.1107303065376994,-976.8938268570188,-0.06120371056108247,0.06888875,175,0.41571,backward
106.60598301887512,2.1066090443702636,3.9553862394915598,-0.4994687944707199,-0.15296710561674715,3.041540333648954,-978.0247415240118,-0.06127456388418168,0.06888875,175,0.415552,backward
106.73934864997864,2.1187357814471706,3.9471399048853444,0.21210044341572354,-0.3221590159659493,-0.850924022584431,-975.6340205730656,-0.06112478200503439,0.0692824,176,0.415552,backward
106.88136291503906,2.11663381360806,3.938408492715477,0.45456517428581333,-0.7001922228296804,-0.9660932612468757,-975.749189811728,-0.06113199751254898,0.0692824,176,0.41539,backward
107.02462029457092,2.099171312841557,3.9343661725942805,-0.379744888917874,-1.1044467294225069,-2.087760387935332,-976.8708569384164,-0.06120227146482543,0.0692824,176,0.41539,backward
107.16400694847107,2.0999797619007343,3.9497269901588252,-0.8104176424739591,-0.4886626062099994,-2.868450752640237,-977.6515473031213,-0.061251182764913134,0.0692824,176,0.415232,backward
107.30223631858826,2.113561706826014,3.949888682991245,-0.1937169350864349,-0.10072141425754833,2.733584542896339,-978.3326973147642,-0.061293857728164154,0.0692824,176,0.415232,backward
107.44143652915955,2.119867610297379,3.9421274274101545,0.4090756504582311,-0.46835500179447653,-0.6662706052571498,-981.7325524629176,-0.061506863220385,0.06967605,177,0.41508,backward
107.60497784614563,2.113561706826014,3.9377617214821528,0.3344579422259966,-0.8737900666868479,-1.2324184531983582,-982.2987003108589,-0.061542333143592164,0.06967605,177,0.41508,backward
107.75089478492737,2.100626521151591,3.944714512518762,-0.3580060653344812,-0.6532732839174797,-2.4169618890346456,-983.4832437466952,-0.06161654638110152,0.06967605,177,0.41493,backward
107.88590669631958,2.100464831338584,3.9531225397095278,-0.7000025558726999,-0.3025600235700326,-3.0679391303467525,-984.1342209880074,-0.061657330979758784,0.06967605,177,0.41493,backward
108.02074599266052,2.1119448085481394,3.949403604494983,-0.27021488994982945,-0.1511253130712323,2.8955811481274383,-984.4538860167128,-0.061677358423228586,0.06967605,177,0.414773,backward
108.17245674133301,2.1188974712823243,3.94261250586154,0.3900138337424422,-0.3826563908362501,-0.44373138050510497,-987.7931985453453,-0.06188657083900664,0.0700697,178,0.414622,backward
108.31875038146973,2.112268188202145,3.9359831006178827,0.2865217071935911,-1.0017983783646636,-1.3263490188329787,-988.6758161836732,-0.06194186801971064,0.0700697,178,0.414622,backward
108.45893669128418,2.1022434192924067,3.943420969953827,-0.3216137728745849,-0.8357325065984107,-2.1956581223928384,-989.5451252872331,-0.061996331402833414,0.0700697,178,0.41447,backward
108.6113064289093,2.105800595271012,3.9523140755174757,-0.5528157211982659,-0.4220532130148872,-2.8942498295625785,-990.2437169944027,-0.06204009911173946,0.0700697,178,0.41447,backward
108.7639524936676,2.119382540788967,3.9539310039099034,0.08897956359464228,-0.019872511168706516,1.5628874110539872,-992.0697650609657,-0.06215450347612787,0.07046335,179,0.414321,backward
108.92559218406677,2.121969578187633,3.938893571143955,0.6278626517618154,-0.6755755621965345,-0.6590213468718884,-994.2916738188916,-0.06229370904460889,0.07046335,179,0.41417,backward
109.06168222427368,2.1132383271688693,3.934204479793744,0.3249470136527143,-1.1219336078120459,-1.3079580821546695,-994.9406105541743,-0.062334365802822304,0.07046335,179,0.41417,backward
109.21146392822266,2.1022434192924067,3.944552819696982,-0.34280993228074164,-0.7797509155399217,-2.281056499736243,-995.9137089717559,-0.06239533172589371,0.07046335,179,0.41402,backward
109.37620854377747,2.112591567856935,3.9516673041698254,-0.18104834170263745,-0.1650455350242804,2.7567625946760272,-997.1590751845232,-0.06247335559208396,0.07046335,179,0.41402,backward
109.52226972579956,2.120837749319517,3.9374383358674816,0.38362899340550466,-0.5449092383397314,-0.7433843207891059,-1000.6592220999884,-0.06269264449825364,0.070857,180,0.41387,backward
109.67070174217224,2.1137233966548807,3.936144793422067,0.3940459300720635,-0.8921659666271411,-1.1149460232059238,-1001.0307838024052,-0.06271592333804678,0.070857,180,0.413718,backward
109.81902813911438,2.1024051091075626,3.940995577701878,-0.29534027736375185,-0.8861760075057239,-2.1442070718883093,-1002.0600448510876,-0.06278040792540263,0.070857,180,0.413718,backward
109.96072244644165,2.1080642527612508,3.9497269901588252,-0.3479942472975614,-0.3455341029046773,-3.0103395181799115,-1002.9261772973792,-0.06283467228668019,0.070857,180,0.41356,backward
110.0946614742279,2.119382540788967,3.951020532827501,0.281476425606147,-0.112282284688043,0.728406387354,-1005.4706166990248,-0.06299408483326119,0.07125065,181,0.41356,backward
110.24792385101318,2.119867610297379,3.9424508130440796,0.5961892258088243,-0.6807940345784083,-0.6605284034342901,-1006.8595514898133,-0.06308110346372704,0.07125065,181,0.413403,backward
110.42015075683594,2.100626521151591,3.94196573459369,-0.19170069036974993,-0.8781835598205122,-2.023226193717837,-1008.2222492800968,-0.06316647831086582,0.07125065,181,0.413252,backward
110.56157851219177,2.108549322228439,3.9479483690241612,-0.360982803117725,-0.3990539864967077,-2.9196065264769135,-1009.1186296128559,-0.06322263774286402,0.07125065,181,0.413252,backward
110.70207500457764,2.1213228188332427,3.947301597712442,0.32355735269627434,-0.2589947540525136,0.15893955592785383,-1012.3232688376307,-0.06342341269524225,0.0716443,182,0.413252,backward
110.85813593864441,2.116472123775658,3.9372766430606436,0.49669907994472917,-0.8191891395299826,-0.9076638209362133,-1013.3898722144949,-0.06349023682962243,0.0716443,182,0.413093,backward
111.00726222991943,2.1024051091075626,3.9485951403412005,-0.35068635247699737,-0.5530049219283911,-2.6268971791336098,-1015.1091055726923,-0.06359794910904241,0.0716443,182,0.412935,backward
111.16564726829529,2.1171188831064445,3.9544160824341246,-0.0631625201726424,-0.10236224642957685,2.207849715544177,-1016.5575439851941,-0.06368869572134267,0.0716443,182,0.412935,backward
111.30575656890869,2.1247183054789485,3.9439060484131856,0.6648761597630213,-0.4926870264869774,-0.3171222055364098,-1019.0825159062746,-0.06384688860411465,0.07203795,183,0.412783,backward
111.44436144828796,2.1159870542796315,3.9411572705163493,0.5018279928184649,-0.7957767231911451,-0.8753561804625681,-1019.6407498812008,-0.06388186271254635,0.07203795,183,0.412783,backward
111.59107899665833,2.1061239749101253,3.936144793422067,-0.09792021354288981,-1.0288674303098984,-1.8342625333856024,-1020.5996562341238,-0.06394193948370203,0.07203795,183,0.412632,backward
111.73167300224304,2.1043453869046864,3.947301597712442,-0.4085656974909987,-0.4825095404245292,-2.82200786095393,-1021.5874015616921,-0.06400382305536001,0.07203795,183,0.412473,backward
111.86870956420898,2.1087110120512267,3.948271754682015,-0.2844710864300129,-0.13197169820354593,2.6805184538205684,-1022.3680605540972,-0.06405273238993099,0.07203795,183,0.412473,backward
112.02323532104492,2.115178605123516,3.954901160961344,0.08310337009981016,0.07188240048851835,1.575733639573435,-1023.4728453683443,-0.06412194864265418,0.07203795,183,0.412314,backward
112.15713357925415,2.119705920461045,3.953284232548937,0.44714083790802855,-0.01691993591669385,0.6832353423600664,-1024.365343665558,-0.06417786485991053,0.0724316,184,0.412314,backward
112.2937216758728,2.121969578187633,3.952152382680064,0.681660269149637,-0.013732443107170198,0.4611869057755487,-1024.5873921021425,-0.0641917764927509,0.07282525,185,0.412163,backward
112.42965292930603,2.122939717225126,3.950212068657083,0.8118767397572936,-0.26250216931219,0.06098575071542102,-1024.9875932572027,-0.06421684963272488,0.07282525,185,0.412163,backward
112.57917141914368,2.1240715461111637,3.9424508130440796,0.8882097132533823,-0.5691143443625559,-0.3236879754290154,-1025.3722669833471,-0.06424094995841857,0.07282525,185,0.412004,backward
112.71317410469055,2.123263096905866,3.9451995909860953,0.8605574279113627,-0.5615633709807712,-0.3261145084753115,-1025.3746935163936,-0.0642411019839736,0.07282525,185,0.412004,backward
112.8800277709961,2.1213228188332427,3.936629871836609,0.7543640895533181,-0.8088585590774636,-0.6651043362592896,-1025.7136833441775,-0.06426234015206563,0.07282525,185,0.411846,backward
113.01422619819641,2.1200293001339103,3.9376000286746513,0.6539484595457156,-0.9103515704882129,-0.8440303300974227,-1025.8926093380155,-0.06427355010593946,0.07282525,185,0.411846,backward
113.15251564979553,2.1177656424403755,3.942935891497459,0.5137276865886791,-0.8687840545815031,-0.9587266643525395,-1026.0073056722706,-0.06428073598535765,0.07282525,185,0.411687,backward
113.28902125358582,2.1119448085481394,3.938408492715477,0.18586356503003118,-0.8945005261527712,-1.4780324477466464,-1026.5266114556648,-0.06431327119029576,0.07282525,185,0.411687,backward
113.42452383041382,2.1059622850904707,3.944391126875534,-0.1508637965287881,-0.6705667032425046,-2.2685580523903903,-1027.3171370603088,-0.06436279868137779,0.07282525,185,0.411528,backward
113.57583379745483,2.103860317452766,3.9505354543242523,-0.44482191286233147,-0.3516788036526772,-3.1127466696472244,-1028.1613256775656,-0.06441568823228813,0.07282525,185,0.41137,backward
113.73384523391724,2.105153835995133,3.9511822256625835,-0.4931420903784447,-0.032871729135458466,2.687471988685782,-1028.6442923264121,-0.0644459467416307,0.07282525,185,0.41137,backward
113.89986491203308,2.116472123775658,3.955871318024774,0.05355907549454858,0.12833176689983516,1.709690462079913,-1029.622073853018,-0.06450720606777353,0.07282525,185,0.41122,backward
114.04607439041138,2.121646198510044,3.9458463622805255,0.5812982426265332,-0.46312598136104444,-0.2858181541721717,-1031.6175824692705,-0.0646322273632445,0.0732189,186,0.41122,backward
114.1853997707367,2.116148744111444,3.939540342386571,0.4887772530219745,-0.7689796505306354,-0.877979900134392,-1032.2097442152326,-0.0646693270921084,0.0732189,186,0.411062,backward
114.3241777420044,2.1022434192924067,3.9464931335802755,-0.2919333082049798,-0.79404481782955,-2.3082508739900103,-1033.6400151890882,-0.06475893548997229,0.0732189,186,0.41091,backward
114.46564483642578,2.1108129797652997,3.952637461193298,-0.3475278930511886,-0.2234548444482951,2.9021447687595625,-1034.7128048535183,-0.06482614720357882,0.0732189,186,0.41091,backward
114.61668515205383,2.1200293001339103,3.936144793422067,0.42384866771918694,-0.6130072150971808,-0.7354966940563158,-1038.3504463163342,-0.06505405032784307,0.07361255,187,0.41091,backward
114.75330114364624,2.1014349702195565,3.9476249833676365,-0.27617199856418556,-0.6867228144977503,-2.422483294448174,-1040.0374329167264,-0.06515974230456793,0.07361255,187,0.410752,backward
114.88629579544067,2.115663674616596,3.951828997006239,-0.1310469362408775,-0.17237291852120307,2.538020963066598,-1041.3601139663913,-0.06524261004915054,0.07361255,187,0.410593,backward
115.03917098045349,2.115178605123516,3.9374383358674816,0.344204347151682,-0.7257766430190398,-1.0321462426566612,-1044.9302811721145,-0.06546628582056652,0.0740062,188,0.410593,backward
115.1916389465332,2.0996563822764776,3.9484334475114418,-0.4227289880731653,-0.6396599583678868,-2.64096334550252,-1046.5390982749607,-0.06556708037326127,0.0740062,188,0.410435,backward
115.3370885848999,2.1129149475125093,3.9553862394915598,-0.19723229122218658,0.002452504248346481,2.291724248380586,-1047.8895959882575,-0.06565169086918789,0.0740062,188,0.410435,backward
115.48602247238159,2.1222929578660095,3.9485951403412005,0.5520370122378739,-0.4208608004650851,-0.17433721384966483,-1050.3556574504878,-0.06580619293257567,0.07439985,189,0.410283,backward
115.6283221244812,2.1056389054517486,3.9387318783341305,0.03784947969155205,-0.8793349856199946,-1.7094947245662038,-1051.8908149612043,-0.06590237261287302,0.07439985,189,0.410134,backward
115.77254939079285,2.099333002653002,3.9513439184979977,-0.6475540181626483,-0.44673852810033754,-3.014810523077438,-1053.1961307597157,-0.06598415240114329,0.07439985,189,0.410134,backward
115.91031193733215,2.1114597390686027,3.956194703715249,-0.33548109039109897,0.005717491800752206,2.458214332382102,-1054.0062912114358,-0.06603491004177107,0.07439985,189,0.409983,backward
116.0548186302185,2.12180788834874,3.9484334475114418,0.49403840632145307,-0.17335106255217847,0.41367474405173754,-1056.0508307997661,-0.06616300319350839,0.0747935,190,0.409983,backward
116.18856072425842,2.1213228188332427,3.9400254208220193,0.7255490504173172,-0.6565285524867417,-0.46402693109596765,-1056.928532474914,-0.0662179923825153,0.0747935,190,0.409832,backward
116.3244059085846,2.1080642527612508,3.9413189633311534,0.17276851734193002,-0.9066893495054286,-1.4585097770859445,-1057.923015320904,-0.06628029806875323,0.0747935,190,0.409832,backward
116.47651529312134,2.104183697087184,3.944714512518762,-0.38229148850940553,-0.5041496103038566,-2.845195564188651,-1059.3097011080065,-0.06636717579611696,0.0747935,190,0.40968,backward
116.6299250125885,2.114531845802159,3.9539310039099034,-0.02843629931919734,-0.09581613598250563,2.0451724447851376,-1060.7025184062122,-0.06645443767088806,0.0747935,190,0.40968,backward
116.76936936378479,2.123101407065397,3.9432592771347053,0.5423598483881507,-0.3211414905123712,0.06834476257158723,-1062.679346088426,-0.0665782885807465,0.07518715,191,0.409521,backward
116.90923476219177,2.1171188831064445,3.9403488064473104,0.5246796948064015,-0.8502765258866158,-0.8757462069586589,-1063.6234370579564,-0.06663743714823042,0.07518715,191,0.409373,backward
117.04968357086182,2.103860317452766,3.9403488064473104,-0.12846555905507587,-0.9030381434254087,-1.9866755332350088,-1064.7343663842328,-0.06670703836288647,0.07518715,191,0.409373,backward
117.18788242340088,2.1027284887384616,3.957003167947269,-0.5648025729309119,-0.23071391602304128,2.9489905115473074,-1066.0818856466299,-0.06679146225486313,0.07518715,191,0.40922,backward
117.32417750358582,2.114208466142659,3.9497269901588252,-0.1441906005778138,-0.18786524905549398,2.5305279121656308,-1066.5003482460115,-0.06681767949885532,0.07518715,191,0.40922,backward
117.45486569404602,2.1240715461111637,3.9460080551049646,0.5769616754456035,-0.2170846904514224,0.28652601484663215,-1068.7443501433306,-0.06695826923219811,0.0755808,192,0.409063,backward
117.59603333473206,2.119059161117675,3.939378649575419,0.6524075220284651,-0.7152460144987812,-0.5807660014150624,-1069.6116421595925,-0.06701260624209202,0.0755808,192,0.409063,backward
117.75795030593872,2.103213558186276,3.9442294340544186,-0.0905368898330776,-0.7140075671293562,-2.0897657349028838,-1071.1206418930806,-0.06710714710250701,0.0755808,192,0.40891,backward
117.89381122589111,2.0998180720885085,3.9513439184979977,-0.6517389557717257,-0.2818458207713065,3.033638842310632,-1072.2804226230467,-0.06717980892322864,0.0755808,192,0.40891,backward
118.04239511489868,2.114046776313203,3.9539310039099034,-0.2533737273351926,0.058301690669061976,2.269140674723088,-1073.0449207906343,-0.06722770576041519,0.0755808,192,0.408752,backward
118.1806652545929,2.12180788834874,3.9401871136344986,0.5016109273089358,-0.4016823046955595,-0.10865202461204702,-1075.4227134899693,-0.06737667766723189,0.07597445,193,0.408604,backward
118.31821799278259,2.1080642527612508,3.938408492715477,0.2513304594222508,-0.9740602744546669,-1.3333046359504208,-1076.6473661013074,-0.06745340379846702,0.07597445,193,0.408604,backward
118.46528220176697,2.100303141525772,3.9537693110691623,-0.5332458953669736,-0.45427434564393404,-3.002328915257501,-1078.3163903806144,-0.06755797041164624,0.07597445,193,0.408445,backward
118.60031485557556,2.1090343916973895,3.9581350178860912,-0.410195801971495,0.11835413139795696,2.3788171911958966,-1079.2184295813406,-0.06761448437932441,0.07597445,193,0.408445,backward
118.75030708312988,2.1192208509532224,3.947463290539873,0.31439114999115453,-0.08573692768167769,0.8893918941208179,-1080.7078548784154,-0.06770779887500282,0.0763681,194,0.408293,backward
118.90148591995239,2.1124298780294417,3.9406721920739303,0.3254661065859623,-0.7512459557082952,-1.0395133685273943,-1082.6367601410639,-0.06782864738089901,0.0763681,194,0.408293,backward
119.068674325943,2.1040220072698768,3.951990689842985,-0.27044917148929337,-0.39651867455182394,-3.0506410637736683,-1084.6478878363102,-0.06795464723265082,0.0763681,194,0.408135,backward
119.20969438552856,2.115178605123516,3.9516673041698254,-0.04762834525030154,-0.051992057875664174,1.9939229533945733,-1085.8865091263217,-0.06803224852036963,0.0763681,194,0.408135,backward
119.34530925750732,2.1227780273850514,3.951828997006239,0.6024084354236315,-0.13281974184027065,0.41863060469822955,-1087.4618014750183,-0.06813094270218148,0.07676175,195,0.407979,backward
119.496426820755,2.109357771344337,3.944714512518762,0.34698647131695187,-0.6751751993625911,-0.903003887849643,-1088.7834359675664,-0.06821374487855485,0.07676175,195,0.407979,backward
119.63868594169617,2.1019200396626805,3.952637461193298,-0.3759393895859706,-0.3700040304688508,-3.1283144354386474,-1091.0087465151555,-0.06835316357372805,0.07676175,195,0.40782,backward
119.79948401451111,2.1171188831064445,3.950212068657083,0.021752865921857368,-0.1823608535325673,1.9540862908038832,-1092.2095310960926,-0.06842839434079548,0.07676175,195,0.407668,backward
119.94303822517395,2.119867610297379,3.9413189633311534,0.5867850877381893,-0.4923323902886513,-0.2616811885053286,-1094.425298575402,-0.06856721514992128,0.0771554,196,0.407668,backward
120.11923289299011,2.1020817294774456,3.9464931335802755,-0.14705744401946494,-0.609170666534191,-2.3582994772512738,-1096.521916864148,-0.06869857110219947,0.0771554,196,0.40752,backward
120.25201916694641,2.1062856647299752,3.9515056113337454,-0.42811994468622583,-0.17509622609286768,2.7953219251226584,-1097.6514807689537,-0.0687693397982331,0.0771554,196,0.40752,backward
120.40203809738159,2.119382540788967,3.954092696750978,0.2145054518538224,0.1674727581242485,1.3432631219145654,-1099.103539572162,-0.06886031323287457,0.07754905,197,0.40736,backward
120.5688407421112,2.124233235952814,3.947463290539873,0.7245621407067268,-0.2400263227277771,0.18129407746433088,-1100.2655086166126,-0.06893311215443834,0.07754905,197,0.40736,backward
120.71084427833557,2.119867610297379,3.94196573459369,0.7209249029999597,-0.7118803395652548,-0.521559096510471,-1100.9683617905873,-0.06897714684996435,0.07754905,197,0.4072,backward
120.85406565666199,2.10887270187421,3.9416423489617576,0.17763401786180272,-0.8296080208805777,-1.42125366932273,-1101.8680563633998,-0.06903351392355407,0.07754905,197,0.407048,backward
121.0025839805603,2.1017583498481103,3.9476249833676365,-0.49380044020564523,-0.5296620488353936,-2.8734807229156893,-1103.3202834169927,-0.06912449789930815,0.07754905,197,0.407048,backward
121.13685822486877,2.1030518683701422,3.953284232548937,-0.5886692135210528,-0.07378787520334866,2.740663148751778,-1103.9893248525048,-0.06916641424399854,0.07754905,197,0.40689,backward
121.27194333076477,2.118574091612213,3.9536076182287543,0.11830204730059275,0.15703567461945697,1.5228848803844004,-1105.2071031208718,-0.0692427096884119,0.0779427,198,0.40689,backward
121.41216540336609,2.1213228188332427,3.94261250586154,0.6170038415281706,-0.32026592989117963,0.06876024265939781,-1106.6612277585969,-0.06933381255036097,0.0779427,198,0.40673,backward
121.55173373222351,2.1104896001148243,3.938893571143955,0.2954237625500232,-0.7753888147719461,-1.134990705805451,-1107.8649787070615,-0.06940922916433885,0.0779427,198,0.40673,backward
121.70960354804993,2.1064473545500215,3.959266867841246,-0.3422254250189566,-0.13008272931851034,2.6612415702153207,-1110.3519317382202,-0.06956504011258464,0.0779427,198,0.406582,backward
121.85903906822205,2.123586476587394,3.950212068657083,0.4373787402746119,0.15277647674383257,0.981442605795867,-1112.0317307026394,-0.0696702817742603,0.07833635,199,0.406423,backward
121.99704194068909,2.114855225462445,3.944391126875534,0.520315969850267,-0.5562693685034683,-0.4520719509439419,-1113.4652452593793,-0.06976009338694915,0.07833635,199,0.406423,backward
122.13372540473938,2.1025667989229144,3.955224546647821,-0.3454862247293582,-0.29746907206649265,3.0129047107439075,-1116.2834539048708,-0.06993665794442448,0.07833635,199,0.406272,backward
122.27880120277405,2.120190989970638,3.955224546647821,0.14998007167450877,0.12290112083283294,1.4647534976739787,-1117.8316051179409,-0.07003365169762935,0.07833635,199,0.406272,backward
122.41872382164001,2.1158253644480154,3.9401871136344986,0.5096824858182182,-0.43114984791153443,-0.19784448208971056,-1119.4942030977045,-0.07013781569450941,0.07873,200,0.406113,backward
122.55863857269287,2.10353693781913,3.9516673041698254,-0.24463518623712338,-0.41478863715596664,-2.960305110851788,-1122.2566637264665,-0.07031088756384767,0.07873,200,0.406113,backward
122.71801662445068,2.116148744111444,3.952799154031708,0.0556810511388253,0.20951345909535415,1.6508315848472535,-1123.928712337947,-0.07041564365550028,0.07873,200,0.405962,backward
122.8603847026825,2.121161128995137,3.94196573459369,0.6375179043006898,-0.33841258167400085,0.010010288297962362,-1125.5695336344966,-0.07051844331392333,0.07912365,201,0.405962,backward
122.9992401599884,2.1069324240113345,3.9400254208220193,0.1323249682254902,-0.5895198805964651,-1.468396705847715,-1127.0479406286424,-0.07061106749812184,0.07912365,201,0.405803,backward
123.14295768737793,2.1020817294774456,3.9555479323356315,-0.5237315087568118,-0.21808351392180494,2.940140223926923,-1128.9225890060475,-0.07072851673727164,0.07912365,201,0.405645,backward
123.28277587890625,2.1172805729396322,3.957488246490479,-0.0389846562971343,0.05197856479505567,1.905928210633291,-1129.956801019341,-0.07079331150921124,0.07912365,201,0.405645,backward
123.43069314956665,2.1264968937566215,3.938893571143955,0.7921482372439902,-0.252307646296499,0.125431940588256,-1131.7372972893859,-0.07090486199235588,0.0795173,202,0.405645,backward
123.57121896743774,2.112591567856935,3.938408492715477,0.5011721323967747,-0.7197494599270304,-0.7676477855981712,-1132.6303770155723,-0.07096081463691843,0.0795173,202,0.405486,backward
123.71746158599854,2.1019200396626805,3.949403604494983,-0.3515646236260082,-0.4398451734206334,-2.93400646356835,-1134.7967356935424,-0.07109653991826713,0.0795173,202,0.405327,backward
123.85849618911743,2.1134000169973435,3.9571648607946717,-0.1498210839165746,0.18364220133014666,2.0206095197507428,-1136.125305017403,-0.07117977657113811,0.0795173,202,0.405327,backward
124.00255751609802,2.1222929578660095,3.9461697479297357,0.6326419567231584,-0.0214563432203265,0.5364991310027339,-1137.609415406151,-0.07127275808067007,0.07991095,203,0.405176,backward
124.14532923698425,2.115663674616596,3.9453612838092043,0.5839788877031998,-0.37714815807537555,-0.09074631698978547,-1138.2366608541436,-0.0713120558505958,0.07991095,203,0.405176,backward
124.28758931159973,2.1011115905917843,3.949403604494983,-0.22126941855208107,-0.43186712259712917,-2.8597481011657777,-1141.0056626383193,-0.07148553753210778,0.07991095,203,0.405017,backward
124.4274435043335,2.1019200396626805,3.954254389592385,-0.5915356475618395,-0.08596534486162218,2.7998281321437917,-1141.6292717121894,-0.07152460747830981,0.07991095,203,0.405017,backward
124.57816052436829,2.1184124017774524,3.952637461193298,0.08082140204286374,0.13240343805198027,1.617133005832854,-1142.8119668385002,-0.07159870491674446,0.07991095,203,0.404858,backward
124.72525215148926,2.1171188831064445,3.943097584315916,0.4191542892273695,-0.31385167040679157,0.042241177956390485,-1144.3868586663766,-0.0716973740053889,0.0803046,204,0.4047,backward
124.89014291763306,2.103860317452766,3.9418040417775577,-0.11831696689332809,-0.570328525747074,-2.3167286030171166,-1146.7458284473505,-0.07184516663108455,0.0803046,204,0.4047,backward
125.03236126899719,2.098201173976986,3.952637461193298,-0.7387953201375803,-0.22000131758252817,3.0121843050030925,-1147.7001008465097,-0.07190495307881191,0.0803046,204,0.40454,backward
125.18868780136108,2.1132383271688693,3.955871318024774,-0.20879434248165982,0.18682533329396508,2.103654884053419,-1148.6086302674594,-0.0719618736675057,0.0803046,204,0.40454,backward
125.3261034488678,2.123586476587394,3.9468165192321445,0.5605176905747483,-0.0902135163883529,0.46060399529035617,-1150.2516811562223,-0.07206481301287603,0.08069825,205,0.404382,backward
125.47935271263123,2.1188974712823243,3.9422891202269508,0.6278024390826585,-0.5210348445455986,-0.36200269497206783,-1151.0742878464848,-0.07211635042706813,0.08069825,205,0.404382,backward
125.61491513252258,2.1056389054517486,3.952637461193298,-0.0840395305007096,-0.4428477672904165,-2.572249695676424,-1153.2845348471892,-0.07225482537079342,0.08069825,205,0.40423,backward
125.75972485542297,2.1075791832958264,3.9581350178860912,-0.3488513207567776,0.027950959809342587,2.4759689737588344,-1154.5195014849335,-0.07233219768963821,0.08069825,205,0.404072,backward
125.8955397605896,2.1214845086715446,3.9615305678005694,0.30175148678451064,0.3304298202602029,1.2634468381106767,-1155.7320236205817,-0.07240816383027592,0.08069825,205,0.404072,backward
126.03167152404785,2.121646198510044,3.9413189633311534,0.709851054110909,-0.2110147168606698,0.1662728079764131,-1156.8291976507157,-0.07247690325715049,0.0810919,206,0.404072,backward
126.17667889595032,2.109519461168104,3.940833884887738,0.2641260232221969,-0.7581035565023522,-1.226912020605655,-1158.2223824792975,-0.07256418815819336,0.0810919,206,0.40392,backward
126.31707072257996,2.1020817294774456,3.9537693110691623,-0.45748909328936666,-0.3529858904734751,-3.080226485230426,-1160.0756969439224,-0.07268030079904862,0.0810919,206,0.403762,backward
126.45657420158386,2.114046776313203,3.952152382680064,-0.19674157324482455,0.08901984180648387,2.200175643625465,-1161.0784801222462,-0.0727431265122575,0.0810919,206,0.403762,backward
126.60621976852417,2.1264968937566215,3.9481100618529217,0.7013857583268724,-0.04317305060481697,0.4192448248582648,-1162.8594109410135,-0.07285470422046335,0.08148555,207,0.403604,backward
126.74361634254456,2.12180788834874,3.9461697479297357,0.8748413949769399,-0.3715966058001803,-0.08032158446026327,-1163.3589773503318,-0.07288600272709875,0.08148555,207,0.403604,backward
126.8908019065857,2.1080642527612508,3.9484334475114418,0.16698890838252542,-0.4797791824350738,-1.2537908963579865,-1164.5324466622296,-0.07295952215586694,0.08148555,207,0.403452,backward
127.03744292259216,2.112591567856935,3.956356396560987,0.0006844964975536949,0.07452957903413367,1.8490416924453057,-1167.712799380606,-0.07315877552599409,0.08148555,207,0.403303,backward
127.18566012382507,2.131185899330381,3.948271754682015,0.9033357817294135,0.04970668756736574,0.4233178133905184,-1169.1385232596608,-0.07324809904226037,0.0818792,208,0.403303,backward
127.32079410552979,2.125203375006857,3.9439060484131856,1.102032430710979,-0.3849734667981364,-0.08225629868103017,-1169.6440973717324,-0.07327977393954369,0.0818792,208,0.403152,backward
127.46603274345398,2.1075791832958264,3.946654826406044,0.1562729067351218,-0.6729538840349136,-1.4962015248861364,-1171.0580425979374,-0.0733683595073861,0.0818792,208,0.403152,backward
127.61281037330627,2.1101662204651337,3.9544160824341246,-0.19665720871662434,0.044444639875467595,2.3142577697540583,-1173.5307686104768,-0.07352327911380355,0.0818792,208,0.402993,backward
127.75248217582703,2.123748166428453,3.9505354543242523,0.48113757406822316,0.12819212829958962,0.881087477474874,-1174.9639389027561,-0.07361306915786146,0.08227285,209,0.402993,backward
127.90223693847656,2.1143701559723107,3.949888682991245,0.4807578879449139,-0.19153288614607325,0.300318833323953,-1175.544707546907,-0.07364945509359198,0.08227285,209,0.402844,backward
128.04856276512146,2.1019200396626805,3.9464931335802755,-0.323357211059309,-0.4376624657856659,-2.8476126808353097,-1178.692639061066,-0.07384667723172196,0.08227285,209,0.402844,backward
128.19671869277954,2.105153835995133,3.96314749638297,-0.5109897499709545,0.09637973692902788,2.5840223279525603,-1179.5441893594577,-0.0739000280018447,0.08227285,209,0.402693,backward
128.33322191238403,2.116472123775658,3.958458403585897,0.06882120707265714,0.256577906339453,1.663694330532543,-1180.4645173568779,-0.07395768778720395,0.0826665,210,0.402693,backward
128.46988439559937,2.1222929578660095,3.958458403585897,0.5316009991542021,0.22071718765916853,0.8943046005439972,-1181.2339070868663,-0.07400589108734598,0.0826665,210,0.402542,backward
128.60746598243713,2.12390985626971,3.955062853804416,0.7805590710498915,0.005534841731869918,0.4197601339689137,-1181.7084515534411,-0.0740356219356553,0.0826665,210,0.402383,backward
128.74625420570374,2.1253650648498876,3.9460080551049646,0.8799981077388218,-0.26616732513270414,0.02440879516039399,-1182.1038028922496,-0.07406039122812613,0.0826665,210,0.402383,backward
128.89084005355835,2.122939717225126,3.9477866761957325,0.8327052339355007,-0.4677208186896571,-0.2569039353268506,-1182.3851156227367,-0.07407801584859208,0.0826665,210,0.402224,backward
129.03264927864075,2.119867610297379,3.938408492715477,0.7197523547164761,-0.7081885031300568,-0.6333440431297681,-1182.7615557305396,-0.07410160032703604,0.0826665,210,0.402224,backward
129.16474175453186,2.1159870542796315,3.939863728009871,0.4527742712225406,-0.7180581161265763,-0.9569674885095547,-1183.0851791759192,-0.07412187577062802,0.0826665,210,0.402073,backward
129.31858348846436,2.112591567856935,3.947463290539873,0.21017945982257097,-0.6568914549878297,-1.4170845013956974,-1183.5452961888054,-0.07415070271958267,0.0826665,210,0.401914,backward
129.46834063529968,2.112268188202145,3.9439060484131856,0.06587973307208482,-0.6219590208623789,-1.8379835866721848,-1183.9661952740817,-0.07417707261268923,0.0826665,210,0.401914,backward
129.60772275924683,2.108225942583451,3.9515056113337454,-0.06579015157720021,-0.41959509867431966,-2.6514766258805933,-1184.77968831329,-0.0742280390444,0.0826665,210,0.401914,backward
129.75581121444702,2.105153835995133,3.947301597712442,-0.3077039261396785,-0.3148397095968105,-3.117807883309949,-1185.2460195707195,-0.07425725532412315,0.0826665,210,0.401755,backward
129.89605069160461,2.1028901785542042,3.954092696750978,-0.4847403567450222,-0.08194768447279686,2.803421533837903,-1185.6079754607513,-0.07427993234686642,0.0826665,210,0.401604,backward
130.0302290916443,2.106770734190701,3.963632574964196,-0.42064079596005927,0.3029325637280802,2.3184950106282494,-1186.092901983961,-0.07431031364497064,0.0826665,210,0.401604,backward
130.18102407455444,2.114531845802159,3.9571648607946717,-0.047575522264198034,0.5146268966776806,1.7921431249563693,-1186.6192538696328,-0.07434329029768179,0.0826665,210,0.401453,backward
130.32317352294922,2.120190989970638,3.9456846694564196,0.4134592006410047,0.13417589535021446,0.9828573881548682,-1187.4285396064342,-0.07439399313624488,0.08306015,211,0.401453,backward
130.47092938423157,2.124233235952814,3.9505354543242523,0.7123282265136356,-0.05864890280712871,0.36960104681290995,-1188.041795947776,-0.0744324144698467,0.08306015,211,0.401301,backward
130.61623978614807,2.1205143696446838,3.940833884887738,0.7340410407366745,-0.505855347671725,-0.36529423585111653,-1188.77669123044,-0.0744784566465258,0.08306015,211,0.401152,backward
130.76336765289307,2.111298049242483,3.938408492715477,0.2549540901402613,-0.6942611849559488,-1.3176367815923806,-1189.729033776181,-0.07453812218634405,0.08306015,211,0.401152,backward
130.9087369441986,2.1011115905917843,3.9481100618529217,-0.48242257371771835,-0.49607135406952046,-2.8190476478801223,-1191.2304446424687,-0.07463218759403445,0.08306015,211,0.401,backward
131.063063621521,2.110004530640582,3.957003167947269,-0.397750909206841,0.10309158106844155,2.516040969956849,-1192.1785413318112,-0.07469158712524565,0.08306015,211,0.401,backward
131.20696711540222,2.121969578187633,3.9477866761957325,0.45283428007784193,-0.15213221799500024,0.38937080886202063,-1194.305211492906,-0.07482482586769662,0.0834538,212,0.400842,backward
131.34964752197266,2.105153835995133,3.9458463622805255,0.052653684456921736,-0.42784812146138507,-2.1129952427308725,-1196.8075775444988,-0.07498160246237766,0.0834538,212,0.400842,backward
131.49034452438354,2.1109746695908314,3.954901160961344,-0.2534190809234112,0.03054490148163623,2.468044626469401,-1198.5097229824783,-0.07508824416064094,0.0834538,212,0.400684,backward
131.631196975708,2.125203375006857,3.9461697479297357,0.6379672271487798,-0.2310996758235246,0.09335389431848341,-1200.884413714629,-0.07523702172504654,0.08384745,213,0.400684,backward
131.7889096736908,2.1061239749101253,3.9511822256625835,0.19377479070737544,-0.42873052136754514,-1.2346947665608037,-1202.2124623755083,-0.0753202257576823,0.08384745,213,0.400525,backward
131.92841410636902,2.1109746695908314,3.9571648607946717,-0.1608466697321852,0.03405966909192617,2.334404594095436,-1204.9265483220315,-0.07549026688819424,0.08384745,213,0.400525,backward
132.06440234184265,2.123263096905866,3.9581350178860912,0.518511448589454,0.14430593016210586,0.836162713512279,-1206.4247902026148,-0.07558413375467321,0.0842411,214,0.400366,backward
132.20817971229553,2.122616337545174,3.945037898163318,0.8258224668556429,-0.38479792058393075,-0.16182456298014994,-1207.4227774791077,-0.07564665899818983,0.0842411,214,0.400215,backward
132.34871220588684,2.1061239749101253,3.944876205340874,0.08029041011349854,-0.6101517789423813,-1.773485651966225,-1209.0344385680937,-0.07574763173043671,0.0842411,214,0.400215,backward
132.4959168434143,2.104183697087184,3.9515056113337454,-0.4237123831192818,-0.31228134615061026,-3.082391703251478,-1210.3433446193792,-0.07582963645286622,0.0842411,214,0.400056,backward
132.63732171058655,2.11663381360806,3.954254389592385,0.05603874082500777,0.11251889531430032,1.7863180591469023,-1211.7578201641604,-0.07591825524587983,0.0842411,214,0.400056,backward
132.7776961326599,2.1214845086715446,3.9458463622805255,0.5897781287811334,-0.3386811597279161,-0.1446563701421905,-1213.6887945934495,-0.07603923338784568,0.08463475,215,0.399905,backward
132.91791224479675,2.115340294954346,3.9442294340544186,0.4088119610672456,-0.6143787734010946,-0.913613454779557,-1214.4577516780869,-0.07608740958217526,0.08463475,215,0.399905,backward
133.07020950317383,2.1020817294774456,3.9506971471583356,-0.3092646953812732,-0.3618426841488004,-2.960269352354862,-1216.5044075756623,-0.07621563532352972,0.08463475,215,0.399749,backward
133.23091387748718,2.108225942583451,3.953284232548937,-0.4332913912296879,0.004516844218224588,2.6859386290848373,-1217.141384901402,-0.07625554280866961,0.08463475,215,0.399749,backward
133.36692547798157,2.1209994391572287,3.956194703715249,0.29229528528385423,0.1726379398135059,1.2368541417858598,-1218.590469388701,-0.07634632989842383,0.0850284,216,0.399597,backward
133.513085603714,2.125526754693115,3.943744355593067,0.8602752843691747,-0.3794480909534526,-0.15035817890704264,-1219.9776817093941,-0.07643324061382432,0.0850284,216,0.399446,backward
133.6505675315857,2.116148744111444,3.9319407806210394,0.5842324136548822,-0.9079697379645345,-0.9691623357995482,-1220.7964858662867,-0.07648453979419267,0.0850284,216,0.399446,backward
133.79982686042786,2.10369862763585,3.943097584315916,-0.1335121747920691,-0.6634629731342976,-2.2073310928103993,-1222.0346546232975,-0.07656211273011107,0.0850284,216,0.399287,backward
133.95048236846924,2.1087110120512267,3.9547394681186043,-0.3178316642331493,-0.1637618163892835,2.8940317622355214,-1223.216477075431,-0.07663615549433621,0.0850284,216,0.399287,backward
134.0877721309662,2.1214845086715446,3.948756833171292,0.3595353528358778,0.13717410376021233,1.090827414443189,-1225.0196814232231,-0.07674912866905656,0.08542205,217,0.399136,backward
134.24344086647034,2.124394925794662,3.9485951403412005,0.8154746407646168,-0.22065839243157134,0.07952810963445371,-1226.0309807280319,-0.07681248792902987,0.08542205,217,0.399136,backward
134.38176155090332,2.113885086483944,3.942774198679333,0.47059293229493615,-0.7080527845124139,-0.9388095595360293,-1227.0493183972023,-0.07687628815198538,0.08542205,217,0.398977,backward
134.51935362815857,2.103860317452766,3.9456846694564196,-0.21405223277314692,-0.4480169254189329,-2.711190432925134,-1228.8216992705911,-0.07698733019462771,0.08542205,217,0.398977,backward
134.6597776412964,2.1106512899399643,3.9537693110691623,-0.2077522811333666,-0.10251986984593017,2.683482983017745,-1229.7102111618278,-0.07704299665819447,0.08542205,217,0.398818,backward
134.8168203830719,2.121969578187633,3.9515056113337454,0.4336047765058591,-0.042846157142963186,0.6869542024137074,-1231.7067399424318,-0.07716808186833252,0.0858157,218,0.39866,backward
134.98030185699463,2.1192208509532224,3.9400254208220193,0.6329466008947378,-0.6410544757882377,-0.6505455164035869,-1233.044239661249,-0.07725187802244417,0.0858157,218,0.39866,backward
135.11239051818848,2.104668766540278,3.944552819696982,-0.015035063034205999,-0.8322151081723093,-1.8714989946640137,-1234.2651931395094,-0.07732837239802272,0.0858157,218,0.398508,backward
135.2691934108734,2.103213558186276,3.9553862394915598,-0.5120052392165523,-0.14118637512671053,2.930887685445414,-1235.7459917665794,-0.07742114642123672,0.0858157,218,0.398357,backward
135.4187150001526,2.121161128995137,3.955062853804416,0.2370695357824006,0.13591948400854623,1.3583783272638639,-1237.318501124761,-0.0775196662449543,0.08620935,219,0.398357,backward
135.55462169647217,2.1203526798075627,3.9403488064473104,0.6476072170004252,-0.4877246909113045,-0.39859070286895926,-1239.075470154894,-0.07762974271491317,0.08620935,219,0.398357,backward
135.7049262523651,2.1072558036531888,3.9464931335802755,0.08944235358005317,-0.6530665826126535,-1.7433762530803247,-1240.4202557051053,-0.07771399533614906,0.08620935,219,0.398206,backward
135.8542218208313,2.1062856647299752,3.9537693110691623,-0.44372460461281493,-0.2454618761467982,3.076061127520831,-1241.884003631684,-0.07780570111007225,0.08620935,219,0.398054,backward
135.99719786643982,2.119382540788967,3.9497269901588252,0.17453328010279365,-0.10795950591070555,1.4100845793078847,-1243.5499801798967,-0.07791007677880425,0.08620935,219,0.398054,backward
136.13492822647095,2.118574091612213,3.9432592771347053,0.559267022307105,-0.4192407165011134,-0.32263001147206616,-1245.2826947706767,-0.07801863367555552,0.086603,220,0.397896,backward
136.29525113105774,2.100949900778191,3.9456846694564196,-0.25232519694737077,-0.7349178325754808,-2.3015443296212506,-1247.2616090888262,-0.07814261531595842,0.086603,220,0.397896,backward
136.43830251693726,2.103213558186276,3.9578116321876187,-0.6030632360007907,-0.03976077650911089,2.820925833025616,-1248.4223242333592,-0.07821533567900793,0.086603,220,0.397737,backward
136.57257986068726,2.119705920461045,3.9479483690241612,0.19588228732409144,-0.15398266504685942,1.1658655948519137,-1250.077384471533,-0.07831902742625158,0.08699665,221,0.397585,backward
136.72357892990112,2.113885086483944,3.939863728009871,0.33279703737796074,-0.7394223834949193,-1.1710415586541771,-1252.414291625039,-0.07846543779869856,0.08699665,221,0.397585,backward
136.85916018486023,2.1001414517131556,3.939378649575419,-0.4026238701296652,-0.8808689369356311,-2.3158078137373046,-1253.5590578801223,-0.07853715894239914,0.08699665,221,0.397427,backward
137.0198414325714,2.1020817294774456,3.9539310039099034,-0.7671327488166052,-0.27508237202187297,3.118913632116328,-1254.4075217414484,-0.07859031634309356,0.08699665,221,0.397427,backward
137.15796208381653,2.111621428894919,3.95247576835522,-0.23249623450580156,0.0036592185498412334,2.448408379299699,-1255.0780269942647,-0.07863232439790448,0.0873903,222,0.397268,backward
137.3053925037384,2.1188974712823243,3.9484334475114418,0.40293242678861857,-0.07876267955656067,0.6516381050055058,-1256.874797268559,-0.07874489446927699,0.0873903,222,0.397268,backward
137.44245672225952,2.116148744111444,3.9461697479297357,0.45334869530764155,-0.5192947322670249,-0.6128405719804869,-1258.139275945545,-0.07882411575702523,0.0873903,222,0.397117,backward
137.58763551712036,2.110327910289881,3.9421274274101545,0.14542941074148802,-0.8434861727000168,-1.5443458560763692,-1259.070781229641,-0.07888247581440971,0.0873903,222,0.397117,backward
137.72644662857056,2.0986862434083933,3.945037898163318,-0.5259777582761007,-0.729991459376888,-2.5613506785867326,-1260.0877860521514,-0.07894619253273151,0.0873903,222,0.396965,backward
137.86476826667786,2.099333002653002,3.946654826406044,-0.8192820417362332,-0.2474471137539059,3.0824014660075645,-1260.7272192147368,-0.07898625387934882,0.0873903,222,0.396814,backward
138.02352333068848,2.115340294954346,3.9453612838092043,-0.1899103482274231,-0.07449134101748062,2.4999261785812386,-1261.309694502163,-0.07902274673857317,0.0873903,222,0.396814,backward
138.1649215221405,2.120837749319517,3.9380851070981513,0.48938503668571365,-0.5825733162038356,-0.6443034614516808,-1264.453924142196,-0.07921973694931622,0.08778395,223,0.396663,backward
138.31662917137146,2.105153835995133,3.9453612838092043,0.05058447815219093,-0.6850083607828747,-1.7405878398326118,-1265.550208520577,-0.07928842063831336,0.08778395,223,0.396663,backward
138.45465517044067,2.1020817294774456,3.9463314407548395,-0.6011313040385216,-0.36888918925603686,-3.0543805573444085,-1266.8640012380886,-0.07937073151694643,0.08778395,223,0.396504,backward
138.5950746536255,2.1200293001339103,3.951990689842985,0.18941223939170518,0.0513806100745759,1.343663705490968,-1268.7491422824328,-0.0794888381357753,0.0881776,224,0.396504,backward
138.73491525650024,2.1177656424403755,3.936953257447963,0.5435414713552488,-0.714333792705948,-0.7590454804965502,-1270.8518514684201,-0.07962057569094784,0.0881776,224,0.396355,backward
138.87443566322327,2.1027284887384616,3.9484334475114418,-0.2254408193447156,-0.6186721015687142,-2.397899253042698,-1272.490705240966,-0.07972325208134898,0.0881776,224,0.396355,backward
139.0264015197754,2.123263096905866,3.9591051749895096,0.23017588532862626,0.06217437154889687,1.254894482914401,-1275.1210968121886,-0.07988804964681766,0.0881776,224,0.396204,backward
139.16639685630798,2.1234247867465315,3.936629871836609,0.7946191170140675,-0.5759699276217382,-0.3750414601632049,-1276.7510327552664,-0.07999016732322287,0.08857125,225,0.396045,backward
139.30613374710083,2.108225942583451,3.946654826406044,0.18611712500870412,-0.6707769352162145,-1.3838727835319073,-1277.7598640786352,-0.0800533719608436,0.08857125,225,0.396045,backward
139.46434998512268,2.1143701559723107,3.9516673041698254,-0.018514812678876513,-0.2183116406571184,2.526001355863704,-1280.1331752464193,-0.08020206309368838,0.08857125,225,0.395886,backward
139.64632844924927,2.1245566156367066,3.9406721920739303,0.623517974277759,-0.3872232750713251,-0.14729343145180054,-1282.806470033735,-0.08036954860327924,0.0889649,226,0.395886,backward
139.77952408790588,2.112753257684624,3.94261250586154,0.44947837491597675,-0.6987426916251831,-0.8672078026163246,-1283.5263844048995,-0.08041465220572833,0.0889649,226,0.395737,backward
139.92870259284973,2.0973927249285436,3.9464931335802755,-0.5351557964133423,-0.5320776254028032,-2.827490810547976,-1285.4866674128311,-0.08053746656951774,0.0889649,226,0.395579,backward
140.08963751792908,2.1080642527612508,3.955224546647821,-0.5174324357562368,0.18211080744960811,2.4739128308487497,-1286.4684490786142,-0.0805989765097536,0.0889649,226,0.395579,backward
140.22477889060974,2.120676059482002,3.9497269901588252,0.36823515590876305,-0.07071395903222177,0.7578741158475044,-1288.1844877936155,-0.08070648864048584,0.08935855,227,0.395427,backward
140.36094284057617,2.1143701559723107,3.94196573459369,0.4212253927153862,-0.6339165186382099,-0.8117121213419289,-1289.7540740308048,-0.08080482532674646,0.08935855,227,0.395427,backward
140.49209451675415,2.1049921461766523,3.946654826406044,-0.2337903292478775,-0.42647809256969677,-2.833083302532054,-1291.775445211995,-0.08093146694665322,0.08935855,227,0.395276,backward
140.6610906124115,2.111621428894919,3.9565180894070577,-0.17333435646210948,0.07666425863333148,2.202377557100191,-1293.0231696595426,-0.08100963855942038,0.08935855,227,0.395276,backward
140.8047821521759,2.120837749319517,3.950050375823998,0.4214443677919537,0.0024939817466167265,0.7898350900541152,-1294.4357121265887,-0.08109813624251709,0.0897522,228,0.39512,backward
140.94504714012146,2.1234247867465315,3.940833884887738,0.798287730869484,-0.5166697423278751,-0.2971146673514028,-1295.5226618839943,-0.08116623510497045,0.0897522,228,0.394968,backward
141.07626962661743,2.111621428894919,3.943097584315916,0.29439918330120596,-0.7295485307414845,-1.1804931524731426,-1296.406040369116,-0.08122157995374818,0.0897522,228,0.394968,backward
141.2122721672058,2.1040220072698768,3.9468165192321445,-0.3192051136708348,-0.37012346984047706,-3.0143381945525998,-1298.2398854111955,-0.08133647280912674,0.0897522,228,0.394968,backward
141.3452022075653,2.1117831187214313,3.959913639251526,-0.20534040965412897,0.27444374180377407,2.0732563048925834,-1299.4354762189298,-0.08141137817932598,0.0897522,228,0.394817,backward
141.48166298866272,2.1222929578660095,3.9513439184979977,0.5391911519047147,-0.005547950545452066,0.6198990868628329,-1300.8888334369597,-0.08150243296140024,0.09014585,229,0.394668,backward
141.6175193786621,2.1192208509532224,3.9461697479297357,0.6838115002113342,-0.3643303420834686,-0.10487887696426888,-1301.613611400787,-0.08154784127446314,0.09014585,229,0.394668,backward
141.75621795654297,2.1064473545500215,3.9476249833676365,0.041272458368991724,-0.6241639453980122,-1.8313666281287444,-1303.3400991519513,-0.08165600805134766,0.09014585,229,0.39451,backward
141.89394640922546,2.1022434192924067,3.9545777752761984,-0.5094808514677887,-0.23951637216044144,3.0305800525502398,-1304.7613377784521,-0.08174505056051619,0.09014585,229,0.39451,backward
142.0350203514099,2.115178605123516,3.9579733250366878,-0.11670966112736894,0.14711623088124637,2.044883301550217,-1305.7470345294523,-0.08180680578610022,0.09014585,229,0.394358,backward
142.17942810058594,2.1221312680267226,3.950050375823998,0.6048309006398824,0.06433154998078905,0.6456586789929697,-1307.1462591520096,-0.08189446908834921,0.0905395,230,0.394358,backward
142.31928610801697,2.1214845086715446,3.944552819696982,0.7620506170983413,-0.3705662629136217,-0.1078088048854891,-1307.8997266358879,-0.08194167483838333,0.0905395,230,0.3942,backward
142.46629762649536,2.1075791832958264,3.9485951403412005,0.06251473183054376,-0.5451843003266117,-1.8342467521114112,-1309.626164583114,-0.0820498384949842,0.0905395,230,0.39405,backward
142.60321593284607,2.105800595271012,3.957488246490479,-0.3485149171742795,-0.017759306428916773,2.5973551325616318,-1311.4777480056202,-0.08216584268372534,0.0905395,230,0.39405,backward
142.7369246482849,2.1200293001339103,3.960237024958667,0.20647941819301627,0.15411831036345872,1.386589046802765,-1312.6885140913791,-0.08224169880547849,0.0905395,230,0.39405,backward
142.90335392951965,2.127305342981634,3.9468165192321445,0.9495530063275867,-0.2760289877229879,0.02616565392952847,-1314.0489374842523,-0.08232693115856421,0.09093315,231,0.393892,backward
143.05244493484497,2.118574091612213,3.954254389592385,0.7768470537714238,-0.3871779253311441,-0.13632529360531567,-1314.211428431787,-0.08233711143470916,0.09093315,231,0.39374,backward
143.19375896453857,2.1054772156326806,3.9565180894070577,-0.03534658589687827,-0.2585532811357013,2.9031810440710437,-1317.4551074012902,-0.08254033227953861,0.09093315,231,0.39374,backward
143.33180141448975,2.115501984785373,3.9616922606573084,0.05865160297854718,0.34167262318268277,1.6896783901017323,-1318.6686100552597,-0.08261635985096631,0.09093315,231,0.393582,backward
143.47359800338745,2.126658583601229,3.9513439184979977,0.7499751645585784,0.06951484516567727,0.5333337408861217,-1319.8249547044752,-0.08268880639661308,0.0913268,232,0.39343,backward
143.63042950630188,2.1158253644480154,3.943097584315916,0.6068445569466484,-0.6020723559188517,-0.5897109945422855,-1320.9479994399037,-0.08275916665792771,0.0913268,232,0.39343,backward
143.7889313697815,2.103213558186276,3.9523140755174757,-0.2905663838802337,-0.3357538885045771,-3.048490099565571,-1323.406778544927,-0.08291321247185372,0.0913268,232,0.39327,backward
143.9515359401703,2.114531845802159,3.953284232548937,-0.097296930768943,0.16394364105992684,2.050330104394146,-1324.591143648147,-0.08298741453658509,0.0913268,232,0.39327,backward
144.09906435012817,2.123101407065397,3.944067741233636,0.5783543787403648,-0.15713014718088006,0.2913930518093638,-1326.3500807007317,-0.0830976143057943,0.09172045,233,0.39311,backward
144.23336935043335,2.1111363594165593,3.9453612838092043,0.33162783732516543,-0.5610279978442587,-0.9686287688221814,-1327.6101025213634,-0.08317655636550485,0.09172045,233,0.39311,backward
144.3690197467804,2.1027284887384616,3.9503737614905017,-0.40145211104680717,-0.31531261223589885,-3.098192246664343,-1329.7396659992057,-0.08330997637813677,0.09172045,233,0.392952,backward
144.5110731124878,2.114693535632204,3.9490802188324725,-0.13218310368199643,0.054148979011573804,2.2386351009185517,-1330.6860239588025,-0.08336926697559369,0.09172045,233,0.392952,backward
144.64515471458435,2.124879995321388,3.9424508130440796,0.6472423506101762,-0.4056567275145563,-0.2310168844354795,-1333.1556759441567,-0.0835239939900785,0.0921141,234,0.3928,backward
144.79028606414795,2.1177656424403755,3.939216956764599,0.6401468568145776,-0.7056613648630792,-0.7011513627157582,-1333.625810422437,-0.08355344854669704,0.0921141,234,0.392651,backward
144.93242239952087,2.1070941138321637,3.949565297326738,0.03358480200799626,-0.6155369109181416,-1.9095886880314894,-1334.834247747753,-0.08362915876848008,0.0921141,234,0.392651,backward
145.07513785362244,2.1020817294774456,3.9513439184979977,-0.41950521173056043,-0.3293792626382578,-3.0805776515905237,-1336.005236711312,-0.08370252280009288,0.0921141,234,0.3925,backward
145.20960092544556,2.105153835995133,3.9573265536424085,-0.4928055479253027,0.07251547293629848,2.6158301598418237,-1336.5920142070595,-0.08373928519844792,0.0921141,234,0.3925,backward
145.34586572647095,2.109842840816227,3.961045489232355,-0.2390784412493538,0.18007204200139426,2.240010051096548,-1336.967834315805,-0.08376283083311806,0.0921141,234,0.392349,backward
145.48602771759033,2.1177656424403755,3.9578116321876187,0.2339012309008159,0.3170844154831355,1.4012999840334701,-1337.8065443828682,-0.08381537714549918,0.09250775,235,0.392349,backward
145.63412070274353,2.1227780273850514,3.9565180894070577,0.6395254455914587,0.16972673649455566,0.7258169279478994,-1338.4820274389535,-0.0838576970663718,0.0929014,236,0.392197,backward
145.77204179763794,2.1234247867465315,3.9579733250366878,0.825526985629386,0.14328067507686987,0.5476585551392115,-1338.6601858117622,-0.08386885892775699,0.0929014,236,0.392197,backward
145.9077033996582,2.126658583601229,3.9516673041698254,0.9406484963343781,-0.056560253682609286,0.2649204516563586,-1338.9429239152448,-0.08388657284975588,0.0929014,236,0.392048,backward
146.0408582687378,2.127143653136237,3.950050375823998,1.0782603339098553,-0.09075058644516058,0.19123665720038632,-1339.0166077097008,-0.08389118923846153,0.0929014,236,0.391897,backward
146.18189525604248,2.1276287226730197,3.947463290539873,1.1518092084864693,-0.32648546955788604,-0.05830633479900297,-1339.2661507017,-0.0839068234421334,0.09329505,237,0.391897,backward
146.3175687789917,2.128922241446458,3.943097584315916,1.2128966075348258,-0.5675035932389547,-0.2783037786191103,-1339.4861481455205,-0.0839206065775219,0.09329505,237,0.391738,backward
146.45927619934082,2.1234247867465315,3.940833884887738,1.0087771728601873,-0.7300477457999434,-0.5051516829775249,-1339.712996049879,-0.08393481890346566,0.09329505,237,0.391738,backward
146.59178566932678,2.117603952606598,3.9406721920739303,0.6572967149718972,-0.8083191467358267,-0.8488585455642675,-1340.0567029124657,-0.08395635260012468,0.09329505,237,0.391738,backward
146.7231113910675,2.1111363594165593,3.9435826627732813,0.14879321074586127,-0.6712209445415488,-1.6868760702247523,-1340.8947204371261,-0.08400885552379393,0.09329505,237,0.391587,backward
146.8648805618286,2.1049921461766523,3.9476249833676365,-0.27674359270000193,-0.4708570498711433,-2.7672829626123407,-1341.9751273295137,-0.0840765444669646,0.09329505,237,0.391428,backward
147.0123109817505,2.105153835995133,3.9508588399927524,-0.4178414377562161,-0.06030962833995636,2.782620938181623,-1342.7084087358994,-0.08412248553212685,0.09329505,237,0.391428,backward
147.150874376297,2.1132383271688693,3.9565180894070577,-0.1295648100452158,0.2917114269106758,2.065791941057168,-1343.425237733024,-0.08416739583174761,0.09329505,237,0.39127,backward
147.2930085659027,2.1222929578660095,3.9576499393388818,0.48748842879062587,0.3494413991173594,1.1144497935356055,-1344.376579880546,-0.08422699869527354,0.0936887,238,0.39127,backward
147.4350290298462,2.125850134380162,3.947301597712442,0.9215619578407307,-0.06850558560522303,0.26992072921927096,-1345.2211089448624,-0.0842799095756495,0.0936887,238,0.391118,backward
147.56987595558167,2.1177656424403755,3.940510499260454,0.7234065047193315,-0.5502711606537375,-0.48276953718462506,-1345.9737992112662,-0.08432706663196475,0.0936887,238,0.391118,backward
147.709312915802,2.1027284887384616,3.9477866761957325,-0.16978799950974297,-0.43390901978998764,-2.729501570029772,-1348.220531244111,-0.08446782741196576,0.0936887,238,0.39096,backward
147.8466317653656,2.112753257684624,3.955224546647821,-0.22135636366287184,0.07261477147241982,2.4400648298855634,-1349.3341501513753,-0.08453759713248372,0.0936887,238,0.39096,backward
147.98512077331543,2.1203526798075627,3.9492419116635613,0.532686836299722,-0.17937331564001383,0.26016518181820786,-1351.5140497994428,-0.08467417077379925,0.09408235,239,0.39081,backward
148.1505265235901,2.1011115905917843,3.954254389592385,-0.2685324162042843,-0.1794893857653342,2.943297789165261,-1355.1141024992753,-0.0848997189115678,0.09408235,239,0.390652,backward
148.29180550575256,2.1200293001339103,3.9600753321049296,0.11427917328402244,0.3548255490629471,1.6833456485133276,-1356.3740546399274,-0.08497865660573402,0.09408235,239,0.390652,backward
148.42702198028564,2.1203526798075627,3.940510499260454,0.6326175507891518,-0.3663686104076356,-0.22353841747528455,-1358.280938705916,-0.08509812545407734,0.094476,240,0.3905,backward
148.57949209213257,2.1062856647299752,3.950050375823998,-0.01874902689839672,-0.4212561991143151,-2.502486403452517,-1360.559886691893,-0.0852409046068193,0.094476,240,0.3905,backward
148.72757005691528,2.1158253644480154,3.955224546647821,0.06866595890930659,0.09875530821721099,1.8841558709292998,-1362.456429724691,-0.08535972557554161,0.094476,240,0.39035,backward
148.86562490463257,2.1263352039122108,3.948918526001716,0.8027008517554315,-0.06423147069998394,0.31119859461992083,-1364.029387001,-0.08545827346193158,0.09486965,241,0.39019,backward
149.01845359802246,2.1180890221085207,3.9451995909860953,0.7454110871838947,-0.4288635051256699,-0.2966001329525237,-1364.6371857285726,-0.08549635286869928,0.09486965,241,0.39019,backward
149.1674633026123,2.1056389054517486,3.9497269901588252,-0.044251481523119446,-0.36385608418151455,-2.747353628749796,-1367.0879392243698,-0.08564989586742609,0.09486965,241,0.39004,backward
149.31400561332703,2.1130766373405914,3.9586200964363,-0.06147174789419848,0.18274493650586537,2.0938084411078632,-1368.5299624616916,-0.08574024056038351,0.09486965,241,0.39004,backward
149.44558215141296,2.122939717225126,3.9565180894070577,0.5366912683967606,0.26258387353694496,0.9878873562040994,-1369.6358835465953,-0.08580952800198975,0.0952633,242,0.38988,backward
149.5822823047638,2.125850134380162,3.9513439184979977,0.9446417600416386,-0.20797190959727968,0.06075996712416342,-1370.563010935675,-0.08586761377837042,0.0952633,242,0.38988,backward
149.71677041053772,2.115340294954346,3.94196573459369,0.6677990443668418,-0.5627694510669796,-0.5901428158945268,-1371.2139137186937,-0.08590839371211559,0.0952633,242,0.38973,backward
149.88498258590698,2.1040220072698768,3.948756833171292,-0.17604713076351122,-0.5139591474628599,-2.5536210776417336,-1373.177391980441,-0.08603140826284889,0.0952633,242,0.38957,backward
150.02077341079712,2.1101662204651337,3.9616922606573084,-0.20909772467845175,0.2374599617110229,2.265887167161568,-1374.641069042817,-0.08612310959703458,0.0952633,242,0.38957,backward
150.1579306125641,2.1213228188332427,3.9544160824341246,0.3767460194584743,0.3229352888440312,1.2744273133163364,-1375.632528896662,-0.0861852258887537,0.09565695,243,0.38957,backward
150.3116807937622,2.1245566156367066,3.949565297326738,0.8654297006673786,-0.07693138010323274,0.25144490995308677,-1376.6555113000252,-0.08624931711054591,0.09565695,243,0.389412,backward
150.46339964866638,2.112106498375044,3.947463290539873,0.39373524547690075,-0.44911763780038333,-0.8361366311602101,-1377.7430928411386,-0.08631745555509729,0.09565695,243,0.389412,backward
150.60147309303284,2.103860317452766,3.9497269901588252,-0.2626415468538913,-0.33890304001667265,-2.9532840717780697,-1379.8602402817564,-0.08645009768631803,0.09565695,243,0.389253,backward
150.7478063106537,2.1132383271688693,3.9594285606933157,-0.12800226333730969,0.24299652379730466,2.167658743568457,-1381.0224827735894,-0.08652291373972765,0.09565695,243,0.389094,backward
150.89478373527527,2.1245566156367066,3.952799154031708,0.6160528437280851,0.10335694369075453,0.6992860138777739,-1382.4908555032803,-0.08661490926377853,0.0960506,244,0.389094,backward
151.03498697280884,2.1234247867465315,3.9477866761957325,0.9444941373819751,-0.20855136725573864,0.043299492033108636,-1383.146842025125,-0.08665600770059036,0.0960506,244,0.388936,backward
151.17869400978088,2.1117831187214313,3.9455229766326463,0.43015142809228474,-0.6559933033087795,-1.0943651240465373,-1384.2845066412049,-0.0867272839170674,0.0960506,244,0.388936,backward
151.3286247253418,2.1045070767223844,3.955224546647821,-0.24377258810496094,-0.2375749080389803,3.124886527105403,-1386.3484402972324,-0.08685659213319892,0.0960506,244,0.388787,backward
151.4668264389038,2.1171188831064445,3.9605604106671417,0.11071094413720352,0.25690776859343906,1.7702956458141486,-1387.7030311785236,-0.08694145907159895,0.0960506,244,0.388787,backward
151.60188007354736,2.125850134380162,3.9555479323356315,0.7663953930166431,0.20142569039263555,0.6719322893978407,-1388.80139453494,-0.08701027301136278,0.09644425,245,0.388635,backward
151.74536180496216,2.121161128995137,3.9422891202269508,0.8785424241093172,-0.4336845000636302,-0.2906558251525143,-1389.7639826494903,-0.0870705804498303,0.09644425,245,0.388635,backward
151.87851572036743,2.108549322228439,3.947463290539873,0.09879127466827912,-0.5037316802711926,-2.01294415710806,-1391.4862709814458,-0.08717848412746011,0.09644425,245,0.388484,backward
152.02602314949036,2.1184124017774524,3.959913639251526,0.14820911750634794,0.14445865969392788,1.759265333926594,-1393.997246797591,-0.08733580013545626,0.09644425,245,0.388333,backward
152.16690063476562,2.12568844453654,3.9555479323356315,0.6440754662561478,0.22383909790492082,0.8279343561541646,-1394.9285777753635,-0.08739414927231542,0.0968379,246,0.388333,backward
152.30924582481384,2.125850134380162,3.944552819696982,1.0464833520556196,-0.3522485042600974,-0.1450486122030662,-1395.901560743721,-0.08745510796233787,0.0968379,246,0.388174,backward
152.449889421463,2.112591567856935,3.9469782120585784,0.422951188739123,-0.5353419999984768,-1.0103344108270647,-1396.7668465423446,-0.0875093192800017,0.0968379,246,0.388174,backward
152.60452795028687,2.1177656424403755,3.9565180894070577,0.3064041926541497,0.0035718190288279382,1.28162237692527,-1400.7580750617717,-0.08775937510835315,0.0968379,246,0.388022,backward
152.74569511413574,2.1260118242239807,3.9571648607946717,0.8201508108285072,0.3180053662345755,0.7565638261235342,-1401.2831336125735,-0.0877922707318973,0.09723155,247,0.388022,backward
152.88876843452454,2.120676059482002,3.9442294340544186,0.9148284979989114,-0.3841495918563521,-0.2277714031290227,-1402.2674688418258,-0.08785394065631484,0.09723155,247,0.387864,backward
153.02375531196594,2.1096811509920674,3.9503737614905017,0.1269222766909186,-0.3612013580743878,-2.3211057355444504,-1404.3608031742413,-0.08798509086431743,0.09723155,247,0.387712,backward
153.16200256347656,2.1177656424403755,3.9587817892870367,0.08750323877483465,0.2291896460638681,1.9022534218471212,-1406.4206293240293,-0.08811414173966524,0.09723155,247,0.387712,backward
153.30875205993652,2.1328027978426065,3.9506971471583356,1.0217042929348061,0.1559050623501924,0.4573002033692912,-1407.8655825425071,-0.08820466999987807,0.0976252,248,0.38756,backward
153.4446177482605,2.1171188831064445,3.9380851070981513,0.7724946389235491,-0.4656088928407132,-0.4379361717254101,-1408.7608189176017,-0.08826075776139185,0.0976252,248,0.38756,backward
153.5786509513855,2.1080642527612508,3.955062853804416,0.012794751217575576,-0.2418701801304823,-3.0755685191629754,-1411.398451265039,-0.08842600897121727,0.0976252,248,0.38741,backward
153.72113418579102,2.1177656424403755,3.9655728893191404,0.18783411553579923,0.36779541940417887,1.6836825776520277,-1412.9223854754036,-0.08852148549667077,0.0976252,248,0.38741,backward
153.86159443855286,2.1253650648498876,3.958458403585897,0.7530389340435357,0.45333747894012955,0.9330845983811253,-1413.6729834546743,-0.08856851146838646,0.09801885,249,0.38725,backward
154.00153017044067,2.1276287226730197,3.952799154031708,1.0447782915540489,0.07697610519574416,0.354001303849,-1414.2520667492063,-0.08860479181469935,0.09801885,249,0.38725,backward
154.16045808792114,2.1318326587328995,3.9481100618529217,1.2928694994399819,-0.20537235263631815,0.0046280040365865435,-1414.6014400490187,-0.08862668052126256,0.09801885,249,0.387092,backward
154.31411266326904,2.11663381360806,3.9435826627732813,0.718182774543394,-0.5285876600816541,-0.626217410666598,-1415.232285463722,-0.08866620383393875,0.09801885,249,0.387092,backward
154.45212531089783,2.1091960815207655,3.9547394681186043,0.06908566047836902,0.004906791257668057,2.3447244567140846,-1412.2613435963412,-0.08848007033493815,0.09801885,249,0.38694,backward
154.6051950454712,2.121969578187633,3.9649261178621513,0.43773873747572656,0.5092400939951528,1.3552704050546744,-1413.2507976480006,-0.08854206096045585,0.09801885,249,0.38679,backward
154.7481563091278,2.1300540703835806,3.9531225397095278,1.0404625539071704,0.28303939233812353,0.5705888050800699,-1414.0354792479752,-0.08859122231679482,0.0984125,250,0.38679,backward
154.89239120483398,2.119867610297379,3.9435826627732813,0.89226355020074,-0.2890909920240001,-0.14939423863038667,-1414.7554622916855,-0.08863633022167113,0.0984125,250,0.386638,backward
155.0355625152588,2.1087110120512267,3.952960846870451,0.09233738382499496,-0.2763516787706759,-2.7836683186807365,-1417.3897363717358,-0.08880137103153343,0.0984125,250,0.386638,backward
155.18120861053467,2.123263096905866,3.9597519463984563,0.4128791700943623,0.42828716132622197,1.3827063065491896,-1419.5065470536856,-0.08893399206437125,0.0984125,250,0.38649,backward
155.32185983657837,2.1297306906862725,3.944067741233636,1.1844103479775543,-0.07077113224424089,0.13580346537107216,-1420.7534498948637,-0.08901211220239565,0.09880615,251,0.386338,backward
155.46619200706482,2.111298049242483,3.954092696750978,0.4705006287584156,-0.22427615792838151,-0.19547792628734023,-1421.084731286522,-0.08903286742660926,0.09880615,251,0.386338,backward
155.6163637638092,2.1182507119428884,3.9618539535143804,0.2004461064418129,0.3136535808328853,1.7747179899170713,-1425.397720677497,-0.08930308200580007,0.09880615,251,0.38618,backward
155.76125526428223,2.1337729369594305,3.958296710735828,1.195806062171997,0.3345043302180508,0.5298429964501666,-1426.642595670964,-0.08938107509644126,0.0991998,252,0.38618,backward
155.90516877174377,2.115016915292882,3.948918526001716,0.7504374858942747,-0.2961605983263837,-0.2536076770888627,-1427.426046344503,-0.08943015933358547,0.0991998,252,0.38602,backward
156.04015350341797,2.1108129797652997,3.9555479323356315,0.07984168190714411,-0.003050440331870714,2.4888571560766772,-1430.9667668185168,-0.08965199022770265,0.0991998,252,0.38602,backward
156.18090271949768,2.130377450081679,3.9579733250366878,0.7829627335074316,0.4254500993537287,0.9147097820415174,-1432.540914192552,-0.08975061267531387,0.0991998,252,0.385862,backward
156.33515286445618,2.1349047659380584,3.949888682991245,1.4496540117380483,-0.001381038652767856,0.15379250377536915,-1433.3018314708181,-0.08979828516497405,0.09959345,253,0.385862,backward
156.4863200187683,2.119867610297379,3.942774198679333,1.1003168220255841,-0.4777936370578479,-0.3755787026854743,-1433.831202677279,-0.08983145098218863,0.09959345,253,0.385703,backward
156.6287453174591,2.107740873117439,3.962015646371787,0.1414900384884334,0.22247421395439118,2.031051646568874,-1431.4245723280246,-0.08968067235786549,0.09959345,253,0.385552,backward
156.77090525627136,2.1328027978426065,3.9607221035218796,0.7734304604548049,0.4034341368957537,0.9233121489103774,-1432.532311825683,-0.08975007372547357,0.09959345,253,0.385552,backward
156.92153453826904,2.125850134380162,3.950212068657083,1.057498793628141,-0.019294100458663154,0.20536772862618186,-1433.2502562459674,-0.08979505390785368,0.0999871,254,0.385403,backward
157.0635871887207,2.1096811509920674,3.9497269901588252,0.16028869721367325,-0.2640280542704907,-2.668836395255212,-1436.1244603698487,-0.08997512665727156,0.0999871,254,0.385403,backward
157.2092001438141,2.1001414517131556,3.9571648607946717,-0.49727108452024854,0.12972155641257488,2.801855265697086,-1436.936954016076,-0.09002603047566951,0.0999871,254,0.385251,backward
157.3510422706604,2.115178605123516,3.961045489232355,-0.18680605450526908,0.5325498707851739,2.2151242941300957,-1437.523684987643,-0.09006278995922214,0.0999871,254,0.385251,backward
157.49647521972656,2.125203375006857,3.9539310039099034,0.5426635417595573,0.32551082018219274,1.1609834080779002,-1438.577825873695,-0.09012883330181147,0.10038075,255,0.385103,backward
157.63694667816162,2.110327910289881,3.945037898163318,0.37851207855730373,-0.33299440641974154,-1.340001464726576,-1441.0788107464996,-0.09028552336378602,0.10038075,255,0.384944,backward
157.78030276298523,2.1011115905917843,3.9506971471583356,-0.5129454527101768,-0.25042643977171397,-3.0312047180746977,-1442.7700139998476,-0.09039147951948298,0.10038075,255,0.384944,backward
157.91790580749512,2.111621428894919,3.9637942678252727,-0.29919083776295474,0.5563327248302097,2.291559763809323,-1443.7304348251432,-0.09045165117436728,0.10038075,255,0.384944,backward
158.05095767974854,2.125526754693115,3.955871318024774,0.5073883265420449,0.6166158713825494,1.3311141740773795,-1444.690880414875,-0.09051182438077675,0.1007744,256,0.384792,backward
158.185387134552,2.1184124017774524,3.949888682991245,0.6614203652666713,0.06917103375512915,0.555486621774015,-1445.4665079671784,-0.09056041848886638,0.1007744,256,0.384634,backward
158.3218228816986,2.1070941138321637,3.944714512518762,0.029839571465550097,-0.26507130373978527,-2.7367028374737745,-1442.4755121192466,-0.09037302858104479,0.1007744,256,0.384634,backward
158.47764253616333,2.1014349702195565,3.96460273213566,-0.6722104080291535,0.3847374841829852,2.657122276419479,-1443.364872312533,-0.09042874819187452,0.1007744,256,0.384482,backward
158.61299109458923,2.111298049242483,3.963309189243045,-0.22467783225813368,0.6609376808575809,2.1658852751913784,-1443.8561093137612,-0.09045952484990377,0.1007744,256,0.384482,backward
158.77303504943848,2.124879995321388,3.9503737614905017,0.6178789970592876,0.22062225007657385,0.8392786364354047,-1445.1827159525171,-0.09054263853791639,0.10116805,257,0.38433,backward
158.90566778182983,2.113885086483944,3.9523140755174757,0.4347480602830368,-0.18818156264764013,-0.4874897183565173,-1446.509484307309,-0.09062576235765588,0.10116805,257,0.38433,backward
159.06707644462585,2.1022434192924067,3.9484334475114418,-0.37146840431596123,-0.18901320091643056,-3.046225966426613,-1449.068220555379,-0.090786070620871,0.10116805,257,0.384172,backward
159.20256543159485,2.112268188202145,3.9678365894606733,-0.21429156270016336,0.6524067355266537,2.1603716375958517,-1450.1448082585362,-0.09085352028670587,0.10116805,257,0.38402,backward
159.34486365318298,2.1222929578660095,3.957003167947269,0.5432218156271158,0.5429140403164712,1.217244138262442,-1451.0879357578694,-0.09091260849148766,0.1015617,258,0.38402,backward
159.4772355556488,2.1172805729396322,3.95247576835522,0.5898555195868496,-0.02629932287793946,0.28090716207806427,-1452.024272734054,-0.09097127126087214,0.1015617,258,0.383872,backward
159.61920285224915,2.105315525813809,3.9516673041698254,-0.08001145953352096,-0.18796872087922564,-2.9393115985462104,-1455.2444914946782,-0.09117302229210007,0.1015617,258,0.383872,backward
159.76820921897888,2.1096811509920674,3.9660579679153876,-0.2375772319015651,0.40696271390733346,2.3772156415606043,-1456.211149561751,-0.0912335847185605,0.1015617,258,0.38372,backward
159.92546439170837,2.125526754693115,3.9597519463984563,0.6056387049787548,0.6024830683059943,1.1580086681056883,-1457.4303565352059,-0.09130996967326684,0.10195535,259,0.38372,backward
160.07048273086548,2.1247183054789485,3.9490802188324725,0.9866011562411124,0.13384096793580139,0.3234089985863328,-1458.2649562047252,-0.09136225846372013,0.10195535,259,0.383562,backward
160.226407289505,2.1091960815207655,3.949888682991245,0.3023845520920232,-0.24319086995469652,-1.6045289933666778,-1460.1928941966783,-0.09148304636880787,0.10195535,259,0.383562,backward
160.36795902252197,2.112268188202145,3.962015646371787,-0.010514194407789605,0.42221982136579506,2.1193961167279722,-1462.7521543937632,-0.09164338745813262,0.10195535,259,0.38341,backward
160.50668668746948,2.124394925794662,3.962015646371787,0.5901279991349487,0.5200044797422028,1.1316074509206437,-1463.7399430595706,-0.09170527374498952,0.10195535,259,0.383262,backward
160.64410185813904,2.126658583601229,3.955224546647821,1.0715557348094298,0.1978833382748092,0.3535243683986026,-1464.5180261420926,-0.09175402169534597,0.102349,260,0.383262,backward
160.7979452610016,2.109357771344337,3.9414806561462896,0.37216991123424353,-0.479587018765748,-1.428627943046938,-1466.3001784535384,-0.09186567593170901,0.102349,260,0.38311,backward
160.9447681903839,2.1064473545500215,3.958296710735828,-0.250566145469893,0.13456426703856567,2.7701863163405593,-1468.3845495013304,-0.0919962645778891,0.102349,260,0.38311,backward
161.09527230262756,2.123748166428453,3.9578116321876187,0.37807922001241484,0.4476278722615927,1.44016968837483,-1469.714566129296,-0.0920795919063065,0.102349,260,0.38296,backward
161.24237990379333,2.1253650648498876,3.948271754682015,1.0336041828864404,0.028871496859703197,0.14614148959147696,-1471.0085943280794,-0.09216066451129064,0.10274265,261,0.3828,backward
161.37998390197754,2.1124298780294417,3.948271754682015,0.48932033366416117,-0.3163368342028928,-0.9490038302687506,-1472.1037396479396,-0.0922292768367413,0.10274265,261,0.3828,backward
161.5431787967682,2.104668766540278,3.9605604106671417,-0.23685119790593326,0.21666616084624454,2.651200335742342,-1474.7867207891081,-0.09239736920941317,0.10274265,261,0.382651,backward
161.67603635787964,2.112106498375044,3.9634708821034534,-0.15689929990604587,0.6408860714286435,2.150423267080626,-1475.28749785777,-0.0924287435654828,0.10274265,261,0.382651,backward
161.8121280670166,2.124394925794662,3.956356396560987,0.4721020325816482,0.5416786718688301,1.3088651670848725,-1476.1290559577658,-0.09248146831095302,0.1031363,262,0.382498,backward
161.95026850700378,2.1276287226730197,3.961368874944165,1.0133710608276312,0.5356879502521409,0.7065473488334608,-1476.731373776017,-0.09251920433138897,0.1031363,262,0.382349,backward
162.09630060195923,2.1245566156367066,3.956841475100198,0.9545643642576026,0.38367198604343394,0.6067325582128491,-1476.8311885666378,-0.09252545786210738,0.1031363,262,0.382349,backward
162.24628615379333,2.125526754693115,3.944876205340874,1.021743524325466,-0.06245313180066577,-0.013295195782048071,-1477.4512163206327,-0.09256430343380827,0.1031363,262,0.3822,backward
162.3875126838684,2.1209994391572287,3.944552819696982,0.8364484966736899,-0.3171937189431752,-0.4820408326768148,-1477.9199619575277,-0.09259367097764831,0.1031363,262,0.3822,backward
162.53170228004456,2.11663381360806,3.944714512518762,0.5263357742693676,-0.42194467027953414,-1.0930115486963055,-1478.530932673547,-0.0926319491137533,0.1031363,262,0.382048,backward
162.67415308952332,2.1132383271688693,3.9477866761957325,0.22249199178850274,-0.33069414837373995,-1.9732026259144884,-1479.4111237507655,-0.09268709426714407,0.1031363,262,0.382048,backward
162.81907844543457,2.1143701559723107,3.9463314407548395,0.2031478729535633,-0.2598154011096184,-2.164258526004679,-1479.6021796508558,-0.0926990641759393,0.1031363,262,0.381897,backward
162.95516896247864,2.1132383271688693,3.952799154031708,0.13637815844287146,-0.15004553742864232,-2.7290868710947724,-1480.1670079959456,-0.09273445143052028,0.1031363,262,0.381897,backward
163.12620067596436,2.107740873117439,3.959913639251526,-0.1320725413120373,0.30449746624297863,2.4730965366220357,-1481.2480098954081,-0.09280217765168348,0.1031363,262,0.381746,backward
163.2780737876892,2.1054772156326806,3.965249503589978,-0.2861094834949079,0.6926085642178698,2.2561643856822906,-1481.464942046348,-0.09281576874235525,0.1031363,262,0.381597,backward
163.4178659915924,2.1108129797652997,3.9629858035232286,-0.13635903479425548,0.7650547605453581,2.0825440738234917,-1481.6385623582069,-0.09282664628812574,0.1031363,262,0.381597,backward
163.54999351501465,2.120837749319517,3.9623390320875997,0.3730423831026297,0.8095223915273341,1.5061891717993392,-1482.214917260231,-0.09286275569698282,0.10352995,263,0.381438,backward
163.69007897377014,2.1295690008379147,3.953445925388679,1.0019494824181279,0.5219020615051082,0.6836658888201527,-1483.0374405432103,-0.0929142878855966,0.10352995,263,0.381438,backward
163.82503819465637,2.1274670328272283,3.9523140755174757,1.1755762741784699,0.09679304982838521,0.14820650094726712,-1483.5728999310832,-0.0929478351355552,0.10352995,263,0.38128,backward
163.9735927581787,2.114693535632204,3.948918526001716,0.676012541370253,-0.23535092338426375,-0.5433108007324309,-1484.264417232763,-0.0929911596234539,0.10352995,263,0.38128,backward
164.11095452308655,2.1048304563583673,3.950050375823998,-0.1287814391622252,-0.2891292468781734,-2.6363449847880442,-1486.3574514168185,-0.09312229102675854,0.10352995,263,0.381128,backward
164.2441062927246,2.1049921461766523,3.965087810725898,-0.4164807000042944,0.3357342906556527,2.6835267422963636,-1487.3207649969138,-0.09318264391661699,0.10352995,263,0.381128,backward
164.38791584968567,2.1187357814471706,3.9607221035218796,0.14503283186574284,0.6692341035197508,1.8225399889099305,-1488.1817517503002,-0.0932365858933216,0.10352995,263,0.38097,backward
164.53113079071045,2.111621428894919,3.951990689842985,0.3182182580385254,0.08406026730882017,1.6280538418822494,-1488.376237897328,-0.09324877071169549,0.1039236,264,0.380818,backward
164.67122101783752,2.0970693453105316,3.9625007249460062,-0.5897095314521881,0.2970163601198653,2.80613869014661,-1487.1981530490634,-0.09317496211337363,0.1039236,264,0.380818,backward
164.8090214729309,2.120837749319517,3.9647644249987386,0.04988776485237786,0.7530155419968543,1.9003834490055922,-1488.1039082902043,-0.0932317088959757,0.1039236,264,0.38067,backward
164.945294380188,2.114693535632204,3.9469782120585784,0.49146388389437656,-0.05444915376193618,-0.2450501823234259,-1490.2493419215332,-0.09336612319504271,0.10431725,265,0.38067,backward
165.08037877082825,2.10369862763585,3.961207182088093,-0.2733228848556533,0.04929105633137378,3.03779055376226,-1493.249686492627,-0.09355409881292899,0.10431725,265,0.380518,backward
165.22276616096497,2.1171188831064445,3.968159975200522,-0.023240154332018467,0.6413811410795154,2.0388348788105977,-1494.2486421675787,-0.09361668472790996,0.10431725,265,0.380518,backward
165.3745231628418,2.120837749319517,3.953445925388679,0.6085161859558291,0.36488868375472594,0.8823447717787898,-1495.4051322746104,-0.0936891403866843,0.1047109,266,0.380356,backward
165.51948380470276,2.106770734190701,3.9481100618529217,0.025180480038931582,-0.1684302725212303,-2.6088113300464033,-1498.8962883764355,-0.09390786600630163,0.1047109,266,0.380208,backward
165.65902066230774,2.1043453869046864,3.965249503589978,-0.4132263299308506,0.4403055166199652,2.5875978637775456,-1499.9830644897913,-0.09397595398972204,0.1047109,266,0.380208,backward
165.80550861358643,2.1184124017774524,3.961207182088093,0.10025230718734922,0.7572422442018367,1.8247585802605095,-1500.745903773308,-0.09402374689559309,0.1047109,266,0.380208,backward
165.9434232711792,2.122616337545174,3.955871318024774,0.6604977111831383,0.3358146383285972,0.7298813338137445,-1501.8407810197546,-0.09409234242588425,0.10510455,267,0.380056,backward
166.0906627178192,2.1106512899399643,3.9464931335802755,0.15030326983681885,-0.21578855696173377,-2.147854081350892,-1498.4353311277396,-0.0938789864154448,0.10510455,267,0.379905,backward
166.2293872833252,2.1028901785542042,3.959266867841246,-0.3854303506741492,0.09185689516914579,3.0213901720526195,-1499.5492721815158,-0.0939487763188745,0.10510455,267,0.379905,backward
166.36636638641357,2.1119448085481394,3.963309189243045,-0.16671714275682606,0.6534937010738664,2.1883658809126563,-1500.3822964726558,-0.09400096640975603,0.10510455,267,0.379746,backward
166.4994125366211,2.122454647705493,3.962015646371787,0.45562557543523924,0.7880563006840167,1.3527401052607002,-1501.2179222483076,-0.09405331948713694,0.1054982,268,0.379746,backward
166.63637924194336,2.1294073109897544,3.952637461193298,1.0869580739984797,0.31343241839109737,0.34451565786455896,-1502.2261466957036,-0.09411648610316273,0.1054982,268,0.379595,backward
166.77930355072021,2.114046776313203,3.9477866761957325,0.6589732315041593,-0.15255898249072625,-0.4652995834890491,-1503.0359619370572,-0.09416722211589731,0.1054982,268,0.379595,backward
166.92669224739075,2.1101662204651337,3.952799154031708,0.03968861425498782,0.03184308817318235,3.125675958244809,-1505.7281717025028,-0.09433589267427742,0.1054982,268,0.379443,backward
167.06795859336853,2.1106512899399643,3.957488246490479,-0.06814706527005267,0.3861844245314563,2.365659850394033,-1506.4881878103536,-0.09438350870440047,0.1054982,268,0.379285,backward
167.20241594314575,2.125203375006857,3.966866432249144,0.5827947169751586,0.9730633070382941,1.271008806301976,-1507.5828388544458,-0.09445209006281027,0.1054982,268,0.379285,backward
167.34485793113708,2.1294073109897544,3.9490802188324725,1.1375343002628846,0.3717321231554201,0.37212229771893635,-1508.4817253630285,-0.0945084065100905,0.10589185,269,0.379285,backward
167.4837794303894,2.114208466142659,3.9471399048853444,0.622600612306724,-0.21221634289255667,-0.683249280930603,-1509.537096941678,-0.09457452695722433,0.10589185,269,0.379126,backward
167.6135048866272,2.1015966600337355,3.951990689842985,-0.30665334622566887,-0.13393397855176584,-2.860424106963814,-1511.7142717677114,-0.09471092988477903,0.10589185,269,0.378975,backward
167.7513952255249,2.0999797619007343,3.966219660781471,-0.6554176288770573,0.4792843331480651,2.7129024295828827,-1512.4241305383443,-0.09475540349034663,0.10589185,269,0.378975,backward
167.90648818016052,2.12180788834874,3.958296710735828,0.16330833918675955,0.795781948389634,1.73991711262194,-1513.3971158553056,-0.09481636232751225,0.10589185,269,0.378823,backward
168.05636191368103,2.129083931294026,3.945037898163318,1.0838473166667923,0.07969348805910283,0.030786900752406584,-1515.106246067175,-0.09492344163124275,0.1062855,270,0.378823,backward
168.19343733787537,2.1167955034406583,3.949403604494983,0.725180463657969,-0.2490357519188053,-0.6213623897880175,-1515.7583953577155,-0.09496429966035863,0.1062855,270,0.378667,backward
168.35226392745972,2.108225942583451,3.959913639251526,0.040731706647234425,0.2142002912666051,2.589697214130599,-1518.8305210609765,-0.09515677246260223,0.1062855,270,0.378667,backward
168.48629236221313,2.1167955034406583,3.9702619825421124,0.123136964817495,0.8312113217578019,1.7942611410427962,-1519.6259571340645,-0.09520660760112876,0.1062855,270,0.378513,backward
168.62187457084656,2.1247183054789485,3.960237024958667,0.7340837193745952,0.643488572981604,0.927474957838045,-1520.4927433172693,-0.09526091291990213,0.10667915,271,0.378364,backward
168.7646689414978,2.113885086483944,3.949888682991245,0.4581852927961851,-0.0850605364594076,-0.7773516276658877,-1522.1975699027732,-0.09536772259565955,0.10667915,271,0.378364,backward
168.90691614151,2.1027284887384616,3.9625007249460062,-0.26794775001377397,0.23505188348338976,2.8524742668305696,-1524.8509293154564,-0.09553395912724953,0.10667915,271,0.378213,backward
169.05224514007568,2.116472123775658,3.96654304651464,-0.09352155906079482,0.7005063946897695,2.123713087251756,-1525.5796904950353,-0.09557961699413012,0.10667915,271,0.378213,backward
169.19631004333496,2.124394925794662,3.960237024958667,0.6509979614455366,0.596559632210408,0.9719626937110075,-1526.731440888576,-0.09565177570348717,0.1070728,272,0.378062,backward
169.3429298400879,2.121161128995137,3.9515056113337454,0.7961851131297936,-0.09765924362757145,-0.33977585063356397,-1528.0431794329204,-0.09573395788541186,0.1070728,272,0.378062,backward
169.48961234092712,2.10887270187421,3.955062853804416,0.20770244281234418,-0.04752365913775303,-2.233528775924097,-1529.936932358211,-0.09585260405015075,0.1070728,272,0.377913,backward
169.62350988388062,2.1117831187214313,3.9591051749895096,-0.18617221598178135,0.39193786968292343,2.564998975945924,-1531.4215899135206,-0.09594561984040285,0.1070728,272,0.377913,backward
169.76767778396606,2.1318326587328995,3.963955960686682,0.8364191531559213,0.7859507075350983,0.9177118574586428,-1533.0688770320078,-0.09604882459125613,0.10746645,273,0.377754,backward
169.90119314193726,2.1205143696446838,3.9511822256625835,1.0279861971605673,0.22860807511162157,0.19327481567951899,-1533.793314073787,-0.09609421154509475,0.10746645,273,0.377595,backward
170.04379153251648,2.104183697087184,3.9531225397095278,-0.058013716967114826,0.06340151610214458,-3.074958835004269,-1530.7783624172914,-0.09590532077368563,0.10746645,273,0.377595,backward
170.1864652633667,2.1119448085481394,3.9660579679153876,-0.1308674474987703,0.7818720195976306,2.1325260492535114,-1531.8540628402134,-0.09597271485022185,0.10746645,273,0.377437,backward
170.32830500602722,2.119867610297379,3.9618539535143804,0.3873714989404574,0.8923619513426642,1.4632323294316831,-1532.5233565600352,-0.09601464700086315,0.1078601,274,0.377437,backward
170.4803729057312,2.124879995321388,3.9660579679153876,0.81951183301383,0.7132524171273834,0.8677953004172007,-1533.1187935890496,-0.09605195193061011,0.1078601,274,0.377285,backward
170.62978768348694,2.119867610297379,3.954092696750978,0.7914784103556783,0.13538285063614608,0.05573396628332036,-1533.9308549231832,-0.09610282866407466,0.1078601,274,0.377285,backward
170.7717616558075,2.1130766373405914,3.947301597712442,0.3545938471541736,-0.2947710401796456,-1.4689439766937733,-1535.4555328661604,-0.09619835178537543,0.1078601,274,0.377134,backward
170.92215514183044,2.1049921461766523,3.952960846870451,-0.14043255888853812,0.01788923408893706,-2.9520418689359613,-1536.9386307584027,-0.09629126986064118,0.1078601,274,0.377134,backward
171.06180882453918,2.0996563822764776,3.965087810725898,-0.7655392128699812,0.5465530797662262,2.7510272731858127,-1537.5187469234606,-0.09632761491768002,0.1078601,274,0.376975,backward
171.2225878238678,2.1182507119428884,3.9647644249987386,0.07826053296582543,0.8952898540787385,1.843555779856441,-1538.4262184167899,-0.09638446922578724,0.10825375,275,0.376824,backward
171.36415934562683,2.127143653136237,3.948271754682015,0.8116243625966999,0.3492969958506098,0.4199325394003061,-1539.8498416572459,-0.09647366113422341,0.10825375,275,0.376824,backward
171.51965045928955,2.115663674616596,3.947463290539873,0.6377376697373628,-0.06601088331427053,-0.5101021472296298,-1540.7798763438757,-0.09653192905670112,0.10825375,275,0.376665,backward
171.65425372123718,2.106770734190701,3.954254389592385,-0.01813318249084498,0.06559502207467131,-2.974448553674147,-1543.2442227503202,-0.09668632366953998,0.10825375,275,0.376665,backward
171.82109355926514,2.123263096905866,3.9618539535143804,0.3333842252316399,0.6962030571988094,1.5138553226678368,-1545.0391041811579,-0.09679877540233257,0.10825375,275,0.376506,backward
171.98562622070312,2.116957193273453,3.9545777752761984,0.7868196479949691,0.42680067732690813,0.5544049756884992,-1545.998554528137,-0.09685888625544664,0.1086474,276,0.376506,backward
172.1236011981964,2.1040220072698768,3.959266867841246,-0.11516255673717611,0.2695005039794828,2.820538038088491,-1543.7324214657372,-0.09671690997488169,0.1086474,276,0.376348,backward
172.27554559707642,2.111298049242483,3.96460273213566,-0.14056932430044794,0.7807224391733163,2.1691315873999013,-1544.3838279164258,-0.09675772146408297,0.1086474,276,0.376196,backward
172.41329836845398,2.121969578187633,3.95247576835522,0.548598680423509,0.4109557343604067,0.8289887510681082,-1545.7239707527576,-0.09684168321305753,0.10904105,277,0.376196,backward
172.5584945678711,2.105315525813809,3.950212068657083,0.039103778492174245,-0.12403460286139739,-2.353417795621858,-1548.9063772994475,-0.09704106525828751,0.10904105,277,0.376038,backward
172.70050406455994,2.0988479332192527,3.9688067466842276,-0.6900910256574354,0.5171114248851896,2.7745320922826373,-1550.0616127187227,-0.09711344230918845,0.10904105,277,0.376038,backward
172.84321665763855,2.11663381360806,3.965087810725898,-0.01623565051785801,0.8883803451183366,1.957917138875896,-1550.8782276721292,-0.09716460433301753,0.10904105,277,0.37588,backward
172.9999430179596,2.115178605123516,3.9476249833676365,0.39071855871763533,0.2860847991363126,0.9127329511423367,-1551.9234118598629,-0.09723008652642526,0.1094347,278,0.37588,backward
173.13863015174866,2.104183697087184,3.955871318024774,-0.21968643940746563,0.061630267486994794,-2.967274498285333,-1549.520234002111,-0.09707952420533263,0.1094347,278,0.37572,backward
173.27219891548157,2.100303141525772,3.9553862394915598,-0.7242869039460025,0.31071677615763393,2.983171457591515,-1549.852973353414,-0.09710037077267654,0.1094347,278,0.375562,backward
173.40923142433167,2.109519461168104,3.9642793464105033,-0.4212859652742996,0.8464182997615055,2.355001812943876,-1550.4811429980614,-0.09713972644476422,0.1094347,278,0.375562,backward
173.5438265800476,2.1245566156367066,3.961045489232355,0.5668685859280574,0.6900724853026009,1.0511285922757776,-1551.7850162187297,-0.09722141585359474,0.10982835,279,0.375413,backward
173.6886341571808,2.1119448085481394,3.9497269901588252,0.5713167654424263,-0.07611572318988007,-0.6734145134413781,-1553.5095593244469,-0.09732946079582966,0.10982835,279,0.375413,backward
173.832754611969,2.0901166837118406,3.953445925388679,-0.8670764793216045,-0.001556138661028448,-2.9985175834559903,-1555.8346623944615,-0.09747513162658893,0.10982835,279,0.375261,backward
173.97792863845825,2.100949900778191,3.9655728893191404,-0.9776763010626977,0.5972279737864152,2.8020625175801124,-1556.3172676006052,-0.09750536749106063,0.10982835,279,0.375261,backward
174.11934733390808,2.12390985626971,3.9634708821034534,0.2614477826238692,0.7809744932232979,1.5467997323607203,-1557.5725303858246,-0.09758401139080954,0.110222,280,0.375103,backward
174.26921463012695,2.126658583601229,3.9536076182287543,0.9516813699732743,0.3913487734641766,0.3019568476901865,-1558.817373270495,-0.09766200246979148,0.110222,280,0.375103,backward
174.4215693473816,2.104183697087184,3.9469782120585784,0.17671067126979773,-0.14967448652893042,-1.8105649626846012,-1560.9298950808698,-0.09779435479906368,0.110222,280,0.37495,backward
174.5892174243927,2.1069324240113345,3.9634708821034534,-0.3402279265350617,0.3631345024218103,2.8256801627403627,-1562.5768352626244,-0.09789753781386462,0.110222,280,0.3748,backward
174.74270844459534,2.1222929578660095,3.9697769039198096,0.3552687567633955,0.8126850745198141,1.4036387766869294,-1563.9988766486777,-0.09798663061699747,0.110222,280,0.3748,backward
174.89418196678162,2.123101407065397,3.948756833171292,0.7876509593501584,0.24481223513801473,0.12304471208367278,-1565.279470713281,-0.09806686155542851,0.11061565,281,0.37465,backward
175.03827285766602,2.1028901785542042,3.954901160961344,-0.08272507068372807,-0.034815159875346315,-2.578772919048209,-1567.981288344413,-0.09823613405950059,0.11061565,281,0.37465,backward
175.19346237182617,2.0977161045473354,3.9660579679153876,-0.7456497017670882,0.3605252718172896,2.9574841861380197,-1568.7282165464067,-0.09828293011474008,0.11061565,281,0.3745,backward
175.33794331550598,2.112591567856935,3.9717172184270684,-0.2975088156855898,0.8809066676090177,2.2231451422175112,-1569.4625555903272,-0.09832893744231468,0.11061565,281,0.3745,backward
175.4831726551056,2.1260118242239807,3.9605604106671417,0.6075341586085656,0.7695152032897569,1.004734026975319,-1570.6809667055695,-0.0984052725354349,0.1110093,282,0.37434,backward
175.64199256896973,2.1268202734460346,3.9555479323356315,1.1044339301443935,0.1916573556944891,0.002097752941101018,-1571.6836029796036,-0.0984680890448927,0.1110093,282,0.37419,backward
175.78660488128662,2.0941589287835267,3.953284232548937,-0.4686270123556948,-0.16455071617338898,-2.6844138868417535,-1574.3701146193866,-0.09863640260804547,0.1110093,282,0.37404,backward
175.92678952217102,2.099171312841557,3.9621773392295268,-0.9061951581062618,0.3696557252175342,2.981666409629782,-1574.9872196300946,-0.0986750650659532,0.1110093,282,0.37404,backward
176.0686936378479,2.115178605123516,3.966866432249144,-0.08583750193554332,0.7642919962785777,2.069714233007027,-1575.8991718067175,-0.09873220009488787,0.11140295,283,0.37404,backward
176.21738171577454,2.115340294954346,3.95247576835522,0.2876543134431742,0.3493584739087009,1.1939737055498072,-1576.7749123341748,-0.09878706641535745,0.11140295,283,0.37389,backward
176.37260007858276,2.100626521151591,3.9523140755174757,-0.4375867591221398,-0.03780771030609202,-2.804411511535015,-1574.4901122440797,-0.09864392062043108,0.11140295,283,0.373733,backward
176.51108312606812,2.093835549173313,3.9591051749895096,-1.0186154167416992,0.3313678724583367,3.029956832053174,-1574.938929207671,-0.09867203960611749,0.11140295,283,0.373733,backward
176.66625261306763,2.107740873117439,3.9678365894606733,-0.6380505079540391,0.8860248169765071,2.4556987451190513,-1575.5131872946051,-0.09870801764669244,0.11140295,283,0.373582,backward
176.81344270706177,2.1308625196303077,3.956841475100198,0.7214625788195352,0.5792297087529445,0.6247535674600949,-1577.3441324722642,-0.09882272882166956,0.1117966,284,0.373582,backward
176.95492672920227,2.1087110120512267,3.9513439184979977,0.2867212647458264,-0.09267677199881189,-1.3033760282458025,-1579.27226206797,-0.0989435287309898,0.1117966,284,0.37343,backward
177.09001207351685,2.112268188202145,3.9626624178047463,0.017259869703134784,0.47231411037801946,2.1766867382919637,-1582.0753846086118,-0.09911914812373042,0.1117966,284,0.373281,backward
177.23990392684937,2.12568844453654,3.9594285606933157,0.5231040298476144,0.8349638761257383,1.0983100521494993,-1583.1537612947543,-0.09918670987175256,0.1117966,284,0.373281,backward
177.39005398750305,2.109519461168104,3.9547394681186043,0.2908003502346192,0.2084517410592447,-0.04310449403987318,-1584.2951758409436,-0.09925822102638839,0.11219025,285,0.37313,backward
177.52796936035156,2.1011115905917843,3.9505354543242523,-0.6004996711871997,-0.0344841100841445,-2.844840983256912,-1587.0969123301606,-0.0994337535811453,0.11219025,285,0.37313,backward
177.66445684432983,2.104668766540278,3.966704739381725,-0.5542483008186574,0.6090879837378983,2.6529057298098375,-1587.8823509242732,-0.09948296236418391,0.11219025,285,0.37297,backward
177.800199508667,2.1214845086715446,3.956194703715249,0.42150182089875005,0.6681080223474213,1.0991815501448694,-1589.436075103938,-0.09958030527123239,0.1125839,286,0.37297,backward
177.96522188186646,2.100949900778191,3.9497269901588252,-0.06023056143166952,0.03823418477239931,-2.5246951090847625,-1593.0599517631674,-0.09980734601206101,0.1125839,286,0.372813,backward
178.1078395843506,2.0922186511339316,3.9587817892870367,-1.2834470770148487,0.20693674775608914,-3.1349548358226205,-1593.6702114899051,-0.09984557960373239,0.1125839,286,0.37266,backward
178.24569487571716,2.1040220072698768,3.9670281251168973,-0.7123177489079977,0.6657933529428505,2.673984210387486,-1594.1444577508748,-0.09987529176905997,0.11297755,287,0.37266,backward
178.3894670009613,2.11792733227435,3.9641176535484264,-0.019083023187336116,0.9141581812076316,1.833575664635654,-1594.984866296627,-0.0999279444934126,0.11297755,287,0.37266,backward
178.5315499305725,2.131185899330381,3.959266867841246,1.0231274339791843,0.8076142464788284,0.5936123258464692,-1596.2248296354162,-0.10000562986229015,0.1133712,288,0.37251,backward
178.66727709770203,2.119544230624907,3.9484334475114418,0.8013491402749893,0.09920758687863303,-0.213756632134273,-1597.0321985933967,-0.10005621261208521,0.1133712,288,0.37235,backward
178.8173966407776,2.1109746695908314,3.9492419116635613,0.5187894804080085,-0.026612844922252635,-0.6602494532160299,-1597.4786914144786,-0.1000841859871213,0.1133712,288,0.37235,backward
178.96525955200195,2.1109746695908314,3.95247576835522,0.4418269384275497,0.0190573314888705,-0.6963500370170178,-1597.5147919982794,-0.10008644773719207,0.1133712,288,0.3722,backward
179.10364747047424,2.114855225462445,3.9515056113337454,0.12884926203224187,-0.06165403711286794,-1.776223398668843,-1598.5946653599312,-0.1001541032539454,0.1133712,288,0.37205,backward
179.24691081047058,2.11663381360806,3.9476249833676365,0.21306922872312553,-0.30011896316723796,-1.5244882226847816,-1598.3429301839474,-0.10013833170700204,0.1133712,288,0.37205,backward
179.38336777687073,2.120190989970638,3.9513439184979977,0.3639459841165026,-0.20467822502144972,-1.1803180170693925,-1597.9987599783321,-0.10011676898127984,0.1133712,288,0.37205,backward
179.52615094184875,2.1054772156326806,3.954092696750978,0.18458552586826776,-0.016302161133915725,-1.604913020531844,-1598.4233549817943,-0.10014337042862564,0.11376485,289,0.371892,backward
179.65838241577148,2.1104896001148243,3.955871318024774,-0.19508004672373896,0.17239354870136026,-3.031944176679067,-1599.8503861379415,-0.1002327758475579,0.11376485,289,0.371733,backward
179.8013813495636,2.1106512899399643,3.96088379637695,-0.12181424262925734,0.39639537571484046,2.609530285337002,-1600.492096983105,-0.10027297989404846,0.11376485,289,0.371733,backward
179.95285987854004,2.114046776313203,3.9675132037221608,0.06990289338196069,0.9102981977502245,1.7345260016287998,-1601.3671012668133,-0.10032780008785813,0.11376485,289,0.371733,backward
180.12541484832764,2.1171188831064445,3.96460273213566,0.3321249096422203,1.1227407871367676,1.4073505886294273,-1601.6942766798127,-0.10034829806699302,0.1141585,290,0.371575,backward
180.26264834403992,2.1310242094802456,3.963309189243045,1.0592952857571512,0.8757869782480099,0.6336362287835681,-1602.4679910396585,-0.1003967723110051,0.11455215,291,0.371414,backward
180.40222215652466,2.1300540703835806,3.954901160961344,1.256084449119717,0.35658458477909455,0.1095951733751093,-1602.9920320950669,-0.10042960418709601,0.11455215,291,0.371414,backward
180.54240036010742,2.119867610297379,3.951828997006239,0.7357794169710916,0.06758893981735029,-0.3155051483663291,-1603.417132416808,-0.10045623729331081,0.11455215,291,0.371265,backward
180.68162488937378,2.106770734190701,3.951990689842985,0.026139778883982175,-0.0890548277453663,-2.0815158212585096,-1605.1831430897,-0.10056688023433462,0.11455215,291,0.371113,backward
180.81979274749756,2.1028901785542042,3.9634708821034534,-0.42972230652784305,0.4925050109801346,2.757580740504858,-1606.6272318351162,-0.10065735433414885,0.11455215,291,0.371113,backward
180.99122381210327,2.103213558186276,3.9675132037221608,-0.8012326518484135,1.0188728403264307,2.4793101827992783,-1606.9055023928215,-0.10067478835840332,0.11455215,291,0.371113,backward
181.14008593559265,2.1045070767223844,3.9537693110691623,-0.49135633630932934,0.37928950484440155,2.949564092409378,-1606.4352484832116,-0.10064532631925155,0.1149458,292,0.370955,backward
181.30143857002258,2.0948056880062924,3.975921233357979,-1.0246434174139272,0.8142040223225665,2.7017201556968704,-1606.6830924199242,-0.10066085407482728,0.1149458,292,0.370796,backward
181.47478032112122,2.121969578187633,3.9553862394915598,0.2995478770284174,0.5931316434893974,1.2108686284935757,-1608.1739439471273,-0.10075425792573915,0.11533945,293,0.370637,backward
181.6435923576355,2.0941589287835267,3.9591051749895096,-0.33114355381075855,0.20807790895363804,-3.048854855437807,-1612.4336674310587,-0.10102113532429903,0.11533945,293,0.370637,backward
181.79423069953918,2.1075791832958264,3.9683216680709474,-0.6074774957374606,0.9499924693081818,2.4108272987316224,-1613.2571705840687,-0.10107272890308652,0.11533945,293,0.370486,backward
181.93657970428467,2.115016915292882,3.959590253545719,0.11665769651098262,0.8050200957713253,1.6520144266124472,-1614.0159834561878,-0.10112026954887463,0.1157331,294,0.370486,backward
182.07432985305786,2.10369862763585,3.948756833171292,-0.3223791316702112,0.007555564781712257,-2.648482266737023,-1612.0332948423577,-0.10099605144377713,0.1157331,294,0.370327,backward
182.21831107139587,2.092865410347347,3.963309189243045,-0.9781572756479617,0.2925507164928214,3.1157295140461296,-1612.552268368754,-0.10102856583236797,0.1157331,294,0.370327,backward
182.35365080833435,2.1033752480026053,3.968968439555989,-0.936523643193786,0.8773125245130966,2.6249999101660193,-1613.042997972634,-0.10105931070127176,0.1157331,294,0.370176,backward
182.4931161403656,2.110004530640582,3.9603987178127373,-0.28904408551297056,0.7711123889520777,2.271698775057999,-1613.3962991077422,-0.10108144549199269,0.11612675,295,0.370176,backward
182.6324017047882,2.105800595271012,3.9484334475114418,-0.1157764976931011,0.1566406780665188,-2.685639152886677,-1612.0704517285074,-0.10099837937260904,0.1165204,296,0.370017,backward
182.7720127105713,2.1007882109647933,3.9490802188324725,-0.49581920011146996,-0.018250065009750183,-2.699979018588419,-1612.0847915942088,-0.10099927778445866,0.1165204,296,0.369858,backward
182.92196106910706,2.0935121695638785,3.9618539535143804,-0.9710060127594731,0.3531986795639977,3.067844086200478,-1612.6001537965997,-0.1010315659187493,0.1165204,296,0.369858,backward
183.055415391922,2.109519461168104,3.971878911304846,-0.5328896935928921,1.0414625892297882,2.2672210659919916,-1613.400776816808,-0.10108172602648079,0.1165204,296,0.369702,backward
183.1881992816925,2.120676059482002,3.9660579679153876,0.39922083160547933,0.9718103192655133,1.1658834876906679,-1614.5021143951094,-0.10115072630524113,0.11691405,297,0.369702,backward
183.32810807228088,2.112753257684624,3.957003167947269,0.31472320861735076,0.3761128883457844,0.403630817582554,-1615.2643670652171,-0.10119848245899409,0.11691405,297,0.36955,backward
183.46787524223328,2.0975544147378415,3.9587817892870367,-0.3223470118675001,0.1787814052164768,-2.895399101330356,-1618.5633969841301,-0.10140517111515963,0.11691405,297,0.36955,backward
183.61624908447266,2.092865410347347,3.9618539535143804,-1.0127185788949435,0.26545636301711545,-3.1233013828071576,-1618.791299265607,-0.10141944949924626,0.11691405,297,0.369392,backward
183.7540214061737,2.0904400633130984,3.967351510853406,-1.3118636048445598,0.8329024042150136,2.7705647904752326,-1619.180618399504,-0.10144384086597605,0.11691405,297,0.369392,backward
183.9064905643463,2.1184124017774524,3.956841475100198,-0.10467773869035349,0.5927117699907911,2.119720453376385,-1619.8314627366026,-0.1014846171380058,0.1173077,298,0.36924,backward
184.04382705688477,2.1087110120512267,3.9477866761957325,-0.00808423173737878,0.08827393200390511,-1.968993354397733,-1623.920176544377,-0.10174078055062888,0.1173077,298,0.36924,backward
184.1902370452881,2.1045070767223844,3.9531225397095278,-0.21362115957963002,0.03818805702015628,-2.4242400022256474,-1624.3754231922048,-0.10176930236467002,0.1173077,298,0.369084,backward
184.33527779579163,2.1108129797652997,3.962824110663821,-0.2921501069120388,0.5556705096110263,2.514878525596383,-1625.7194899715626,-0.10185350995394638,0.1173077,298,0.369084,backward
184.4758961200714,2.112106498375044,3.970747061167423,-0.11451696409489963,1.1004008971941184,1.7966766146209476,-1626.4376918825378,-0.10189850626846415,0.1173077,298,0.368933,backward
184.63310384750366,2.114531845802159,3.955224546647821,0.3698847767238611,0.7008642350244888,0.9260507576849615,-1627.3083177394738,-0.10195305214795483,0.11770135,299,0.368774,backward
184.7758400440216,2.1064473545500215,3.951020532827501,-0.11213434607617181,0.056753724801621476,-2.2112491395490825,-1630.4456176367078,-0.10214960820100247,0.11770135,299,0.368774,backward
184.91801643371582,2.098201173976986,3.963632574964196,-0.6046983403066669,0.4188612728774702,2.970624435569229,-1631.546929368769,-0.10221860686046115,0.11770135,299,0.368613,backward
185.0528736114502,2.1019200396626805,3.9688067466842276,-0.6248258112585823,0.9327343888063848,2.4012229360817434,-1632.1163308682565,-0.10225428062930847,0.11770135,299,0.368613,backward
185.20078897476196,2.106770734190701,3.9654111964543923,0.20730544600539288,0.8308240786625198,1.2945546539185193,-1633.2229991504196,-0.10232361488382676,0.118095,300,0.368464,backward
185.33527994155884,2.108225942583451,3.9573265536424085,-0.3765260809039306,0.558921663443446,2.631123645685193,-1631.8864301586527,-0.1022398770410151,0.118095,300,0.368464,backward
185.4672658443451,2.113885086483944,3.9578116321876187,-0.3987901959055389,0.1637298253203427,-2.814817734647405,-1631.0491862318058,-0.10218742258428809,0.118095,300,0.368303,backward
185.63738298416138,2.0954524472321756,3.9765680049058845,-0.8693190225333818,1.0582182408253844,2.460975673244033,-1632.0565781310938,-0.10225053704005649,0.118095,300,0.368154,backward
185.78393840789795,2.118574091612213,3.952960846870451,-0.31307759133439683,0.6694026643631488,2.364028962127299,-1632.1535248422106,-0.10225661088174115,0.118095,300,0.368154,backward
185.9340534210205,2.0852659897862935,3.954254389592385,-1.5143272861287258,0.21060881933090522,-3.066980086641911,-1631.3013485838,-0.10220322089438236,0.11848865,301,0.368003,backward
186.07625555992126,2.088338095918828,3.96767489659125,-1.7551971845332939,0.6032775591466063,2.985724132683117,-1631.5318296716546,-0.10221766084415279,0.11848865,301,0.368003,backward
186.21136951446533,2.1227780273850514,3.969453518173279,0.01205298078610909,0.9948194636689169,1.5522221448756783,-1632.965331659462,-0.1023074716693811,0.1188823,302,0.367844,backward
186.3553864955902,2.116957193273453,3.9573265536424085,0.3961306822373189,0.6329277839759048,0.6461607061079437,-1633.8713930982299,-0.10236423763567586,0.11927595,303,0.367844,backward
186.51629114151,2.1104896001148243,3.9571648607946717,0.23695669638305758,0.11876576155870132,-0.7581072812271916,-1635.275661085565,-0.10245221691150316,0.11927595,303,0.367693,backward
186.65614199638367,2.1061239749101253,3.9749510760461604,-0.15137679701309437,0.9734151975404962,1.8166142073025446,-1632.7009395970354,-0.10229090715149952,0.11927595,303,0.367693,backward
186.79554414749146,2.1187357814471706,3.962824110663821,0.3486632630450248,0.8992196085612986,1.0205907540894463,-1633.4969630502485,-0.10234077909017993,0.11927595,303,0.367542,backward
186.94513177871704,2.1027284887384616,3.9565180894070577,-0.041685175060838416,0.2494322233579136,-2.0694903455787874,-1636.5870441499167,-0.10253437682212879,0.1196696,304,0.36739,backward
187.08646416664124,2.1061239749101253,3.958458403585897,-0.482982201345141,0.18888484463617328,-2.8336894579466065,-1637.3512432622845,-0.10258225492310406,0.1196696,304,0.36739,backward
187.22854280471802,2.09254203074025,3.965734582184222,-0.8990872723270537,0.4450953718218086,3.0294073762808718,-1637.7713317352363,-0.10260857403025955,0.1196696,304,0.36724,backward
187.3611443042755,2.111621428894919,3.9751127689306265,-0.11483964233297637,1.2117741813594707,1.7001467524877543,-1639.1005923590294,-0.10269185399399998,0.12006325,305,0.36709,backward
187.4984233379364,2.11663381360806,3.9607221035218796,-0.03516342046138756,0.9522876518616497,1.6211842402237397,-1639.1795548712935,-0.10269680110146745,0.12006325,305,0.36709,backward
187.63196754455566,2.1234247867465315,3.9464931335802755,0.5561595031164699,0.23471104181046631,-0.22088516141718229,-1641.0216242729346,-0.10281220922402075,0.1204569,306,0.36709,backward
187.7678656578064,2.1221312680267226,3.9523140755174757,0.7745472895784585,-0.03489525721929038,-0.47095310700617093,-1641.2716922185236,-0.10282787631674022,0.1204569,306,0.36694,backward
187.90422081947327,2.1070941138321637,3.963632574964196,0.10776074908598707,0.4310179448829818,0.6544516866126515,-1640.1462874249048,-0.10275736819460958,0.1204569,306,0.36679,backward
188.0486249923706,2.127143653136237,3.965087810725898,0.6817249138332322,0.9754170048766703,0.7439041759159915,-1640.0568349356015,-0.10275176387598889,0.1204569,306,0.36679,backward
188.18870425224304,2.127143653136237,3.954901160961344,0.8821727523722311,0.6536531829071935,0.324117974786249,-1640.4766211367312,-0.10277806404540865,0.12085055,307,0.36664,backward
188.33071422576904,2.1109746695908314,3.9573265536424085,0.36155316002242965,0.19219714662067486,-0.4726195122505417,-1641.2733586237682,-0.10282798071926734,0.12085055,307,0.36664,backward
188.4813380241394,2.1069324240113345,3.9684833609417067,-0.2333479329395778,0.7054476705171113,2.2192837681119357,-1644.8646406505852,-0.10305297936258939,0.12085055,307,0.366487,backward
188.6242437362671,2.117442262773017,3.9670281251168973,0.11654133857560457,0.926118908671953,1.4074557088087878,-1645.6764687098882,-0.10310384148107243,0.12085055,307,0.366487,backward
188.77450323104858,2.116148744111444,3.9565180894070577,0.48321528556559085,0.2941634159755291,-0.16683066770928434,-1647.2507550864063,-0.10320247263737596,0.1212442,308,0.366328,backward
188.9389569759369,2.1054772156326806,3.961368874944165,-0.021760630338484643,0.3389911252798015,-2.626257488689984,-1649.710181907387,-0.10335655903157681,0.1212442,308,0.366328,backward
189.07786059379578,2.1014349702195565,3.96767489659125,-0.5695640918069933,1.018795742054287,2.31700729064399,-1651.0501024352325,-0.10344050685262604,0.1212442,308,0.36618,backward
189.2281777858734,2.1158253644480154,3.9579733250366878,0.056080526865657614,0.7288928295793428,1.4819370970486778,-1651.8851726288278,-0.10349282512204477,0.1212442,308,0.366028,backward
189.3657042980194,2.09836286378726,3.9539310039099034,-0.4769742901885716,0.0452235828252768,-2.554324889171357,-1655.921434615048,-0.10374570235758643,0.12163785,309,0.366028,backward
189.51533699035645,2.105800595271012,3.9658962750496376,-0.6535041403175773,0.6818384312860107,2.7167137123142013,-1656.933581320742,-0.10380911470836353,0.12163785,309,0.365876,backward
189.65650391578674,2.119382540788967,3.957003167947269,0.44960871949933556,0.619064953326554,0.5008736631233252,-1659.1494213699327,-0.10394794006408992,0.1220315,310,0.365718,backward
189.81040477752686,2.1007882109647933,3.9516673041698254,-0.24614809407928862,0.172058561977357,-2.469633214557124,-1662.1199282476132,-0.10413404631040143,0.1220315,310,0.365718,backward
189.957213640213,2.088984855113565,3.9573265536424085,-1.0683030978887598,0.22591792877888442,-2.999903542100524,-1662.6501985751565,-0.10416726845875968,0.1220315,310,0.36557,backward
190.1075963973999,2.1106512899399643,3.9679982823304307,-0.8563491925301483,0.9020702644990838,2.596430200486731,-1663.337050139749,-0.10421030063196215,0.1220315,310,0.36557,backward
190.25762820243835,2.119382540788967,3.958296710735828,0.16446681745579275,0.5330230525151508,0.7195622927501278,-1665.2139180474855,-0.10432788892766884,0.12242515,311,0.36557,backward
190.39838671684265,2.125850134380162,3.9497269901588252,0.9302717240912576,0.019930908156520752,-0.37482417275262264,-1666.3083045129883,-0.1043964537098746,0.12242515,311,0.365408,backward
190.5558009147644,2.1001414517131556,3.958296710735828,-0.2624142310869531,0.03378983156380403,-2.2313473407013484,-1668.1648276809372,-0.1045127673803035,0.12242515,311,0.36526,backward
190.71223950386047,2.1015966600337355,3.966219660781471,-0.6403549867182932,0.72118926896066,2.653201398494168,-1669.5634642489213,-0.10460039384014352,0.12242515,311,0.36526,backward
190.85290956497192,2.1040220072698768,3.9671898179849845,-0.3911313731638833,0.8628879946715036,2.2527231189606076,-1669.963942528455,-0.10462548434233805,0.12242515,311,0.3651,backward
191.0100016593933,2.115178605123516,3.952960846870451,-0.22251597881031288,0.6035629338150649,2.359097828010435,-1669.8575678194054,-0.10461881982391784,0.12242515,311,0.364949,backward
191.15309047698975,2.0943206185889256,3.961368874944165,-0.6193897263277248,0.2409635985437896,-2.9049455468185044,-1668.8384258870549,-0.10455496921279366,0.1228188,312,0.364949,backward
191.29600644111633,2.098201173976986,3.9607221035218796,-1.0150866859958088,0.6604913348998214,2.87576887205531,-1669.3408967753605,-0.10458644968893935,0.1228188,312,0.364797,backward
191.4476854801178,2.1117831187214313,3.9603987178127373,-0.5693792202459309,0.790314098653926,2.5087991345767064,-1669.707866512839,-0.1046094408359605,0.1228188,312,0.364797,backward
191.5860185623169,2.125850134380162,3.9566797822534614,0.47371698564564757,0.27156438472857547,-0.24020562317588165,-1672.4568712705916,-0.10478166967690407,0.12321245,313,0.364646,backward
191.7374243736267,2.1106512899399643,3.9481100618529217,0.13663315650051533,-0.2218222165079965,-1.3115676200685795,-1673.5282332674842,-0.10484879194522151,0.12321245,313,0.364646,backward
191.8763337135315,2.100303141525772,3.954254389592385,-0.5613360286730401,0.16767725212187187,-2.75216816097277,-1674.9688338083881,-0.10493904750433718,0.12321245,313,0.364495,backward
192.03487420082092,2.1167955034406583,3.964441039272915,-0.024064845456371012,0.7861802575594455,1.552852905528263,-1676.9469980490667,-0.10506298215137891,0.12321245,313,0.364346,backward
192.1709897518158,2.1171188831064445,3.9539310039099034,0.4588384639378655,0.5267887215490468,0.2701365645610806,-1678.229714390034,-0.10514334605327509,0.1236061,314,0.364346,backward
192.32257866859436,2.1075791832958264,3.9432592771347053,-0.05898267089827058,-0.18665881691211922,-1.628810205539105,-1680.1286611601342,-0.10526231761936848,0.1236061,314,0.364194,backward
192.4677493572235,2.0965842758849775,3.956841475100198,-0.7204598762177377,-0.001850795727830111,-2.6319474609879405,-1681.1317984155828,-0.10532516551598488,0.1236061,314,0.364194,backward
192.6025207042694,2.0952907574254125,3.9683216680709474,-1.2828212212547894,0.7066593750750546,2.8875412036001227,-1681.8954950581742,-0.10537301213655367,0.1236061,314,0.364036,backward
192.74851894378662,2.1117831187214313,3.9642793464105033,-0.3626870983677734,0.9328260807537432,2.0952420813329784,-1682.6877941804412,-0.10542265074089724,0.12399975,315,0.363884,backward
192.89071822166443,2.1276287226730197,3.950212068657083,0.6633425567980349,0.27811058041974174,-0.15850906389369798,-1684.941545325668,-0.10556385127771807,0.12399975,315,0.363884,backward
193.0363039970398,2.1171188831064445,3.9471399048853444,0.6864875723207259,-0.15963449966773777,-0.6475217961260643,-1685.4305580579003,-0.10559448858230677,0.12399975,315,0.363726,backward
193.17689204216003,2.0978777943570237,3.96654304651464,-0.4304428911841979,0.44913757627686657,2.9796609334118815,-1688.0865606355417,-0.10576089071173207,0.12399975,315,0.363726,backward
193.33135223388672,2.1203526798075627,3.9623390320875997,0.18169392165137777,0.6831719742975807,0.9345749285435874,-1690.1316466404098,-0.10588901809719953,0.12399975,315,0.363567,backward
193.48449778556824,2.1075791832958264,3.9485951403412005,0.022270161016882343,0.11625143899292316,-1.3620744487081886,-1692.4282960176615,-0.10603290626588396,0.1243934,316,0.363567,backward
193.62051153182983,2.092380340936993,3.9545777752761984,-0.7209308577081124,-0.12703282481818762,-2.5013595624058635,-1693.5675811313592,-0.10610428400871366,0.1243934,316,0.363408,backward
193.78569865226746,2.083487402057397,3.9607221035218796,-1.67868276993019,0.24184260247173245,-3.0583767690423063,-1694.1245983379956,-0.10613918188497744,0.1243934,316,0.363257,backward
193.93059182167053,2.105800595271012,3.970100289667678,-0.9857949306399961,0.8729876288254491,2.6494810857421522,-1694.6999257903908,-0.10617522692273505,0.1243934,316,0.363257,backward
194.07524394989014,2.110004530640582,3.9513439184979977,-0.11531963712705366,0.35972569826044004,-2.6947662491822597,-1693.7609878181356,-0.1061164011974527,0.12478705,317,0.363257,backward
194.22470545768738,2.1040220072698768,3.949565297326738,-0.2778529284091625,-0.09531085986249173,-1.9863960901810405,-1693.0526176591345,-0.10607202085540356,0.12478705,317,0.363108,backward
194.36396288871765,2.0977161045473354,3.965249503589978,-0.9259586789665398,0.48790810795974277,3.0122047593287067,-1694.3372021168043,-0.1061525017973207,0.12478705,317,0.362957,backward
194.50453853607178,2.1143701559723107,3.96314749638297,-0.1158229565034666,0.6494584752462468,1.707000479170603,-1695.6424063969623,-0.10623427459881632,0.1251807,318,0.362957,backward
194.64484763145447,2.112753257684624,3.952152382680064,0.10364973689454689,0.13043157042000017,-0.9414206816059383,-1698.2908275577388,-0.10640020174229056,0.1251807,318,0.362805,backward
194.7848768234253,2.0970693453105316,3.9531225397095278,-0.509197432818439,-0.10654934674294421,-2.301115054465229,-1699.650521930598,-0.10648538842129307,0.1251807,318,0.362805,backward
194.9421148300171,2.0948056880062924,3.9547394681186043,-1.1009988347313098,0.09818229280259728,-2.8791675397371703,-1700.22857441587,-0.10652160418602111,0.1251807,318,0.362656,backward
195.08330416679382,2.099171312841557,3.963309189243045,-0.9375137644309078,0.531184179998468,2.952838621307189,-1700.6797535620053,-0.10654987116561712,0.1251807,318,0.362505,backward
195.23259902000427,2.110327910289881,3.9660579679153876,-0.408419764964112,0.7715739427613604,2.2267044974472654,-1701.405887685865,-0.10659536444392785,0.12557435,319,0.362505,backward
195.37896013259888,2.11792733227435,3.9647644249987386,0.19139601228630623,0.6545894151148124,0.758833387901057,-1702.8737587954113,-0.10668732854080282,0.12557435,319,0.362346,backward
195.51797795295715,2.121969578187633,3.9571648607946717,0.5788049415259359,0.4454795084929642,0.09912228136699684,-1703.5334699019454,-0.10672866032784886,0.12557435,319,0.362346,backward
195.66292929649353,2.1240715461111637,3.9477866761957325,0.8464962186336444,0.062027579981838374,-0.32539433445461424,-1703.957986517767,-0.1067552568641037,0.12557435,319,0.362195,backward
195.81357049942017,2.1263352039122108,3.9485951403412005,1.11499281533171,-0.0701469143461696,-0.35672482378018466,-1703.989317007093,-0.10675721976134772,0.12557435,319,0.362195,backward
195.95053505897522,2.116148744111444,3.944552819696982,0.574526363670996,-0.38755055915379255,-0.8664538360242745,-1704.4990460193371,-0.10678915496870832,0.12557435,319,0.362036,backward
196.08822345733643,2.113885086483944,3.9471399048853444,0.2640254631229417,-0.4057618203408648,-1.1674358873352786,-1704.8000280706485,-0.10680801189854666,0.12557435,319,0.362036,backward
196.2233669757843,2.113561706826014,3.9477866761957325,0.25477544379651745,-0.4243356533373206,-1.1862015895151274,-1704.8187937728285,-0.1068091875949971,0.12557435,319,0.361885,backward
196.38912987709045,2.1024051091075626,3.9453612838092043,-0.20759059800767213,-0.4554030370499685,-1.7561669262664885,-1705.38875910958,-0.10684489668900644,0.12557435,319,0.361733,backward
196.53813695907593,2.0962608962689164,3.9539310039099034,-0.8408166259165294,-0.29271692625386453,-2.461148861361804,-1706.0937410446754,-0.10688906475427634,0.12557435,319,0.361733,backward
196.6678922176361,2.0941589287835267,3.9492419116635613,-1.3719717986654647,-0.07561916258410332,-2.837208124137079,-1706.4698003074507,-0.10691262537226771,0.12557435,319,0.361584,backward
196.81180715560913,2.1061239749101253,3.9600753321049296,-0.6442650398328833,0.4040455177213791,3.0126473338981867,-1706.9031301565951,-0.10693977406942945,0.125968,320,0.361433,backward
196.94903993606567,2.1091960815207655,3.9615305678005694,-0.4383538960668628,0.6256781230292693,2.4452219279634893,-1707.4705555625299,-0.10697532403336112,0.125968,320,0.361433,backward
197.08658242225647,2.1101662204651337,3.9586200964363,0.019074923128458193,0.37999515699132264,0.40027788643232926,-1709.5154996040608,-0.10710344252463479,0.12636165,321,0.361433,backward
197.25831604003906,2.0852659897862935,3.9490802188324725,-0.8485475234267833,-0.09479337444416666,-2.6282270265944305,-1712.5440045170876,-0.10729318242577231,0.12636165,321,0.361282,backward
197.39582133293152,2.092380340936993,3.9566797822534614,-1.0062223597043642,0.16929074013971712,-2.9678367490630895,-1712.8836142395562,-0.10731445943109905,0.12636165,321,0.36113,backward
197.56867480278015,2.100464831338584,3.966866432249144,-0.9819647865169321,0.5638241346408367,2.8787938834216225,-1713.320168914251,-0.10734181016791358,0.12636165,321,0.36098,backward
197.70454001426697,2.1049921461766523,3.9557096251800368,-0.08638974917286432,0.3655943579745332,0.0,-1715.6296787980798,-0.10748650406461123,0.1267553,322,0.36098,still
197.84918069839478,2.080415296035506,3.945037898163318,-1.1177946089646116,-0.19000813954007068,-2.666216043139983,-1718.8651788408129,-0.10768921248869137,0.1267553,322,0.36098,backward
197.99777579307556,2.0637612488166774,3.9555479323356315,-2.536094962688811,-0.10569927924867226,-2.9660478473184884,-1719.1650106449915,-0.10770799735400165,0.1267553,322,0.36082,backward
198.14189267158508,2.1017583498481103,3.9565180894070577,-1.8521153788912585,0.486744741309484,3.044713552145049,-1719.4374345527076,-0.1077250650777802,0.1267553,322,0.36082,backward
198.30042600631714,2.0849426101974746,3.9460080551049646,-1.6594318250683675,-0.33398945821349707,-2.729390445362677,-1718.9283532430354,-0.10769317044985582,0.12714895,323,0.36067,backward
198.45638298988342,2.09723103511944,3.96460273213566,-1.3118822978091593,0.2253692947922888,-3.064056021860415,-1719.263018819533,-0.10771413769779578,0.12714895,323,0.360518,backward
198.5904200077057,2.114046776313203,3.9603987178127373,-0.39239127657386236,0.4677388995365227,2.4910983506079174,-1719.9910497542446,-0.10775974981385444,0.1275426,324,0.360518,backward
198.7237730026245,2.1209994391572287,3.943744355593067,0.34338199501361283,-0.2715038853882415,-0.8315024451837053,-1723.313650550036,-0.10796791521712033,0.12793625,325,0.36036,backward
198.8673198223114,2.099333002653002,3.9544160824341246,-0.44693189128073085,-0.24693308638270242,-2.0102168725879745,-1724.4923649774405,-0.10804176325942103,0.12793625,325,0.360203,backward
199.01539659500122,2.092380340936993,3.9623390320875997,-1.1315239157853667,0.27899880734157034,-3.1162513772575102,-1725.5983994821097,-0.10811105780692792,0.12793625,325,0.360203,backward
199.16594338417053,2.1007882109647933,3.959590253545719,-0.9581120453950852,0.5806478780595435,2.7917443194223983,-1725.9735890926095,-0.10813456394003601,0.12793625,325,0.360203,backward
199.3038489818573,2.113561706826014,3.9571648607946717,-0.6288024753610318,0.44212988283560917,2.8292046601991796,-1725.9361287518327,-0.10813221699936407,0.12793625,325,0.360051,backward
199.44630980491638,2.108387632405847,3.94196573459369,0.11808679874143509,-0.417305707732207,-1.1467321584524213,-1723.6288802633048,-0.10798766478211985,0.1283299,326,0.3599,backward
199.59575867652893,2.1015966600337355,3.943097584315916,-0.5749118880652833,-0.4194474215586221,-2.0426636159857208,-1724.524811720838,-0.10804379609148215,0.1283299,326,0.3599,backward
199.73171973228455,2.091571891923631,3.9586200964363,-1.1334691551158715,0.2442671612493856,-3.0876660248634438,-1725.569814129716,-0.10810926689620039,0.1283299,326,0.359749,backward
199.87630319595337,2.1124298780294417,3.952960846870451,-0.6422889379042391,0.2038755028321996,-2.929527639631516,-1725.411675744484,-0.10809935931393069,0.1283299,326,0.3596,backward
200.01174998283386,2.1017583498481103,3.9387318783341305,-0.5666855609666196,-0.4546583188763502,-1.9999381766946902,-1724.4820862815473,-0.10804111928531544,0.12872355,327,0.3596,backward
200.16087102890015,2.0897933041113608,3.952960846870451,-1.2778365944811538,-0.3373466436148465,-2.6055309199802164,-1725.087679024833,-0.10807906048420417,0.12872355,327,0.359448,backward
200.29503512382507,2.0990096230303075,3.9539310039099034,-1.1927011159296037,-0.009525649248374677,-2.846895177265401,-1725.3290432821182,-0.1080941822791593,0.12872355,327,0.359448,backward
200.43936586380005,2.1007882109647933,3.955062853804416,-0.7373119951603287,0.30652009811882863,3.083565425082153,-1725.6817679869503,-0.10811628095574911,0.1291172,328,0.3593,backward
200.57957077026367,2.100949900778191,3.9539310039099034,-0.7734647906114989,0.08066005607605421,-2.7799529401058978,-1725.262101044959,-0.10808998825807457,0.1291172,328,0.3593,backward
200.723237991333,2.0965842758849775,3.9401871136344986,-0.7970951808292775,-0.6858368946135573,-2.083047714253733,-1724.565195819107,-0.1080463262094886,0.1291172,328,0.359148,backward
200.86487460136414,2.084619230609432,3.9451995909860953,-1.29266444356862,-0.697919435815986,-2.390144070178028,-1724.8722921750314,-0.10806556620872458,0.1291172,328,0.359148,backward
201.00786924362183,2.091733581725914,3.955062853804416,-1.4273985642302238,-0.2631433620135591,-2.7196014455381756,-1725.2017495503917,-0.10808620715586686,0.1291172,328,0.358997,backward
201.18968105316162,2.0791217777314364,3.9571648607946717,-2.0393186320543277,0.21316865626236833,-3.1202161381667035,-1725.6023642430202,-0.10811130620452503,0.1291172,328,0.358997,backward
201.32538962364197,2.0910868225179495,3.9359831006178827,-1.4741640526829551,-0.6084742417050197,-2.5091493613273594,-1724.991297466181,-0.10807302205008067,0.1291172,328,0.358838,backward
201.4773609638214,2.075402912676275,3.949565297326738,-2.0666982757497747,-0.4829915484869087,-2.7499384066140613,-1725.2320865114677,-0.10808810780723138,0.12951085,329,0.358687,backward
201.6133246421814,2.0884997857172207,3.953445925388679,-1.7406935272086688,-0.010309302205176934,-2.9697624290606806,-1725.4519105339143,-0.10810188007753783,0.12951085,329,0.358687,backward
201.76388669013977,2.0948056880062924,3.939540342386571,-1.2350395200489872,-0.37689636692889145,-2.5406929616224843,-1725.0228410664763,-0.10807499829901318,0.1299045,330,0.358535,backward
201.91376781463623,2.0849426101974746,3.935659715010509,-1.6756427728903966,-0.8741290619746396,-2.446939646936084,-1724.92908775179,-0.10806912452790474,0.1299045,330,0.358376,backward
202.0685338973999,2.076534741160484,3.9476249833676365,-1.9688333496042645,-0.8564281749911459,-2.552428210710959,-1725.034576315565,-0.1080757335281331,0.1299045,330,0.358376,backward
202.20709419250488,2.0859127489662623,3.952799154031708,-2.0656868629303546,-0.30907052123504813,-2.8453042328796756,-1725.3274523377336,-0.10809408260435642,0.1299045,330,0.358225,backward
202.35070371627808,2.099333002653002,3.9387318783341305,-1.14379211265769,-0.6922505046772879,-2.2652331065742666,-1724.747381211428,-0.10805774036905592,0.13029815,331,0.358225,backward
202.4872920513153,2.081870504142412,3.9416423489617576,-1.810884665205673,-0.9375085867536784,-2.4643911324321324,-1724.946539237286,-0.1080702178869145,0.13029815,331,0.358066,forward
202.63020372390747,2.0734626352968233,3.950050375823998,-2.2986886340906834,-0.45785349010293985,-2.814562106727339,-1725.2967102115813,-0.10809215656885561,0.13029815,331,0.358066,forward
202.77181005477905,2.0952907574254125,3.9418040417775577,-1.790040998598697,-0.5581340963323623,-2.6443072933826173,-1725.1264553982367,-0.10808148987608808,0.13029815,331,0.357917,forward
202.91117334365845,2.0951290676188443,3.929515388722356,-1.0713723636153163,-1.1324389518831621,-2.014163304977454,-1724.4963114098314,-0.10804201050871175,0.1306918,332,0.357766,backward
203.04639434814453,2.0763730513764456,3.940995577701878,-1.9267061201026026,-1.2033123799410044,-2.3957313277959424,-1724.87787943265,-0.10806591625792002,0.1306918,332,0.357766,still
203.19815969467163,2.084295851022166,3.9481100618529217,-2.2262937591942893,-0.617821560846676,-2.7336231158877093,-1725.215771220742,-0.10808708563235028,0.1306918,332,0.357766,still
203.3354208469391,2.082355573514871,3.9291920031414955,-1.8634356043608125,-1.1241031298799302,-2.399760306003513,-1724.8819084108577,-0.10806616867881705,0.13108545,333,0.357617,forward
203.47013401985168,2.0658632158284536,3.931132316646529,-2.5698585584519167,-1.5722960599817477,-2.455282334392585,-1724.9374304392468,-0.10806964720848106,0.13108545,333,0.357466,backward
203.60788249969482,2.061174212539167,3.9451995909860953,-3.3735894105639,-0.9705608138408116,-2.7813577606255118,-1725.2635058654796,-0.10809007627196736,0.13108545,333,0.357466,backward
203.75660824775696,2.0705522192798305,3.9413189633311534,-2.4800384499984913,-0.7306785581734279,-2.737714083564265,-1725.2198621884181,-0.1080873419369708,0.1314791,334,0.357307,still
203.89752626419067,2.0949673778124707,3.930647238265799,-1.4289213248952555,-1.3157431259149062,-2.1191423886503857,-1724.6012904935042,-0.10804858758932731,0.13187275,335,0.357307,forward
204.03813195228577,2.10369862763585,3.9170650448146374,-0.8282505039186622,-2.0745963038528377,-1.6847745269862353,-1724.1669226318402,-0.1080213738592868,0.13187275,335,0.357148,forward
204.17670226097107,2.0862361285574123,3.923209370134419,-1.347782834442654,-2.206115508131062,-1.8973804098335796,-1724.3795285146875,-0.1080346939034509,0.1322664,336,0.357148,forward
204.31975388526917,2.065539836286061,3.928060153618916,-2.3487227758133167,-1.913439262345759,-2.3071768666012438,-1724.789324971455,-0.1080603682019667,0.1322664,336,0.356997,still
204.4751627445221,2.069905460173441,3.939863728009871,-3.238563479819961,-1.350399075681861,-2.6648999721077398,-1725.1470480769615,-0.10808278003507334,0.1322664,336,0.356997,still
204.6089985370636,2.0867211979455935,3.9274133824704416,-2.275815208597929,-1.4296035295629164,-2.4261003305718174,-1724.9082484354255,-0.10806781891674004,0.13266005,337,0.356838,forward
204.76664113998413,2.0605274534774867,3.9185202797156724,-3.233750578505015,-2.1017578173026115,-2.4626514937274697,-1724.9447995985813,-0.1080701088962127,0.13266005,337,0.35668,still
204.900004863739,2.058102107023588,3.9235327556907884,-3.5050548739253937,-2.150949546187717,-2.5002602666666087,-1724.9824083715205,-0.10807246513635901,0.13266005,337,0.35668,still
205.03379273414612,2.0653781465151537,3.931294009440768,-3.1824193743142293,-1.6709281596305827,-2.565115790055934,-1725.0472638949095,-0.10807652842202288,0.13266005,337,0.35668,forward
205.17072081565857,2.0792834675187666,3.9188436652528695,-2.6194260201136337,-1.918879374991221,-2.3680338069790556,-1724.8501819118324,-0.10806418097103339,0.1330537,338,0.35653,forward
205.31535840034485,2.069905460173441,3.913669496816241,-2.5966404700847026,-2.6015493170036046,-2.205637788206205,-1724.6877858930595,-0.10805400664230289,0.1330537,338,0.356372,forward
205.4630582332611,2.068126872646794,3.9246646051485006,-2.997862736995214,-2.257467212517264,-2.3772832785878664,-1724.8594313834412,-0.10806476046285496,0.1330537,338,0.356372,still
205.60311341285706,2.0721691170593206,3.9230476773567307,-2.7807185990145853,-2.071078525493592,-2.371468872969223,-1724.8536169778224,-0.10806439618253215,0.1330537,338,0.35622,forward
205.76374220848083,2.0602040739478005,3.914316267852331,-2.9771736074007036,-2.675292693393302,-2.2820972182987433,-1724.7642453231522,-0.10805879692830982,0.1330537,338,0.35607,still
205.90906953811646,2.0477539626389007,3.9181968941797973,-4.107313495646716,-2.567182618843083,-2.5131081810774054,-1724.9952562859307,-0.10807327007545604,0.1330537,338,0.35607,still
206.04857087135315,2.0695820806214047,3.92126905682398,-3.183298884589945,-2.112845466527023,-2.4539942145263383,-1724.9361423193798,-0.10806956650604098,0.13344735,339,0.35591,forward
206.1850130558014,2.0728158761765263,3.908171943222587,-2.5336190060872656,-2.7432714098942546,-2.150220659935693,-1724.6323687647891,-0.10805053468477224,0.133841,340,0.35591,forward
206.35116124153137,2.058748866073732,3.9202989001866126,-3.238827500775402,-2.81203119904893,-2.310820295821809,-1724.792968400675,-0.1080605964677017,0.133841,340,0.355752,still
206.49836945533752,2.0741093944202134,3.922724291802345,-3.0077728997796203,-2.3061011963014835,-2.369211936477891,-1724.8513600413307,-0.1080642547824291,0.133841,340,0.355752,still
206.63893485069275,2.0752412228935904,3.911405798231503,-2.610693745602584,-2.5680371188824664,-2.202940918183289,-1724.685089023036,-0.10805383767977306,0.13423465,341,0.355593,forward
206.77871870994568,2.056970278693234,3.899117149898711,-3.0738546885463003,-3.354115392035244,-2.1788354028772274,-1724.66098350773,-0.10805232743685705,0.13423465,341,0.355435,forward
206.9213559627533,2.036435680615655,3.909627177960278,-4.594964346652697,-3.2007793568678125,-2.4737100288700744,-1724.9558581337228,-0.10807080172829478,0.13423465,341,0.355435,still
207.07551336288452,2.056485209411678,3.9243412195875003,-4.147054568026228,-2.494959296880067,-2.547077168649176,-1725.029225273502,-0.10807539827815955,0.13423465,341,0.355435,still
207.21241426467896,2.063437869279294,3.9091420997114144,-3.4845217605544203,-2.6041574701527996,-2.405545323718337,-1724.8876934285713,-0.1080665311179481,0.1346283,342,0.355276,still
207.36199760437012,2.0464604446459997,3.903806239169666,-4.024965024140755,-3.16506387597516,-2.392682637475987,-1724.8748307423289,-0.10806572525337596,0.1346283,342,0.355276,still
207.49782991409302,2.042418200997065,3.8966917590050576,-4.534828751687932,-3.6424303989869515,-2.392145195932609,-1724.8742933007857,-0.10806569158194129,0.1346283,342,0.355117,backward
207.64015197753906,2.0380525779902863,3.912537647515789,-4.988538561290738,-3.0924446140354616,-2.54570915329861,-1725.0278572581515,-0.10807531257016012,0.1346283,342,0.354958,backward
207.7913258075714,2.0610125227734586,3.911244105477924,-4.12915569187929,-2.8292250702794597,-2.474811666738048,-1724.9569597715908,-0.1080708707473871,0.13502195,343,0.354958,backward
207.93046307563782,2.0608508330079425,3.894428060904386,-3.2790316636002594,-3.573739150405505,-2.168426834967762,-1724.6505749398202,-0.10805167532609519,0.1354156,344,0.3548,forward
208.06632018089294,2.0319083680680206,3.898146993532371,-4.772968693301394,-3.9209513079767113,-2.3831874736848033,-1724.865335578537,-0.10806513036860908,0.1354156,344,0.3548,still
208.20586156845093,2.039184406163873,3.9073634794909617,-4.904151301421173,-3.4839520160461412,-2.470910847463176,-1724.9530589523156,-0.10807062635581934,0.1354156,344,0.354648,still
208.3427062034607,2.0513111371825556,3.913346111300177,-4.45325861423147,-2.9465892149628097,-2.5066270377366653,-1724.9887751425888,-0.10807286402311923,0.1354156,344,0.354648,still
208.5112602710724,2.0548683118189714,3.90202761906879,-3.945783976535178,-3.3324971065142943,-2.342655174797319,-1724.8248032796494,-0.10806259096563478,0.13580925,345,0.354492,still
208.64742183685303,2.041771442024318,3.890709128450221,-4.512865712739562,-4.072646977968065,-2.318991607585213,-1724.8011397124374,-0.10806110841136056,0.13580925,345,0.354492,still
208.7886335849762,2.0353038524647515,3.9080102504756034,-5.2124160450816825,-3.559598604069026,-2.5007585477551286,-1724.9829066526072,-0.10807249635433847,0.13580925,345,0.35434,still
208.9327847957611,2.0687736317446914,3.9089804069624523,-3.9138198568381637,-3.1986252811890354,-2.360571365234492,-1724.8427194700866,-0.10806371343903336,0.1362029,346,0.354192,still
209.07129096984863,2.0568085889325234,3.893942982748336,-3.593111331150592,-3.8258662807385484,-2.1804176035974203,-1724.6625657084496,-0.10805242656385759,0.1362029,346,0.354192,still
209.22037720680237,2.0356272319354853,3.8916792847258623,-4.654536606730469,-4.336147282075584,-2.30227352632937,-1724.7844216311817,-0.10806006100111167,0.1362029,346,0.35404,still
209.36877584457397,2.0288362632099286,3.8997639208161825,-5.547220903456718,-4.041761403014847,-2.4697286891568244,-1724.9518767940092,-0.10807055229201339,0.1362029,346,0.35404,still
209.50905632972717,2.048885790892737,3.909788870710559,-4.859629675090834,-3.3245597444698443,-2.5017138918448016,-1724.9838619966972,-0.10807255620792906,0.1362029,346,0.353882,still
209.64287781715393,2.0471072036409197,3.8976619153536403,-4.149391748603748,-3.640778480663844,-2.3212958855500827,-1724.8034439904025,-0.1080612527774705,0.13659655,347,0.353723,still
209.79954934120178,2.02317712286134,3.886828503465819,-5.2417462421941154,-4.368228385149624,-2.381809025045949,-1724.8639571298984,-0.10806504400695013,0.13659655,347,0.353723,still
209.93922066688538,2.029806401578755,3.894428060904386,-5.912795065700435,-4.31263091903453,-2.474126625798444,-1724.9562747306509,-0.10807082782865196,0.13659655,347,0.353572,still
210.08676195144653,2.0378908882519657,3.9018659263343216,-5.349091055505217,-3.7252160390792057,-2.4987100101079833,-1724.9808581149603,-0.10807236801070298,0.1369902,348,0.353572,still
210.23374581336975,2.045975375401819,3.892649441013325,-4.7285129520136175,-3.940416502216677,-2.368638879972819,-1724.850786984825,-0.1080642188796692,0.1369902,348,0.353572,backward
210.37561655044556,2.0344954037912486,3.880845873651642,-4.9958619162871045,-4.76767540773954,-2.286725017203851,-1724.768873122056,-0.10805908686612789,0.13738385,349,0.353413,still
210.527991771698,2.033848644855874,3.902836082746068,-5.455025972230701,-4.092489255320914,-2.453417164216135,-1724.9355652690683,-0.1080695303530638,0.13738385,349,0.353254,still
210.67722368240356,2.041771442024318,3.895236524504374,-5.059116041563398,-3.954380744782712,-2.41971992393285,-1724.901868028785,-0.10806741917569293,0.13738385,349,0.353254,still
210.8460750579834,2.0390227164242165,3.881816029807245,-4.859345699154233,-4.548836661249261,-2.2924554396739363,-1724.7746035445261,-0.10805944588479359,0.1377775,350,0.353254,still
210.9905343055725,2.0267342967675988,3.8840797275495254,-5.395042270940503,-5.002658603771929,-2.312338466761329,-1724.7944865716133,-0.10806069158315043,0.1377775,350,0.352947,still
211.13371777534485,2.0348187832600786,3.8947514463433954,-5.525036436568424,-4.212557372507786,-2.4465606035091865,-1724.9287087083612,-0.10806910078032474,0.1377775,350,0.352947,still
211.2817304134369,2.0501793089086098,3.8852115764447577,-4.630362250697768,-4.4268153585501775,-2.2683509964519497,-1724.750499101304,-0.10805793570904508,0.13817115,351,0.352795,still
211.41741609573364,2.0399928548650137,3.879228946751842,-4.732278149375367,-5.002699783453456,-2.205616099048066,-1724.6877642038999,-0.1080540052834479,0.13817115,351,0.352795,still
211.5588777065277,2.0357889216711387,3.888930508642239,-5.019640309573738,-4.827442780658728,-2.2780621640806267,-1724.7602102689325,-0.10805854412674248,0.13817115,351,0.352637,still
211.70014095306396,2.0310999194145003,3.8931345191614906,-5.449220962372082,-4.454024668660585,-2.4013448784776967,-1724.8834929833297,-0.10806626795441106,0.13817115,351,0.352637,still
211.8374307155609,2.0343337140571194,3.8984703789865023,-5.274295471904209,-4.142820498529077,-2.427820314326904,-1724.909968419179,-0.10806792667603274,0.13817115,351,0.352478,still
211.97627997398376,2.0475922728891183,3.8989554571701652,-5.0919387248498325,-4.025114075541114,-2.419975615633636,-1724.9021237204856,-0.10806743519512145,0.13817115,351,0.352322,still
212.12531065940857,2.0508260679211436,3.892972826445107,-4.566970398094689,-4.199607606239328,-2.290197120488653,-1724.7723452253406,-0.10805930439806291,0.1385648,352,0.352322,still
212.26999020576477,2.0440350984423037,3.882462800584199,-4.38408181011266,-4.545755613424224,-2.194336999614456,-1724.6764851044663,-0.10805329863271662,0.13895845,353,0.35217,still
212.40755486488342,2.046945513891903,3.888122045106285,-4.43877430157881,-4.594007835385272,-2.198474097904369,-1724.6806222027562,-0.10805355782748205,0.13895845,353,0.35217,still
212.5453131198883,2.046783824143077,3.8834329567594614,-4.409241012148595,-4.924566510059067,-2.144860226763799,-1724.6270083316156,-0.108050198846433,0.13895845,353,0.35217,still
212.68319177627563,2.040801303570925,3.8874752742834278,-4.7081651356507415,-4.973013845028237,-2.1980213612081676,-1724.6801694660599,-0.10805352946291984,0.13895845,353,0.352021,still
212.83492517471313,2.0435500292067257,3.881007566343423,-4.591403273388872,-5.093248228293524,-2.159007078918406,-1724.6411551837703,-0.10805108516572462,0.13895845,353,0.35187,still
212.968416929245,2.0440350984423037,3.87793540525558,-4.596048257734903,-5.386080762028586,-2.123216019888479,-1724.6053641247404,-0.10804884280779656,0.13895845,353,0.35187,forward
213.1100058555603,2.0375675087758958,3.873408010183608,-4.961437689533636,-5.585246522031514,-2.166831736877138,-1724.6489798417292,-0.108051575391057,0.13895845,353,0.35171,forward
213.2502908706665,2.0322317475307603,3.873408010183608,-5.281633911499398,-5.552398561699559,-2.2251182801425293,-1724.7072663849945,-0.10805522712129169,0.13895845,353,0.35171,forward
213.3860445022583,2.0244706406348114,3.8845648056455144,-5.7718675761512985,-5.169865092867854,-2.353750657710391,-1724.8358987625622,-0.10806328611254437,0.13895845,353,0.351553,forward
213.52952408790588,2.0335252653893288,3.8858583472492465,-5.602106441445478,-4.7988546697194625,-2.3855782733817876,-1724.8677263782336,-0.10806528015542176,0.13895845,353,0.351553,still
213.67220377922058,2.0291596426654444,3.8924877482979268,-5.601633554454338,-4.472831212167728,-2.442578984757658,-1724.9247270896094,-0.10806885132656123,0.13895845,353,0.351401,still
213.8061215877533,2.033686955122506,3.886020039951189,-5.50298318393534,-4.446054379439346,-2.4316211940741685,-1724.913769298926,-0.1080681648062548,0.13895845,353,0.351243,still
213.94708371162415,2.0383759574675,3.881330951727969,-5.163198954282196,-4.8049027842891325,-2.307703197692128,-1724.7898513025436,-0.10806040117731643,0.1393521,354,0.351243,still
214.1132936477661,2.019458259330167,3.8745398589275553,-6.006345284098383,-5.31540390423261,-2.3651328485274123,-1724.8472809533791,-0.10806399922208929,0.1393521,354,0.351084,still
214.25524926185608,2.0079782899301666,3.878905561375812,-6.740774713321008,-5.496354187939324,-2.43519134447985,-1724.9173394493316,-0.10806838848097367,0.1393521,354,0.351084,still
214.4004430770874,2.0286745734824563,3.886020039951189,-6.352256092231331,-4.789172860621804,-2.495416050119501,-1724.9775641549713,-0.10807216163968474,0.1393521,354,0.350935,still
214.55145931243896,2.0446818574257497,3.875510015006552,-5.026504330062464,-4.963240721231182,-2.248307503312944,-1724.730455608165,-0.10805667995727451,0.13974575,355,0.350935,still
214.70202946662903,2.027866124847942,3.8742164735705065,-5.503957244550047,-5.485531869574689,-2.2585464148540453,-1724.7406945197063,-0.108057321438837,0.1401394,356,0.350776,still
214.8366572856903,2.0348187832600786,3.891032513874121,-5.5470584212763425,-4.731991043942414,-2.3886282691189322,-1724.8707763739712,-0.1080654712417519,0.1401394,356,0.350776,still
214.9778802394867,2.03627399087924,3.872922932155394,-5.110758890223927,-5.026543403617047,-2.253713805786211,-1724.7358619106383,-0.10805701866938702,0.14053305,357,0.350618,still
215.1398732662201,2.0133140502371094,3.87793540525558,-6.180622731261476,-5.408390897383893,-2.37740605835459,-1724.8595541632067,-0.10806476815517219,0.14053305,357,0.350466,still
215.29084968566895,2.0247940200800763,3.887151888873967,-6.210646025803099,-4.800006463717545,-2.4827747673880367,-1724.96492287224,-0.10807136964633998,0.14053305,357,0.350466,still
215.42282819747925,2.0433883394619157,3.877612019884788,-5.1968061686222695,-4.941826888405671,-2.281852809470037,-1724.7640009143222,-0.10805878161576829,0.1409267,358,0.350315,still
215.5706980228424,2.0307765399544233,3.8769652491471325,-5.165924106462795,-5.380525109189225,-2.2041206146505337,-1724.686268719503,-0.10805391158934148,0.1409267,358,0.350315,still
215.71470046043396,2.014607567918229,3.8724378541301223,-6.214473555020275,-5.516221376048263,-2.3668760168547966,-1724.8490241217073,-0.10806410843392673,0.1409267,358,0.350159,still
215.8663125038147,2.0152543267633227,3.887313581578533,-6.7262471593247835,-4.936971359721855,-2.531882328281065,-1725.0140304331335,-0.10807444630099851,0.1409267,358,0.350159,still
215.9974341392517,2.0310999194145003,3.887313581578533,-5.979453129845971,-4.601670306980205,-2.4920530294783734,-1724.9742011343308,-0.1080719509419239,0.14132035,359,0.35,backward
216.12869429588318,2.041771442024318,3.8735697028603338,-5.085819229781658,-5.060669097748989,-2.2297132962986184,-1724.7118614011508,-0.10805551500522659,0.141714,360,0.34985,still
216.2768828868866,2.03061485022467,3.864191528150449,-5.278377499619875,-5.811137129068532,-2.1563683324063625,-1724.6385164372587,-0.10805091984471092,0.141714,360,0.34985,still
216.41535139083862,2.0204283976329873,3.876156785732426,-5.994744372742473,-5.598075009276559,-2.3188440534165666,-1724.800992158269,-0.10806109916689369,0.141714,360,0.3497,still
216.56775856018066,2.0209134667869537,3.8853732691453877,-6.208821186889815,-4.925910001499931,-2.4698538836085002,-1724.9520019884608,-0.10807056013561396,0.141714,360,0.3497,still
216.71143102645874,2.0385376472063936,3.8887688159343923,-5.47888981561488,-4.688268538132355,-2.388853870147274,-1724.8710019749997,-0.10806548537595942,0.14210765,361,0.34954,still
216.8454782962799,2.0425798907407287,3.878743868688288,-4.905470051524806,-4.987104202847211,-2.19326489519289,-1724.6754130000454,-0.10805323146393443,0.14210765,361,0.34954,still
216.98825430870056,2.032716816726296,3.8696890787091553,-5.206867690490841,-5.4641564933151745,-2.184277257006293,-1724.666425361859,-0.10805266837632854,0.1425013,362,0.34939,still
217.13125896453857,2.022368674259081,3.8742164735705065,-5.846336421552953,-5.699720193680187,-2.276461539060923,-1724.7586096439134,-0.10805844384543482,0.1425013,362,0.34939,still
217.27271556854248,2.025440778972881,3.886828503465819,-6.034489757578874,-5.126365954483323,-2.4091824297040074,-1724.8913305345563,-0.10806675898752396,0.1425013,362,0.34923,still
217.42263293266296,2.0422565112535915,3.885696654547633,-5.236828038355933,-4.7460682414493,-2.3255033610632525,-1724.8076514659158,-0.10806151638146351,0.14289495,363,0.349072,still
217.55973291397095,2.0422565112535915,3.873084624831139,-4.743601873104122,-5.164245713149787,-2.1102464856958987,-1724.5923945905483,-0.10804803024905682,0.14289495,363,0.349072,still
217.70443844795227,2.0332018859235443,3.8721144687815765,-5.1543552578475875,-5.552032815163407,-2.1537314723284684,-1724.635879577181,-0.10805075464188484,0.14289495,363,0.348923,still
217.85176491737366,2.0204283976329873,3.8814926444207334,-5.8773469431601555,-5.369947411898638,-2.339519428195446,-1724.8216675330482,-0.10806239450689782,0.14289495,363,0.348923,still
217.98803210258484,2.034010334589432,3.8900623576063595,-5.626756811703726,-4.696677391395907,-2.4314226615214185,-1724.913570766374,-0.10806815236792372,0.14289495,363,0.348772,still
218.12969708442688,2.0388610266847516,3.879228946751842,-5.21481944792212,-4.920024813081313,-2.2830255651686002,-1724.7651736700213,-0.10805885509048826,0.1432886,364,0.348772,still
218.26361060142517,2.0357889216711387,3.875510015006552,-5.077791205403032,-5.258659926171626,-2.1788656751246736,-1724.6610137799773,-0.10805232933345402,0.1432886,364,0.348613,still
218.40820121765137,2.0335252653893288,3.872922932155394,-5.306849890939263,-5.626181065143943,-2.1727979070484946,-1724.654946011901,-0.1080519491796329,0.1432886,364,0.348613,still
218.5562982559204,2.0375675087758958,3.8892538940589185,-5.266192409599271,-4.795898101482171,-2.3285969823699606,-1724.8107450872226,-0.10806171020099418,0.1432886,364,0.348462,still
218.6977400779724,2.0422565112535915,3.8866668107622373,-4.785231985205043,-4.549897193621008,-2.2494495906504937,-1724.7315976955028,-0.10805675151058045,0.14368225,365,0.348306,still
218.8392674922943,2.0289979529375914,3.873408010183608,-5.340970809209053,-5.394896246873175,-2.2197168233256566,-1724.701864928178,-0.10805488871276611,0.14368225,365,0.348306,still
218.98393201828003,2.0249557098029927,3.867425381374559,-5.725049526033617,-5.795363267857477,-2.2366543908791177,-1724.7188024957316,-0.10805594987412638,0.14368225,365,0.348154,still
219.1326642036438,2.024147261190306,3.8884454305196825,-6.000579603479314,-5.122918542196306,-2.4209023438949258,-1724.9030504487473,-0.10806749325589196,0.14368225,365,0.348154,still
219.28316068649292,2.0330401961909383,3.881007566343423,-5.603522071140588,-4.770833354999169,-2.42135476481833,-1724.903502869671,-0.10806752160067058,0.14368225,365,0.347996,still
219.42871952056885,2.030453160495107,3.8722761614556855,-5.447380619985901,-5.291746732767663,-2.2623101837349626,-1724.7444582885876,-0.10805755724401347,0.1440759,366,0.347996,still
219.56791710853577,2.0233388125823604,3.876318478414713,-5.841128621213229,-5.537032061145888,-2.3039850869198215,-1724.7861331917725,-0.10806016823268191,0.1440759,366,0.347844,still
219.7110674381256,2.032070057799295,3.893942982748336,-5.747520918257769,-4.706855107874219,-2.4747273908080047,-1724.9568754956606,-0.10807086546738684,0.1440759,366,0.347844,still
219.86440420150757,2.045490306159359,3.878420483314223,-4.946925025807675,-4.875181900859137,-2.208836348609937,-1724.6909844534625,-0.1080542070364089,0.14446955,367,0.347686,still
220.04187393188477,2.026249227593156,3.868718922700774,-5.216558815397694,-5.6399306286771775,-2.1334949300642774,-1724.6156430349167,-0.10804948679532726,0.14446955,367,0.347686,forward
220.17533683776855,2.0222069845391983,3.886505118058983,-6.0458098862579135,-5.019879825783322,-2.460714499932981,-1724.9428626047852,-0.10806998754094932,0.14446955,367,0.347527,still
220.31259775161743,2.03514216272967,3.8899006648962144,-5.608391745804001,-4.568917610862049,-2.48969870737563,-1724.9718468122278,-0.10807180344048148,0.14446955,367,0.347368,still
220.45040273666382,2.0435500292067257,3.8829478786703557,-4.996496856397522,-4.766397571352979,-2.2497142963738397,-1724.7318624012262,-0.10805676809474962,0.1448632,368,0.347368,still
220.59071731567383,2.0453286164122546,3.8769652491471325,-4.634463523974786,-5.112342516573998,-2.0312104376490363,-1724.5133585425012,-0.10804307853447376,0.14525685,369,0.34721,still
220.72966885566711,2.0430649599728676,3.8714676980884066,-4.634249065725262,-5.794567703078451,-1.92679221712778,-1724.40894032198,-0.10803653659268808,0.14525685,369,0.34721,forward
220.8702094554901,2.0346570935255683,3.8706592347292994,-5.0134299180204875,-5.7190765396243135,-2.0561329045437233,-1724.5382810093959,-0.10804463996050426,0.14525685,369,0.347058,forward
221.0191674232483,2.02366219202497,3.8837563421538372,-5.72462449822414,-5.206280697628617,-2.355930285902472,-1724.8380783907544,-0.1080634226691786,0.14525685,369,0.347058,still
221.16333746910095,2.032070057799295,3.886990196169729,-5.674081556619225,-4.6792137812962284,-2.4893935178081232,-1724.97154162266,-0.10807178431994507,0.14525685,369,0.346907,backward
221.33709621429443,2.049855929403493,3.881977722500992,-4.760518133856953,-4.7323979319278076,-2.169577734676192,-1724.6517258395281,-0.10805174743150794,0.1456505,370,0.346755,still
221.4815104007721,2.0365973703522604,3.8675870740391924,-4.899313819851524,-5.552527307696809,-2.0390870404221038,-1724.5212351452744,-0.10804357201421852,0.1456505,370,0.346755,forward
221.62757015228271,2.0322317475307603,3.884726498344833,-5.549474262143288,-5.2296613342824685,-2.307239353080421,-1724.7893874579327,-0.10806037211682845,0.1456505,370,0.346597,still
221.7651982307434,2.029806401578755,3.891517592012434,-5.780444755014656,-4.6048468381126835,-2.5480690385655085,-1725.0302171434175,-0.10807546042014218,0.1456505,370,0.346448,backward
221.9071822166443,2.0505026884144937,3.876318478414713,-4.699133630604726,-4.891385403230997,-2.090728371340161,-1724.572876476192,-0.10804680741297279,0.14604415,371,0.346448,still
222.0549328327179,2.027057676218176,3.8745398589275553,-5.301438367550303,-5.420780656171797,-2.189066454268781,-1724.6712145591205,-0.10805296842597054,0.14604415,371,0.346448,still
222.19019079208374,2.0267342967675988,3.8866668107622373,-5.818470162515394,-4.862269782113533,-2.480588139335315,-1724.962736244187,-0.10807123265115506,0.14604415,371,0.346296,still
222.34959983825684,2.045651995906654,3.881816029807245,-5.023732220158802,-4.737910654884033,-2.273166031226228,-1724.755314136078,-0.10805823737744193,0.14604415,371,0.346138,still
222.50413846969604,2.035950611406982,3.8675870740391924,-4.875458948999944,-5.558412683960753,-2.0130609028630873,-1724.4952090077147,-0.10804194144173823,0.1464378,372,0.346138,still
222.64074444770813,2.0091101178569013,3.879875717507832,-6.2856399029941175,-5.267577382250809,-2.4748087810572534,-1724.9569568859088,-0.10807087056659523,0.1464378,372,0.34598,still
222.77303791046143,2.034980472994779,3.8866668107622373,-5.818341322456224,-4.6309907350315065,-2.563785992212731,-1725.0459340970642,-0.10807644510840149,0.1464378,372,0.34598,still
222.91385555267334,2.050017619155956,3.876803556463537,-4.610335915153792,-4.9133460980692885,-2.018289420679537,-1724.500437525531,-0.10804226901540313,0.14683145,373,0.34582,still
223.0600130558014,2.039669475383985,3.8753483223259013,-4.768913532808448,-5.325151571993617,-2.0020790107374857,-1724.484227115589,-0.10804125341144405,0.1472251,374,0.34582,still
223.20666480064392,2.031746678336936,3.88941558676775,-5.40093316009233,-5.118684760179378,-2.29294660152263,-1724.775094706374,-0.10805947665674315,0.1472251,374,0.345662,still
223.35035133361816,2.045490306159359,3.887313581578533,-5.02866534274782,-4.582627051487543,-2.3384551614917513,-1724.8206032663431,-0.10806232782915906,0.1472251,374,0.34551,still
223.49761748313904,2.053736483515497,3.88941558676775,-4.301217165725928,-4.376964087952324,-1.9619778348858845,-1724.4441259397374,-0.1080387410189071,0.14761875,375,0.34551,still
223.6358242034912,2.0508260679211436,3.8727612394799764,-4.07127611574593,-5.197977790107273,-1.6622695457121026,-1724.1444176505638,-0.10801996389197781,0.1480124,376,0.34551,forward
223.79077649116516,2.033686955122506,3.8782587906276813,-4.969585101662921,-5.31117502323332,-2.087551179728494,-1724.56969928458,-0.10804660835765022,0.1480124,376,0.345352,forward
223.92981433868408,2.0314232988753376,3.890870821162007,-5.407196136337221,-4.613667417405824,-2.483701743758501,-1724.9658498486103,-0.10807142772265484,0.1480124,376,0.345203,still
224.07357549667358,2.040801303570925,3.8916792847258623,-5.081243188555222,-4.2644665862166145,-2.5386482230967684,-1725.0207963279486,-0.10807487019339763,0.1480124,376,0.345203,backward
224.21898937225342,2.045651995906654,3.875995093050467,-4.643403714240599,-4.792230571568252,-2.0594907422027826,-1724.5416388470546,-0.1080448503335443,0.14840605,377,0.345042,backward
224.36384177207947,2.0375675087758958,3.87793540525558,-4.8604408015756935,-5.099997813483158,-2.085257405796135,-1724.5674055106479,-0.10804646464963202,0.14840605,377,0.345042,still
224.52362895011902,2.029806401578755,3.893296211878203,-5.452020484520797,-4.718548833114552,-2.4606554910274014,-1724.942803595879,-0.10806998384396208,0.14840605,377,0.344893,still
224.71886253356934,2.045651995906654,3.8902240503168324,-5.064238164517531,-4.29162547381425,-2.5257082392556427,-1725.0078563441073,-0.10807405948602705,0.14840605,377,0.344893,still
224.852520942688,2.049047480644051,3.884403112946524,-4.407042214880331,-4.62903225302192,-1.9342121117372102,-1724.4163602165888,-0.10803700145905282,0.1487997,378,0.344734,still
225.0140643119812,2.0348187832600786,3.876156785732426,-4.829290824096232,-5.175192839007562,-2.04422717775518,-1724.526375282607,-0.10804389405072738,0.1487997,378,0.344583,still
225.15853071212769,2.0267342967675988,3.887151888873967,-5.628370137070945,-4.988118573233925,-2.4207050533828,-1724.9028531582346,-0.10806748089537632,0.1487997,378,0.344583,still
225.30196595191956,2.042418200997065,3.8965300662814446,-5.212092941696765,-4.305841856854199,-2.5904756162586384,-1725.0726237211104,-0.10807811724920145,0.1487997,378,0.344424,still
225.45365571975708,2.0516345166911223,3.8831095713663966,-4.4107651363566776,-4.657023851513681,-1.9096599522293722,-1724.3918080570809,-0.10803546323327756,0.14919335,379,0.344265,still
225.58924841880798,2.0365973703522604,3.8724378541301223,-4.777235222371429,-5.406019778419988,-1.9595062456927208,-1724.4416543505442,-0.10803858617052395,0.14919335,379,0.344265,still
225.74465441703796,2.0257641584204213,3.878743868688288,-5.55738007202077,-5.272006618659784,-2.3100476426407033,-1724.792195747492,-0.10806054805994185,0.14919335,379,0.344116,still
225.89183568954468,2.0239855714683377,3.8955599099466696,-6.04468292637149,-4.535962277062529,-2.712258985378239,-1725.1944070902296,-0.10808574714087421,0.14919335,379,0.344116,backward
226.02521300315857,2.0433883394619157,3.8852115764447577,-5.238229137287271,-4.568580066107284,-2.4636109815860188,-1724.9457590864374,-0.10807016900941581,0.149587,380,0.343965,backward
226.15745639801025,2.036435680615655,3.870497542058458,-5.055797641093068,-5.132635385416296,-2.146457088871023,-1724.6286051937225,-0.10805029889198914,0.149587,380,0.343965,still
226.30717277526855,2.0257641584204213,3.8751866296455773,-5.61856017020008,-5.475263208057653,-2.267455003037,-1724.7496031078883,-0.10805787957385393,0.149587,380,0.343806,forward
226.43685793876648,2.022530363979154,3.886505118058983,-6.037302348905145,-4.913802651773779,-2.5695294317254755,-1725.0516775365768,-0.1080768049426024,0.149587,380,0.343655,backward
226.58152174949646,2.038214267728798,3.8945897536237264,-5.516652885096798,-4.3789858322155055,-2.678022075421143,-1725.1601701802722,-0.10808360215247331,0.149587,380,0.343655,backward
226.73725628852844,2.045975375401819,3.876480171097327,-4.661069975443629,-4.973851311470847,-1.9528824960210571,-1724.435030600872,-0.108038171183709,0.14998065,381,0.343506,still
226.87838625907898,2.026895986492792,3.8745398589275553,-5.372566331001496,-5.4228735532986745,-2.1895121931798305,-1724.671660298031,-0.10805299635211205,0.14998065,381,0.343506,forward
227.02536463737488,2.028027814574465,3.890870821162007,-5.836181283152179,-4.8792786724021004,-2.5373533894914044,-1725.0195014943426,-0.1080747890703328,0.14998065,381,0.343347,backward
227.16855812072754,2.039669475383985,3.892649441013325,-5.293873705690694,-4.42327755629254,-2.588391902778631,-1725.07054000763,-0.10807798670175275,0.14998065,381,0.343347,backward
227.3048210144043,2.0474305831395276,3.876803556463537,-4.508842840790424,-5.098369973037137,-1.800757923948891,-1724.2829060288,-0.1080286403749124,0.1503743,382,0.343196,still
227.43970942497253,2.0353038524647515,3.880684180960188,-4.986354908297327,-5.348989559939756,-2.032375228147441,-1724.5145233329986,-0.10804315151016312,0.1503743,382,0.343044,forward
227.5915789604187,2.0288362632099286,3.891517592012434,-5.611448257837684,-4.841927597710102,-2.4930261338555653,-1724.9751742387068,-0.10807201190822029,0.1503743,382,0.343044,still
227.72755599021912,2.0419331317672182,3.8876369669886497,-5.122165132925591,-4.4877549013585885,-2.4806636329836675,-1724.962811737835,-0.10807123738093351,0.1503743,382,0.343044,backward
227.86547112464905,2.0471072036409197,3.8716293907612083,-4.477494620417886,-5.051077983442667,-1.7684640182554983,-1724.2506121231067,-0.10802661711833879,0.15076795,383,0.342893,still
228.00345182418823,2.029644711850142,3.877450327199883,-5.262410968787492,-5.461725285590211,-2.128992658084157,-1724.611140762935,-0.10804920472193949,0.15076795,383,0.342893,forward
228.1398241519928,2.027219365943749,3.8855349618463464,-5.746717683995999,-5.04040380587654,-2.461907457598178,-1724.9440555624492,-0.10807006228134952,0.15076795,383,0.342742,still
228.27495121955872,2.0285128837551736,3.8887688159343923,-5.796003737135733,-4.5162422371837705,-2.72428981082096,-1725.206437915672,-0.10808650088824978,0.15076795,383,0.342583,backward
228.41228127479553,2.0411246830546257,3.8934579045952433,-5.254710356843844,-4.336628064479828,-2.6740678628335455,-1725.1562159676848,-0.10808335441574282,0.15076795,383,0.342583,backward
228.55503940582275,2.038699336945477,3.890870821162007,-5.042382397660421,-4.358119703088376,-2.548967608328553,-1725.0311157131796,-0.10807551671674488,0.1511616,384,0.342432,backward
228.70056676864624,2.0535747937586253,3.8924877482979268,-4.317609176816573,-4.359947485078968,-1.6321662673690691,-1724.11431437222,-0.10801807788115039,0.15155525,385,0.342432,forward
228.84047675132751,2.0561618298916007,3.8845648056455144,-3.861835344886434,-4.795040227559818,-1.147444073720865,-1723.6295921785718,-0.10798770938456767,0.1519489,386,0.342273,forward
228.9772012233734,2.0582637967858357,3.882624493279257,-3.7036773802646947,-4.924880193223413,-1.0722416103411878,-1723.554389715192,-0.10798299784921385,0.1519489,386,0.342273,forward
229.13525462150574,2.0513111371825556,3.8722761614556855,-3.9330553290987376,-5.252919267718282,-1.327739750914216,-1723.8098878557653,-0.10799900515094372,0.1519489,386,0.342114,forward
229.2770218849182,2.048885790892737,3.8719527761077934,-4.155300656145094,-5.462438777001876,-1.4973212436251253,-1723.979469348476,-0.10800962965926901,0.1519489,386,0.341963,forward
229.41555643081665,2.036435680615655,3.8727612394799764,-4.7539866724727755,-5.571308110397713,-1.8530819531509912,-1724.335230058002,-0.10803191854563131,0.1519489,386,0.341963,forward
229.56010913848877,2.03514216272967,3.876641863780268,-5.206423508386902,-5.47780543492466,-2.108934150465622,-1724.5910822553165,-0.10804794802949162,0.1519489,386,0.341963,still
229.6996464729309,2.029644711850142,3.8840797275495254,-5.529261183025772,-5.189693760936688,-2.3519040748250246,-1724.834052179676,-0.10806317042164595,0.1519489,386,0.341804,still
229.84218502044678,2.0191348798974085,3.888122045106285,-6.077520311099393,-4.859851316029182,-2.667904702466328,-1725.150052807317,-0.1080829682854665,0.1519489,386,0.341653,still
229.98837018013,2.028189504301178,3.890870821162007,-5.810777623111649,-4.637759040349051,-2.7138750745422215,-1725.1960231793926,-0.10808584839103125,0.1519489,386,0.341653,still
230.12504172325134,2.032716816726296,3.8874752742834278,-5.680998298965971,-4.511158203846086,-2.755413976066171,-1725.2375620809166,-0.10808845085901295,0.1519489,386,0.341497,backward
230.2636754512787,2.0409629933126796,3.877450327199883,-5.006447660890651,-5.001901547319292,-2.140157816404217,-1724.6223059212548,-0.10804990423410692,0.15234255,387,0.341497,still
230.4303731918335,2.039184406163873,3.870497542058458,-5.0278660334029714,-5.515029685285167,-1.985543358349909,-1724.4676914632005,-0.10804021743060878,0.15234255,387,0.341338,forward
230.56910061836243,2.027057676218176,3.8735697028603338,-5.460510490096286,-5.657205394003055,-2.156553895109396,-1724.63870199996,-0.10805093147046342,0.15234255,387,0.341338,forward
230.71028304100037,2.0157393958991277,3.878905561375812,-6.278328032449306,-5.482145493462083,-2.4851874174108306,-1724.9673355222615,-0.10807152080210486,0.15234255,387,0.34118,backward
230.84653449058533,2.0218836051000006,3.8827861859746418,-6.305075350337012,-5.04809958132952,-2.6513119578039133,-1725.1334600626546,-0.10808192872772358,0.15234255,387,0.34118,backward
230.98532700538635,2.0325551269942608,3.8772886345153057,-5.620260367937982,-5.160210450432275,-2.393579158053601,-1724.8757272629043,-0.10806578142159436,0.1527362,388,0.341028,still
231.14291167259216,2.016386154749513,3.870012464047896,-6.051529539054467,-5.766111429868098,-2.3305408425875402,-1724.8126889474386,-0.108061831986448,0.1527362,388,0.340876,still
231.27983808517456,2.023823881746559,3.884403112946524,-6.311885898205865,-5.262840691880623,-2.573037264386545,-1725.0551853692375,-0.10807702471303082,0.1527362,388,0.340876,backward
231.4248070716858,2.0365973703522604,3.867101996046271,-5.421550159668825,-5.665324588603039,-2.117532963721816,-1724.5996810685726,-0.10804848675669333,0.15312985,389,0.340728,still
231.56457471847534,2.0196199490468305,3.8722761614556855,-5.958477271351284,-6.002697388524223,-2.2351288832604808,-1724.7172769881113,-0.10805585429902469,0.15312985,389,0.340728,still
231.7157425880432,2.0344954037912486,3.8711443127437835,-5.727119481299669,-5.541671422989891,-2.287957693148946,-1724.7701057979998,-0.10805916409493167,0.15312985,389,0.340576,forward
231.86612820625305,2.0343337140571194,3.8633830648648213,-5.218033889252827,-5.962512521018281,-1.9477541748939526,-1724.4299022797447,-0.10803784988750124,0.1535235,390,0.340576,forward
232.00447297096252,2.0201050181979565,3.8690423080355947,-5.893305608303887,-6.182013803281096,-2.1714188782765547,-1724.6535669831273,-0.10805186278162773,0.1535235,390,0.340425,forward
232.14851760864258,2.020590087350787,3.87793540525558,-6.292401356756121,-5.60863784822879,-2.4599905442326815,-1724.9421386490833,-0.10806994218415206,0.1535235,390,0.340273,backward
232.28963947296143,2.033848644855874,3.8693656933717215,-5.616061757612978,-5.687690257401812,-2.194708972326662,-1724.6768570771771,-0.10805332193730666,0.15391715,391,0.340273,backward
232.43223881721497,2.0257641584204213,3.854651661899485,-5.61519700365356,-6.409849904159656,-2.022721145842145,-1724.5048692506925,-0.10804254666893787,0.15391715,391,0.340122,backward
232.5856158733368,2.0139608090761585,3.863059679552854,-6.363276991632411,-6.33297942199784,-2.279048058802214,-1724.7611961636524,-0.10805860589437107,0.15391715,391,0.340122,backward
232.71771430969238,2.0257641584204213,3.869527386040275,-6.237509756230089,-5.943151122875316,-2.3446639442400117,-1724.82681204909,-0.1080627168177387,0.15391715,391,0.339963,backward
232.85364413261414,2.0344954037912486,3.8679104593694404,-5.610113332829854,-5.878219043302451,-2.1329664571896925,-1724.6151145620397,-0.1080494536857916,0.1543108,392,0.339812,backward
232.99579739570618,2.0247940200800763,3.858855670616002,-5.655771193164607,-6.4356249341649425,-2.0261269493077325,-1724.5082750541576,-0.10804276004710012,0.1543108,392,0.339812,still
233.13592433929443,2.0123439119842006,3.857238744160509,-6.5374408708933895,-6.78711555813209,-2.22954914906172,-1724.7116972539116,-0.10805550472118154,0.1543108,392,0.339812,still
233.28151416778564,2.013475739946588,3.8669403033826173,-6.728887755931067,-6.341216860298719,-2.3754354456814717,-1724.8575835505312,-0.10806464469364085,0.1543108,392,0.339656,still
233.420184135437,2.0264109173177802,3.865646762085139,-6.10768143705148,-6.011524833773235,-2.2881263199715858,-1724.7702744248215,-0.10805917465962858,0.15470445,393,0.339504,forward
233.60204982757568,2.0265726070425947,3.850609346033501,-5.7913078267336475,-6.586323104866254,-2.0392286268660547,-1724.5213767317161,-0.10804358088479928,0.15470445,393,0.339504,forward
233.74088406562805,2.021236846223878,3.854004891347256,-6.139734099181731,-7.140688321550548,-2.058702213210945,-1724.540850318061,-0.10804480093114362,0.15470445,393,0.339353,still
233.87153244018555,2.0091101178569013,3.8585322853222963,-6.795885302735982,-7.000078283464858,-2.253040925363056,-1724.7351890302132,-0.10805697651252448,0.15470445,393,0.339353,still
234.01679515838623,2.013475739946588,3.867425381374559,-6.90326117514751,-6.361830545852151,-2.419485328530151,-1724.9016334333803,-0.10806740447797568,0.15470445,393,0.339202,backward
234.17899107933044,2.029321332393487,3.8627362942421923,-6.089652092286415,-6.191048617057267,-2.2327427249037517,-1724.714890829754,-0.10805570480299816,0.1550981,394,0.339043,still
234.32686686515808,2.025117399526099,3.84899241974405,-5.84759648070162,-6.995055325156942,-1.982317024330497,-1724.4644651291808,-0.10804001529644836,0.1550981,394,0.339043,forward
234.47757601737976,2.0104036354987667,3.8564302809449815,-6.382801856067053,-7.1207412157243715,-2.125398160340352,-1724.6075462651909,-0.10804897952182715,0.1550981,394,0.338892,forward
234.6165952682495,2.0105653252048485,3.8653233767640343,-6.885919565841505,-6.593199323074066,-2.365431916396729,-1724.8475800212473,-0.108064017959093,0.1550981,394,0.338892,still
234.75756406784058,2.008625048744313,3.8627362942421923,-6.944318578341433,-6.458426443035782,-2.4129810549801505,-1724.8951291598307,-0.10806699697650028,0.1550981,394,0.338733,still
234.89714574813843,2.0256024686965564,3.857238744160509,-6.558010621694713,-6.633846519480614,-2.26890128153402,-1724.7510493863847,-0.1080579701851446,0.1550981,394,0.338574,still
235.0528700351715,2.0213985359426245,3.84753718611135,-6.186608081987939,-7.25385169978676,-2.0394527949116172,-1724.5216008997622,-0.1080435949292285,0.15549175,395,0.338574,still
235.22677659988403,2.0157393958991277,3.8625746015873506,-6.7124629221704915,-6.94129205878964,-2.2449392270671242,-1724.7270873319178,-0.10805646893024287,0.15549175,395,0.338574,still
235.36832547187805,2.0335252653893288,3.8552984324569244,-5.9662737334793094,-6.724546845091971,-2.0540483874211346,-1724.536196492272,-0.10804450936270621,0.15549175,395,0.338416,still
235.50942373275757,2.0332018859235443,3.8451117967820285,-5.441170118806022,-7.245736976291239,-1.7850859819601943,-1724.2672340868112,-0.10802765850669395,0.1558854,396,0.338267,forward
235.65190529823303,2.0181647416036728,3.8449501041626735,-6.045585022738467,-7.475175266942312,-1.9648320837403934,-1724.4469801885912,-0.10803891984143205,0.1558854,396,0.338267,forward
235.80524253845215,2.01670953417584,3.8548133545383565,-6.514504877884473,-7.043440523069695,-2.1763186424368373,-1724.6584667472875,-0.10805216975843446,0.1558854,396,0.338115,still
235.9426829814911,2.031261609144824,3.863706450178093,-5.898710772448523,-6.523945877162202,-2.0731515963675125,-1724.555299701218,-0.10804570620440893,0.1558854,396,0.337954,still
236.09118723869324,2.017194603316749,3.840746096173453,-6.156115365714857,-7.3615141583952814,-2.0120834039913182,-1724.4942315088417,-0.10804188020012072,0.15627905,397,0.337954,still
236.2251603603363,2.0018340813460407,3.850447653403092,-7.107616814725782,-7.5289964987073255,-2.238571585688298,-1724.7207196905385,-0.1080560699889565,0.15627905,397,0.337805,still
236.35749983787537,2.014445878207428,3.857562129449001,-7.07396608978473,-6.851142524712616,-2.37179939107432,-1724.8539474959246,-0.10806441688993525,0.15627905,397,0.337805,still
236.50504398345947,2.0267342967675988,3.8462436451266115,-6.111688508144844,-7.04970953432515,-2.0416863170049777,-1724.523834421855,-0.10804373486238802,0.1566727,398,0.337654,still
236.64888858795166,2.0074932208215355,3.8462436451266115,-6.645940270748616,-7.549234356253328,-2.1207682772724374,-1724.6029163821224,-0.10804868945343336,0.1566727,398,0.337654,still
236.79487776756287,1.9950431142793625,3.8533581208002365,-7.78537684335987,-7.507384987718089,-2.3827758931973677,-1724.8649239980473,-0.1080651045825385,0.1566727,398,0.337495,still
236.9335811138153,2.00231915043491,3.85998751915424,-7.64186133618609,-6.8182497475175685,-2.506454853460146,-1724.98860295831,-0.10807285323554286,0.1566727,398,0.33734,still
237.06985449790955,2.0102419457928735,3.8538431987100132,-7.135911897776926,-6.886252246535539,-2.3823612485384817,-1724.8645093533885,-0.10806507860449362,0.15706635,399,0.33734,still
237.22081637382507,2.0157393958991277,3.8478605713607847,-6.864940463479789,-7.289880127391942,-2.219507721134638,-1724.7016558259847,-0.10805487561223279,0.15706635,399,0.33734,still
237.35511898994446,2.010080256087169,3.8334699290182175,-6.849814251353702,-7.86260216731231,-2.1140369717412923,-1724.5961850765912,-0.10804826772809935,0.15746,400,0.337188,still
237.52661228179932,1.9995704256203481,3.84818395661152,-7.608246032763738,-7.6649721343421895,-2.320622999886983,-1724.8027711047368,-0.10806121062027964,0.15746,400,0.337036,still
237.67938590049744,2.0058763238050097,3.8525496576237863,-7.440068081462876,-7.247124237775615,-2.3709670904569253,-1724.853115195307,-0.10806436474518351,0.15746,400,0.337036,still
237.82019114494324,2.01590108561144,3.857562129449001,-6.79969057952451,-6.939855248273976,-2.2810299249140793,-1724.763178029764,-0.1080587300609453,0.15785365,401,0.336885,still
237.99184226989746,2.014769257629219,3.8415545592312554,-6.642434324739697,-7.420956974194102,-2.124987863658053,-1724.607135968508,-0.1080489538161888,0.15785365,401,0.336736,still
238.13022875785828,2.0091101178569013,3.8388057848678323,-6.899687078131367,-7.94516739728787,-2.1079801646936156,-1724.5901282695434,-0.1080478882610014,0.15785365,401,0.336736,still
238.28577613830566,1.9998938050074786,3.8449501041626735,-7.570087639575293,-7.638708921179359,-2.321143592836482,-1724.8032916976863,-0.10806124323612726,0.15785365,401,0.336577,still
238.43487238883972,2.0116971531527037,3.85448996926094,-7.152143395406604,-7.126306237687673,-2.336767109184676,-1724.8189152140344,-0.1080622220704143,0.15785365,401,0.336577,still
238.57566952705383,2.0154160164750685,3.8363803958015055,-6.686289963747707,-7.758922682992769,-2.073855365859429,-1724.5560034707091,-0.10804575029651296,0.1582473,402,0.336418,still
238.73016786575317,1.9927794586640033,3.843979948453367,-7.615981465678445,-7.825821818967537,-2.296731907049579,-1724.7788800118992,-0.1080597138112193,0.1582473,402,0.336418,still
238.87996006011963,2.0073315311190356,3.8510944239266798,-7.570716001593815,-7.331672262371685,-2.390666898303357,-1724.8728150031532,-0.10806559896460875,0.1582473,402,0.33627,still
239.025865316391,2.0152543267633227,3.838482399654772,-6.797523901463686,-7.739458052268981,-2.104249215952624,-1724.5863973208025,-0.10804765451205083,0.15864095,403,0.336118,backward
239.1637110710144,2.000055494701325,3.8415545592312554,-7.27508008657817,-7.87428089462339,-2.209566670261866,-1724.6917147751117,-0.10805425279204131,0.15864095,403,0.336118,backward
239.3070981502533,1.9969833905503436,3.849962575513817,-7.824524477342897,-7.507420419574948,-2.408466722961401,-1724.8906148278113,-0.10806671414753495,0.15864095,403,0.335967,backward
239.44968128204346,2.013152360527819,3.8533581208002365,-7.2081421129568914,-7.019154890471308,-2.388306706500039,-1724.87045481135,-0.10806545109542173,0.15864095,403,0.335967,backward
239.5964126586914,2.0137991193661127,3.8391291700821903,-6.777500045914832,-7.677757033062885,-2.1022539352294776,-1724.5844020400796,-0.10804752950503319,0.1590346,404,0.33581,still
239.7397153377533,2.001510701954401,3.8426864075258145,-7.290912318133549,-7.874382149169783,-2.211241708575625,-1724.6933898134257,-0.10805435773544184,0.1590346,404,0.33581,still
239.88305068016052,2.0061997032068084,3.848345649237376,-7.474020660910423,-7.463286703271537,-2.3448874448287795,-1724.8270355496788,-0.10806273082035084,0.1590346,404,0.33566,still
240.02336359024048,2.0178413621739417,3.8438182558362857,-6.771046511759085,-7.397928536515256,-2.15414169767552,-1724.6362898025257,-0.10805078034305375,0.15942825,405,0.3355,still
240.17949676513672,2.0129906708187177,3.8417162518437893,-6.618793537067071,-7.8468465763517825,-2.0158241263841985,-1724.4979722312344,-0.10804211456140371,0.15942825,405,0.3355,still
240.31542801856995,1.9994087359270647,3.8342783920030405,-7.3628643592379595,-8.237372818057565,-2.1649981599455677,-1724.6471462647955,-0.10805146051499898,0.15942825,405,0.3355,still
240.46820545196533,1.998276908079339,3.84947749762747,-7.784602001403889,-7.626633609050734,-2.3852043612865534,-1724.8673524661365,-0.10806525672932658,0.15942825,405,0.33535,still
240.60745477676392,2.011050394324226,3.8510944239266798,-7.255880795093499,-7.246432150689592,-2.3503654611450875,-1724.832513565995,-0.10806307402543193,0.15942825,405,0.33519,still
240.77495121955872,2.014445878207428,3.8391291700821903,-6.723193921538625,-7.727436302305995,-2.063730640407811,-1724.5458787452576,-0.10804511596886239,0.1598219,406,0.33519,still
240.91935968399048,2.0058763238050097,3.8375122440233755,-7.030345059856013,-8.100258707601762,-2.0955072822546965,-1724.5776553871042,-0.10804710681816117,0.1598219,406,0.335042,still
241.0597312450409,1.9968217008600633,3.8426864075258145,-7.620919035178619,-7.918509661757364,-2.2877695450149615,-1724.7699176498645,-0.10805915230719824,0.1598219,406,0.334883,still
241.1961989402771,1.9989236668483414,3.84899241974405,-7.846372788197641,-7.494878746762203,-2.4386498946304402,-1724.9207979994799,-0.10806860516378648,0.1598219,406,0.334883,still
241.3502390384674,2.0197816387636833,3.8467287229934506,-6.907097508608611,-7.215421416834327,-2.2486462740045376,-1724.730794378854,-0.10805670118171326,0.16021555,407,0.334883,still
241.48612141609192,2.0247940200800763,3.83864409226114,-6.202504841382154,-7.69843401739892,-1.8472545730668253,-1724.329402677916,-0.10803155345244073,0.16021555,407,0.334731,still
241.62392044067383,2.0141224987863926,3.834925162396733,-6.306615085389211,-8.196859826100157,-1.8343712844413504,-1724.3165193892905,-0.10803074629710159,0.1606092,408,0.334575,forward
241.76384925842285,2.0074932208215355,3.8417162518437893,-6.988628511041696,-7.863907324788533,-2.124489106793626,-1724.6066372116427,-0.10804892256840118,0.1606092,408,0.334575,forward
241.90279865264893,2.0113737737380877,3.855136739817076,-7.015097478443062,-7.329577160103707,-2.2654689398895917,-1724.7476170447385,-0.10805775514432964,0.1606092,408,0.334575,still
242.0359227657318,2.0230154331405092,3.8525496576237863,-6.353829827290697,-7.271640095569183,-1.99036286333103,-1724.4725109681801,-0.10804051937907003,0.16100285,409,0.334414,still
242.1692795753479,2.0215602256615606,3.837997321837614,-6.1824667036295375,-7.824922415251512,-1.8150198291374933,-1724.2971679339867,-0.10802953390243106,0.16100285,409,0.334255,forward
242.3129632472992,2.011535463445301,3.834763469797824,-6.629458335651465,-8.198222624772377,-1.944985381587836,-1724.4271334864372,-0.10803767641888108,0.16100285,409,0.334255,forward
242.45217108726501,2.0010256328683513,3.8394525552978465,-7.3983160960049,-7.9320259347939475,-2.24132688493377,-1724.7234749897832,-0.1080562426121555,0.16100285,409,0.334097,still
242.5998728275299,2.0157393958991277,3.8507710386642353,-7.0156757296523775,-7.329737007950851,-2.276905011219191,-1724.7590531160686,-0.10805847162956109,0.16100285,409,0.334097,still
242.74671149253845,2.0204283976329873,3.84753718611135,-6.403935473721015,-7.31345383880244,-2.002983023247324,-1724.4851311280968,-0.10804131004904208,0.1613965,410,0.333948,forward
242.8931827545166,2.0181647416036728,3.840584403562866,-6.388226821799294,-7.794545899628317,-1.9006343011434903,-1724.3827824059929,-0.10803489776411229,0.1613965,410,0.333948,forward
243.03259086608887,2.004906185604132,3.8449501041626735,-7.01243939947126,-8.002029443685608,-2.108873021384538,-1724.591021126234,-0.1080479441996725,0.1613965,410,0.333787,still
243.16856861114502,2.000055494701325,3.849962575513817,-7.558059848169938,-7.5834409314064954,-2.382759648881244,-1724.8649077537304,-0.10806510356481025,0.1613965,410,0.333638,still
243.3160319328308,2.012505601692547,3.8493158049993386,-7.212575467054891,-7.1823661270363095,-2.4089469795991088,-1724.8910950844484,-0.10806674423625842,0.1613965,410,0.333638,still
243.45698046684265,2.0196199490468305,3.84365656321953,-6.582338592576562,-7.409078802138872,-2.0628612062869665,-1724.545009311136,-0.10804506149764673,0.16179015,411,0.333486,still
243.613219499588,2.012667291401082,3.8371888588155056,-6.667377452055824,-8.059228590379409,-1.9641289107935354,-1724.4462770156426,-0.10803887578670221,0.16179015,411,0.333486,still
243.75010442733765,2.0021574607384323,3.8444650263065583,-7.290606459549888,-7.727803643637235,-2.265688918755243,-1724.7478370236045,-0.10805776892630109,0.16179015,411,0.333328,still
243.8944706916809,2.009433497266236,3.8515795018227865,-7.128207625785269,-7.222939940712758,-2.372469171293703,-1724.8546172761428,-0.10806445885256567,0.16179015,411,0.333328,still
244.03052186965942,2.022853743419868,3.8514178091904254,-6.397689618401219,-7.081334050056677,-2.0503399978703114,-1724.5324881027193,-0.10804427702711907,0.1621838,412,0.33317,still
244.1681215763092,2.0181647416036728,3.838482399654772,-6.322734107776275,-7.821572295936591,-1.8385294698057528,-1724.320677574655,-0.10803100681300058,0.1621838,412,0.333018,still
244.33636927604675,2.0016723916501267,3.8459202598836773,-7.2174208102412685,-7.713153442793627,-2.248854954068794,-1724.731003058918,-0.10805671425579962,0.1621838,412,0.333018,still
244.48207712173462,2.0092718075614746,3.8564302809449815,-7.281360369770413,-7.009685335328389,-2.528634926493526,-1725.0107830313427,-0.10807424284691393,0.1621838,412,0.33286,still
244.62563276290894,2.0215602256615606,3.8417162518437893,-6.531228140335042,-7.451534655942602,-2.012334414670025,-1724.4944825195194,-0.10804189592627686,0.16257745,413,0.33286,forward
244.78116846084595,2.019458259330167,3.836542088403657,-6.455310366201625,-7.943035349768997,-1.874040336690721,-1724.3561884415399,-0.10803323161651437,0.16257745,413,0.33286,forward
244.93691754341125,2.011535463445301,3.8391291700821903,-6.70675883636156,-8.115819694974126,-1.9580359238421445,-1724.4401840286912,-0.10803849405288471,0.16257745,413,0.332559,still
245.08188223838806,2.001510701954401,3.8467287229934506,-7.238644216393049,-7.66260035452048,-2.277226328807487,-1724.7593744336564,-0.10805849176053961,0.16257745,413,0.332559,backward
245.2138957977295,2.0032892886177254,3.8565919735874354,-7.478040756930052,-7.235924258991045,-2.5112787859100214,-1724.9934268907589,-0.10807315546139101,0.16257745,413,0.332559,backward
245.35711932182312,2.0095951869711866,3.85125611655839,-7.189582311119321,-7.1698562151419045,-2.442153653422716,-1724.9243017582714,-0.10806882467898156,0.16257745,413,0.3324,backward
245.4942626953125,2.012667291401082,3.8527113502584256,-6.9611045869895065,-6.9504869644586105,-2.457483254570514,-1724.9396313594193,-0.10806978509908646,0.1629711,414,0.33224,backward
245.63950061798096,2.0170329136029235,3.857077051516752,-6.671053120510051,-6.7860488696165415,-2.4023493403898617,-1724.8844974452386,-0.10806633088529899,0.1629711,414,0.33224,backward
245.77357625961304,2.0202667079153773,3.8525496576237863,-6.370359651453795,-6.833073824021389,-2.1190632836251653,-1724.601211388474,-0.1080485826332909,0.16336475,415,0.33208,backward
245.90720534324646,2.0199433284807253,3.8543282766227196,-6.307346801480024,-6.871376476904088,-2.0316649177872312,-1724.513813022636,-0.10804310700826474,0.16336475,415,0.33208,still
246.05866980552673,2.0213985359426245,3.848830727116894,-6.2238354983014545,-7.075885346054468,-1.8647705326124315,-1724.3469186374612,-0.10803265085083626,0.16336475,415,0.33208,forward
246.20304536819458,2.027057676218176,3.8507710386642353,-6.025368252797734,-7.1213731614600055,-1.6589879545749457,-1724.1411360594238,-0.10801975829588456,0.16336475,415,0.33193,forward
246.33800172805786,2.027219365943749,3.846567030370846,-5.824123253903238,-7.263997664158713,-1.4695185653824894,-1723.9516666702314,-0.10800788778412831,0.1637584,416,0.331772,forward
246.48526096343994,2.0218836051000006,3.841877944456648,-6.002960318880917,-7.540738001593035,-1.6183672008201795,-1724.1005153056692,-0.10801721335109403,0.1637584,416,0.331772,forward
246.63593316078186,2.022530363979154,3.8536815060730953,-6.080061456775099,-7.410962824014722,-1.6846920875432048,-1724.166840192392,-0.10802136869434464,0.1637584,416,0.33162,forward
246.77736139297485,2.016871223889287,3.8446267189249386,-6.327550973382272,-7.706277334836274,-1.8201987010387444,-1724.3023468058875,-0.10802985836571269,0.1637584,416,0.33147,forward
246.91561937332153,2.0092718075614746,3.836218703199678,-6.769868151994854,-7.849317075377993,-2.034586261942474,-1724.516734366791,-0.10804329003440043,0.1637584,416,0.33147,still
247.0499610900879,1.9995704256203481,3.85125611655839,-7.435392639418227,-7.44549732026418,-2.448254215499816,-1724.930402320348,-0.10806920688739083,0.1637584,416,0.33132,backward
247.1929042339325,1.997953528695964,3.857562129449001,-7.767683138793955,-7.09485725061747,-2.691414779638396,-1725.1735628844865,-0.10808444122338338,0.1637584,416,0.33132,backward
247.3280005455017,2.0079782899301666,3.8617661383180346,-7.357241408298205,-6.656145752983075,-2.842121212560799,-1725.3242693174088,-0.10809388318385718,0.1637584,416,0.331162,backward
247.4596073627472,2.0199433284807253,3.8580472073841823,-6.604068911234571,-6.6261156648328505,-2.5704288148864074,-1725.0525769197343,-0.1080768612901654,0.16415205,417,0.331162,backward
247.59900665283203,2.020590087350787,3.8459202598836773,-6.2323575656490755,-7.2884377822279,-1.7864347793713145,-1724.268582884219,-0.10802774301066345,0.1645457,418,0.33101,still
247.7545804977417,2.008625048744313,3.8530347355286803,-6.743808442868412,-7.184823967541235,-2.241129403084387,-1724.7232775079324,-0.10805623023965226,0.1645457,418,0.33101,still
247.88941431045532,2.017194603316749,3.865485069424423,-6.7479354260942115,-6.6433934183202075,-2.662433404428641,-1725.1445815092768,-0.10808262550129444,0.1645457,418,0.330852,still
248.0260410308838,2.0275427453954658,3.85125611655839,-5.9746034241769514,-6.94035608249569,-1.5038625056938115,-1723.986010610542,-0.10801003947812465,0.16493935,419,0.3307,forward
248.2173023223877,2.0095951869711866,3.8554601250970983,-6.63731780619581,-7.1238816543136405,-2.1991215674605757,-1724.6812696723084,-0.10805359839231927,0.16493935,419,0.3307,still
248.35446166992188,2.0264109173177802,3.8651616841039713,-6.303835043544491,-6.371362622744153,-2.8271653060030317,-1725.3093134108508,-0.10809294617622033,0.16493935,419,0.33055,backward
248.50142288208008,2.0286745734824563,3.8412311740071603,-5.7338078204890905,-7.104748767434162,-1.2268876715490786,-1723.7090357763968,-0.10799268663269182,0.165333,420,0.33055,forward
248.64550065994263,2.014769257629219,3.84947749762747,-6.275098688920381,-7.271476207908329,-1.8201617368200973,-1724.3023098416677,-0.10802985604985464,0.165333,420,0.3304,forward
248.78409600257874,2.0123439119842006,3.8646766061257414,-6.741843126874447,-6.5718090901067265,-2.7782785269623815,-1725.2604266318099,-0.10808988335384145,0.165333,420,0.3304,still
248.92646288871765,2.0218836051000006,3.867101996046271,-6.475591787842281,-6.245985596624098,3.0107789546168524,-1725.7545544574102,-0.10812084112590101,0.165333,420,0.33025,backward
249.0863311290741,2.025117399526099,3.854975047177553,-6.018643868739133,-6.604673058091792,-1.4998145499952973,-1723.9819626548428,-0.10800978586826228,0.16572665,421,0.330098,forward
249.2356927394867,2.0188115004654064,3.8478605713607847,-6.239573487917329,-7.253067033650726,-1.7790907253933714,-1724.261238830241,-0.10802728289581609,0.16572665,421,0.330098,forward
249.40211248397827,2.0154160164750685,3.8617661383180346,-6.581357433442201,-6.75983461311187,-2.4537905490516123,-1724.9359386538993,-0.10806955374612504,0.16572665,421,0.330098,backward
249.54139590263367,2.0257641584204213,3.859017363263344,-6.239229823761933,-6.319006084516988,3.134941158682641,-1725.6303922533446,-0.10811306219702321,0.16572665,421,0.32994,backward
249.67712354660034,2.0309382296843665,3.8666169180562884,-5.686620816359423,-6.181517931266709,0.36519103117301194,-1728.4001423808543,-0.10828659076325035,0.1661203,422,0.32979,backward
249.8217751979828,2.0260875378687215,3.8548133545383565,-5.775355329790924,-6.824457238225578,-1.0806178210245676,-1729.845951233052,-0.10837717263006513,0.1661203,422,0.32979,backward
249.95348262786865,2.016224465036633,3.8525496576237863,-6.3581762765767005,-6.982951783594781,-2.017836667618298,-1730.7831700796457,-0.10843589064981543,0.1661203,422,0.329631,backward
250.09200644493103,2.0113737737380877,3.863706450178093,-6.810022138661214,-6.630188600818099,-2.7690558948780613,-1731.5343893069053,-0.10848295554355217,0.1661203,422,0.32948,backward
250.22801804542542,2.0183264313188225,3.867263688710252,-6.579494146727236,-6.170703219806858,2.8400564962907464,-1732.208462222916,-0.10852518711725483,0.1661203,422,0.32948,backward
250.37438559532166,2.0357889216711387,3.863706450178093,-5.598871245724397,-6.0725815090591215,0.5129524916693343,-1734.5355662275374,-0.10867098330925516,0.16651395,423,0.32933,backward
250.5285849571228,2.031584988606042,3.854004891347256,-5.35874861445046,-6.670335396679897,-0.45520019551558616,-1735.5037189147224,-0.10873163937567341,0.1669076,424,0.32933,backward
250.6770157814026,2.0152543267633227,3.8604725971040894,-6.156552803577911,-6.744130262784641,-1.8332261017272666,-1736.8817448209338,-0.10881797454986607,0.1669076,424,0.329172,backward
250.82735967636108,2.014769257629219,3.868233844700994,-6.669584408761375,-6.220080404970806,2.953232655785535,-1738.3784713706007,-0.1089117464788275,0.1669076,424,0.329172,backward
250.97062253952026,2.031261609144824,3.8735697028603338,-5.988225450394116,-5.720144008013376,1.4626321866996768,-1739.8690718396865,-0.10900513460061106,0.1669076,424,0.329014,backward
251.12115025520325,2.03627399087924,3.860795982405619,-5.356068644302696,-6.112511688557809,0.30180931085625334,-1741.02989471553,-0.10907786171317188,0.16730125,425,0.328862,backward
251.26788234710693,2.026895986492792,3.85125611655839,-5.5644890167789995,-6.8392562607707355,-0.8148146750094585,-1742.1465187013957,-0.10914781970590112,0.1676949,426,0.328862,backward
251.40644717216492,2.018488121034161,3.8661318400692446,-6.182052496409098,-6.620939149441309,-2.026130216315142,-1743.3578342427013,-0.10922371025178237,0.1676949,426,0.328713,backward
251.57017540931702,2.0230154331405092,3.876803556463537,-6.267239698565002,-5.737175020136176,1.9272614624727173,-1745.687627871093,-0.10936967495232501,0.1676949,426,0.328713,backward
251.70350098609924,2.0409629933126796,3.8688806153680213,-5.393294189831602,-5.713738613570592,0.7567814430096417,-1746.858107890556,-0.10944300709790651,0.16808855,427,0.328562,backward
251.8491566181183,2.0361123011430156,3.860795982405619,-5.091949139753708,-6.3907992467427475,-0.06991972128588984,-1747.6848090548517,-0.1094948010363971,0.16808855,427,0.328406,backward
251.9937334060669,2.025279089249395,3.8574004368045918,-5.603109909648992,-6.8101734859812355,-0.8489205743363507,-1748.4638099079023,-0.10954360648631005,0.16808855,427,0.328406,backward
252.13999605178833,2.018649810749689,3.8737313955373867,-6.311477727745847,-6.1060528059189325,2.4739009233399254,-1751.4241737174057,-0.10972907725577462,0.16808855,427,0.328406,backward
252.27631425857544,2.0333635756563417,3.875510015006552,-5.758106500166319,-5.547718064497503,1.2368557645386034,-1752.6612188762067,-0.10980657979675579,0.16808855,427,0.328247,backward
252.40856909751892,2.0375675087758958,3.8651616841039713,-5.1687300643229515,-6.043631086324235,0.31309789242792574,-1753.5849767483173,-0.10986445446837194,0.1684822,428,0.328088,backward
252.5506865978241,2.030453160495107,3.8552984324569244,-5.343914976943325,-6.627095653243362,-0.42946579594242934,-1754.327540436688,-0.10991097708096988,0.1684822,428,0.328088,backward
252.69585180282593,2.01670953417584,3.8688806153680213,-6.238922787130838,-6.263836802845913,2.8887652435619033,-1757.2924947043634,-0.11009673544880551,0.1684822,428,0.327937,backward
252.84617972373962,2.0273810556695127,3.8709826200719615,-6.077932878765913,-5.754335505658505,1.6848777911492294,-1758.4963821567762,-0.11017216061493912,0.1684822,428,0.327937,backward
252.99037957191467,2.032393437262415,3.8675870740391924,-5.562641528145431,-5.844206168021883,0.8078934507364683,-1759.3733664971887,-0.11022710486196124,0.16887585,429,0.327786,backward
253.13338780403137,2.025279089249395,3.860957675056873,-5.777615434997372,-6.4061678496473835,-0.38824741195383533,-1760.5695073598788,-0.11030204469384235,0.16887585,429,0.327786,backward
253.27846145629883,2.019296569613693,3.875995093050467,-6.309371921430559,-5.833785987229563,2.132394941514892,-1764.3320503135894,-0.11053777306429735,0.16887585,429,0.327637,backward
253.41066455841064,2.0285128837551736,3.878743868688288,-5.9857118792746755,-5.29993973607166,1.5462882420446753,-1764.9181570130597,-0.1105744934363645,0.16887585,429,0.327476,backward
253.55135774612427,2.039669475383985,3.8677487667041532,-5.194873090877082,-5.85577906741046,0.4977292931290179,-1765.9667159619753,-0.11064018706309374,0.1692695,430,0.327476,backward
253.69787311553955,2.0294830221217195,3.8646766061257414,-5.415925109316762,-6.283449071740043,0.020118543044948162,-1766.4443267120596,-0.11067011001818404,0.1692695,430,0.327327,backward
253.8568456172943,2.024632330357349,3.8661318400692446,-5.85117875628713,-6.208375121594266,0.5401661606024821,-1765.924279094502,-0.11063752833633907,0.1692695,430,0.327327,backward
254.00446724891663,2.022530363979154,3.8688806153680213,-6.044748407664792,-5.953435094437018,1.716053383912388,-1764.748391871192,-0.11056385742217278,0.1692695,430,0.327168,backward
254.1404414176941,2.026249227593156,3.880360795578263,-6.049143687641423,-5.376446722561782,1.6291350317774687,-1764.835310223327,-0.11056930297369566,0.1692695,430,0.327168,backward
254.28142023086548,2.0375675087758958,3.882462800584199,-5.465693259348923,-5.174175448327913,1.1237496999034529,-1765.340695555201,-0.110600966043646,0.16966315,431,0.32701,backward
254.4336929321289,2.0440350984423037,3.8772886345153057,-4.891667754049597,-5.376814381533199,0.682522957440331,-1765.7819222976639,-0.11062860949178241,0.16966315,431,0.32701,backward
254.59882259368896,2.036759060089057,3.8658084547461815,-4.966965834013128,-5.974314618517593,0.2765485165554482,-1766.1878967385487,-0.11065404433586885,0.1700568,432,0.32685,backward
254.75771188735962,2.025279089249395,3.8708209274004672,-5.667164472303922,-5.973531593327358,0.7581883136409406,-1765.7062569414632,-0.11062386895557154,0.1700568,432,0.326692,backward
254.9138422012329,2.0285128837551736,3.8840797275495254,-5.807694777120946,-5.23445163219517,1.4161397407887917,-1765.0483055143154,-0.1105826474148029,0.1700568,432,0.326692,backward
255.05285930633545,2.0425798907407287,3.8698507713783625,-5.084249776525272,-5.387286925189636,0.772071542787684,-1765.6923737123166,-0.11062299915261548,0.17045045,433,0.326543,backward
255.20314145088196,2.027866124847942,3.8601492118038636,-5.382782151092831,-6.130999680436783,0.18311653266743919,-1766.281328722437,-0.11065989797517113,0.17045045,433,0.326392,backward
255.3409287929535,2.0244706406348114,3.8771269418310554,-5.973559510157608,-5.499172975838785,1.601575607128406,-1764.8628696479761,-0.11057102960867182,0.17045045,433,0.326392,backward
255.48649954795837,2.0419331317672182,3.879875717507832,-5.219065373525101,-5.103077819114912,0.993659669723737,-1765.4707855853808,-0.11060911635879296,0.1708441,434,0.326392,backward
255.62377309799194,2.0346570935255683,3.8696890787091553,-5.094629053687096,-5.759241873307362,0.49574151959032786,-1765.9687037355145,-0.11064031159977626,0.1708441,434,0.326233,backward
255.7678620815277,2.019458259330167,3.875995093050467,-5.990684099608023,-5.565132765474294,1.6564930860566036,-1764.8079521690483,-0.11056758895484371,0.1708441,434,0.326084,backward
255.9106376171112,2.0354655422000234,3.884403112946524,-5.644481698947916,-4.999763898427955,1.333595314820857,-1765.1308499402842,-0.11058781893397575,0.1708441,434,0.326084,backward
256.0471363067627,2.039831165124404,3.864999991444235,-5.044429066162967,-5.559656715987965,0.6203076560826939,-1765.8441375990224,-0.11063250736398933,0.17123775,435,0.325933,backward
256.19931983947754,2.0247940200800763,3.873893088214766,-5.591771926913576,-5.945706691938236,0.6342389508782009,-1765.8302063042267,-0.11063163454965581,0.17123775,435,0.325933,backward
256.3543076515198,2.0314232988753376,3.8821394151950663,-5.694614786096734,-5.236437478611584,1.3369342614893858,-1765.1275109936155,-0.11058760974448159,0.17123775,435,0.325781,backward
256.49151587486267,2.0435500292067257,3.8716293907612083,-4.921162375641008,-5.266967959327575,0.7394235196126487,-1765.7250217354924,-0.11062504459512511,0.1716314,436,0.32563,backward
256.6281273365021,2.0378908882519657,3.8648382987848247,-4.934298993229888,-5.894424044115342,0.27299591889913877,-1766.191449336206,-0.11065426691088445,0.1716314,436,0.32563,backward
256.79405188560486,2.0265726070425947,3.874378166248867,-5.578839011768789,-5.855601879832447,0.7697891988368928,-1765.6946560562683,-0.11062314214453005,0.1716314,436,0.32547,backward
256.9428915977478,2.0265726070425947,3.88957727947691,-5.928225585622103,-5.114114219290249,1.601186754093838,-1764.8632585010116,-0.11057105397083687,0.1716314,436,0.32547,still
257.08756017684937,2.0395077856437567,3.876156785732426,-5.347025245819329,-5.116440694568128,1.0826320775882503,-1765.3818131775174,-0.11060354211791941,0.1716314,436,0.325313,forward
257.23385429382324,2.039184406163873,3.867263688710252,-4.934127546746028,-5.682202286746623,0.4477361468606793,-1766.016709108245,-0.11064331920086574,0.17202505,437,0.325313,forward
257.37091279029846,2.0285128837551736,3.8717910834343376,-5.363615798998738,-5.88128984277378,0.46142773441362267,-1766.003017520692,-0.11064246140451299,0.17202505,437,0.325154,still
257.5155746936798,2.024147261190306,3.877612019884788,-5.889956709251138,-5.572053340970529,1.5953706927671427,-1764.8690745623385,-0.110571418354892,0.17202505,437,0.325154,still
257.6645700931549,2.0348187832600786,3.8892538940589185,-5.581564319148684,-4.918835857054531,1.3315919195356563,-1765.1328533355702,-0.11058794444938166,0.17202505,437,0.324995,still
257.7999198436737,2.043226649717296,3.8706592347292994,-4.895364892242123,-5.3189236682250085,0.684535364843341,-1765.7799098902626,-0.11062848341175535,0.1724187,438,0.324844,backward
257.9485161304474,2.0411246830546257,3.8658084547461815,-4.7738794926304555,-5.922413157046646,0.170506066241453,-1766.2939391888647,-0.11066068803783308,0.1724187,438,0.324844,backward
258.0956873893738,2.030453160495107,3.8753483223259013,-5.322757555051259,-5.72156433640263,0.631297052725498,-1765.8331482023807,-0.11063181886352716,0.1724187,438,0.324692,still
258.23814058303833,2.0357889216711387,3.8835946494564855,-5.376963826064088,-5.204433141500228,1.0891768788473217,-1765.3752683762589,-0.11060313207732861,0.1724187,438,0.324692,forward
258.37516379356384,2.046945513891903,3.884726498344833,-4.794596267180444,-4.900896940459069,0.8503993879374833,-1765.6140458671687,-0.1106180918078954,0.17281235,439,0.324534,backward
258.52153992652893,2.0514728269367435,3.873408010183608,-4.2736019765386395,-5.4321728845513535,0.39602794480509196,-1766.068417310301,-0.11064655878918667,0.17281235,439,0.324534,backward
258.6731927394867,2.0377291985138353,3.867263688710252,-4.68712537352156,-6.019430501752637,0.052016826132950625,-1766.412428428973,-0.11066811154789817,0.173206,440,0.324382,backward
258.8244128227234,2.031261609144824,3.875995093050467,-5.418928010231253,-5.7201530109540135,0.7472399713475106,-1765.7172052837584,-0.11062455488392375,0.173206,440,0.324382,backward
258.96171975135803,2.0377291985138353,3.8866668107622373,-5.281140106897529,-4.960992638640342,1.1327170193594671,-1765.3317282357464,-0.11060040422903593,0.173206,440,0.324224,still
259.0990629196167,2.049047480644051,3.8858583472492465,-4.686003399536288,-4.853786900857113,0.8274634530839279,-1765.6369818020219,-0.1106195287750249,0.17359965,441,0.324065,forward
259.245801448822,2.0425798907407287,3.8622512162786453,-4.558152865409405,-5.7754306393896275,0.2207005618437014,-1766.2437446932622,-0.11065754328525489,0.17359965,441,0.324065,backward
259.3850677013397,2.032878506458522,3.864999991444235,-5.115871204015505,-6.03253029262258,0.023746688534253095,-1766.4406985665719,-0.11066988270999537,0.17359965,441,0.323916,backward
259.521595954895,2.028189504301178,3.880684180960188,-5.615187247910655,-5.397259333503433,1.341102776846144,-1765.1233424782602,-0.11058734858139481,0.17359965,441,0.323916,forward
259.67205476760864,2.0365973703522604,3.886020039951189,-5.349339679430465,-4.843727018931424,1.2359341695630046,-1765.2285110855432,-0.11059393753591915,0.17359965,441,0.323757,forward
259.8159267902374,2.0446818574257497,3.8711443127437835,-4.80840062020942,-5.274753109764278,0.6687651489066786,-1765.7956801061996,-0.1106294714369687,0.1739933,442,0.323757,backward
259.9547085762024,2.03627399087924,3.8661318400692446,-4.962750115714943,-5.905920895221378,0.14421116638007794,-1766.3202340887262,-0.11066233544863262,0.1739933,442,0.323599,backward
260.105256319046,2.0259258481444764,3.8772886345153057,-5.608708821709787,-5.546306630083153,1.2928817203817773,-1765.1715635347243,-0.11059036969535994,0.1739933,442,0.323447,forward
260.2408649921417,2.0344954037912486,3.882624493279257,-5.54691877906895,-4.856294339176432,1.4027684188390892,-1765.061676836267,-0.11058348514608553,0.1739933,442,0.323447,forward
260.3944790363312,2.0474305831395276,3.8735697028603338,-4.752350240887377,-5.099686151091068,0.7393704549732241,-1765.725074800133,-0.11062504791969613,0.17438695,443,0.323447,backward
260.5445704460144,2.0333635756563417,3.8675870740391924,-4.981777754887404,-5.778477270827635,0.2796295323103427,-1766.184815722796,-0.11065385130609307,0.17438695,443,0.323289,backward
260.6835193634033,2.0288362632099286,3.878905561375812,-5.60225317260998,-5.507173904619152,1.3259971361267995,-1765.1384481189796,-0.11058829497007801,0.17438695,443,0.323137,forward
260.8195722103119,2.039669475383985,3.890870821162007,-5.292477051478106,-4.800710639320372,1.22268091677805,-1765.2417643383283,-0.11059476787000987,0.17438695,443,0.323137,forward
260.9557616710663,2.047268893390128,3.870174156717757,-4.564767408066449,-5.251876997671174,0.5594017914094099,-1765.9050434636972,-0.110636323198229,0.1747806,444,0.322979,backward
261.0920994281769,2.0357889216711387,3.867425381374559,-4.857462267469826,-5.830333574305144,0.16006953333544593,-1766.3043757217713,-0.11066134190063957,0.1747806,444,0.322979,backward
261.23605942726135,2.0286745734824563,3.881977722500992,-5.471665791468803,-5.404852339749041,1.1886039001255972,-1765.2758413549811,-0.11059690284088046,0.1747806,444,0.32283,forward
261.36547112464905,2.0365973703522604,3.8877986596942,-5.421522329400815,-4.778420617172715,1.3426136720279895,-1765.121831583079,-0.11058725392178206,0.1747806,444,0.322678,forward
261.52217626571655,2.048239031889396,3.880360795578263,-4.674786395728066,-4.831894397977783,0.8312107326312221,-1765.633234522476,-0.11061929400292746,0.17517425,445,0.322678,forward
261.67727065086365,2.046783824143077,3.8750249369655814,-4.398861889826029,-5.277828950660434,0.4744536510514782,-1765.9899916040556,-0.11064164531333737,0.17517425,445,0.322678,backward
261.8139479160309,2.041771442024318,3.868718922700774,-4.629702877890227,-5.65882868423376,0.25577242152648033,-1766.2086728335805,-0.11065534598613212,0.17517425,445,0.322527,backward
261.9571530818939,2.0403162343468058,3.8708209274004672,-4.809245167739795,-5.748976238001712,0.20795888273883795,-1766.2564863723683,-0.11065834156856741,0.17517425,445,0.322375,backward
262.0981168746948,2.036759060089057,3.8721144687815765,-4.995462656918016,-5.767896424493329,0.2380705560991589,-1766.226374699008,-0.11065645503178091,0.17517425,445,0.322375,still
262.23083448410034,2.0356272319354853,3.8698507713783625,-5.217285265116217,-5.787811891156047,0.31120736872849686,-1766.1532378863785,-0.11065187291222148,0.17517425,445,0.322227,backward
262.36708188056946,2.034980472994779,3.878420483314223,-5.259330787418315,-5.337620896671277,0.9947014041959417,-1765.469743850911,-0.110609051092729,0.17517425,445,0.322227,backward
262.5024333000183,2.0348187832600786,3.874378166248867,-5.28203725780914,-5.229968797061217,1.0952000525918943,-1765.3692452025152,-0.11060275471740236,0.17517425,445,0.322075,still
262.63895988464355,2.0346570935255683,3.884888191044481,-5.280061693829585,-4.8480960408669365,1.2503116209928942,-1765.2141336341144,-0.1105930367692732,0.17517425,445,0.322075,forward
262.781968832016,2.0380525779902863,3.886505118058983,-5.1921890391012,-4.734610752308489,1.211926983995694,-1765.2525182711117,-0.11059544161834502,0.17517425,445,0.321924,forward
262.9392247200012,2.038214267728798,3.8900623576063595,-5.097241219960378,-4.594633286790036,1.1837991619251154,-1765.2806460931822,-0.11059720386418317,0.17517425,445,0.321924,still
263.07821702957153,2.0412863727967623,3.8897389721863984,-4.925172809010116,-4.537918097183938,1.0921721112926654,-1765.3722731438147,-0.11060294442199234,0.17517425,445,0.321768,still
263.21185207366943,2.045490306159359,3.884403112946524,-4.687020975495321,-4.593530914572622,0.9403839648564668,-1765.524061290251,-0.1106124541532709,0.1755679,446,0.321606,still
263.36011815071106,2.049047480644051,3.8840797275495254,-4.397548771843195,-4.769928195417423,0.729999151636703,-1765.7344461034704,-0.11062563504443913,0.1755679,446,0.321606,forward
263.50572443008423,2.0538981732725605,3.880522488269062,-4.04997194896825,-5.024758497033857,0.48560568780104646,-1765.978839567306,-0.11064094662325394,0.17596155,447,0.321455,backward
263.64050126075745,2.0508260679211436,3.8722761614556855,-4.172363124419559,-5.5194218233802665,0.21835955430532847,-1766.2460857008016,-0.11065768995252202,0.17596155,447,0.321455,backward
263.7824249267578,2.0419331317672182,3.8714676980884066,-4.63849319566265,-5.869190061195003,-0.04432813148895989,-1766.5087733865957,-0.11067414768891805,0.17596155,447,0.321306,backward
263.9269781112671,2.0309382296843665,3.8745398589275553,-5.268520293179841,-5.626604788914983,0.6186067951574384,-1765.8458384599492,-0.11063261392521125,0.17596155,447,0.321306,still
264.07091426849365,2.0325551269942608,3.8858583472492465,-5.503591219057318,-4.83146883129299,1.524143678474172,-1764.9403015766327,-0.11057588082302018,0.17596155,447,0.321147,forward
264.21992540359497,2.0484007216399442,3.8834329567594614,-4.861681634424798,-4.7361184814219675,1.0027153218150786,-1765.4617299332917,-0.11060854901002468,0.17596155,447,0.321147,still
264.35990715026855,2.044843547172089,3.8690423080355947,-4.449745541191822,-5.308679108754757,0.42519536836716604,-1766.0392498867395,-0.11064473141091855,0.1763552,448,0.320996,still
264.51992177963257,2.027866124847942,3.87567170768753,-5.302232629982244,-5.48147475625641,0.9469018757204801,-1765.5175433793863,-0.1106120457973994,0.1763552,448,0.320837,forward
264.65474915504456,2.0445201676796017,3.8892538940589185,-4.993069827276203,-4.660666383030406,1.1289112104527774,-1765.335534044654,-0.11060064266807654,0.1763552,448,0.320837,still
264.78569078445435,2.0464604446459997,3.8724378541301223,-4.436250653692825,-5.257584625136233,0.45138010701495196,-1766.0130651480918,-0.11064309090186702,0.17674885,449,0.320679,backward
264.921026468277,2.031584988606042,3.884403112946524,-5.151619826162328,-5.3840982969000475,0.8327364566219211,-1765.6317087984849,-0.11061919841426984,0.17674885,449,0.320679,still
265.05748748779297,2.0370824395632203,3.8884454305196825,-5.339890879661413,-4.791311791500004,1.3998987685737918,-1765.064546486533,-0.1105836649335296,0.17674885,449,0.32052,forward
265.22182154655457,2.0477539626389007,3.876480171097327,-4.6610917375989604,-4.976001113029263,0.7502587409575237,-1765.714186514149,-0.11062436575395247,0.1771425,450,0.32052,forward
265.38931703567505,2.034010334589432,3.876156785732426,-4.991343612604534,-5.587538903252103,0.32552034791202716,-1766.1389249071947,-0.11065097618484832,0.1771425,450,0.320361,still
265.527672290802,2.031584988606042,3.882301107889469,-5.452316751957298,-5.172838291719158,1.4987458006422756,-1764.9656994544644,-0.11057747203418454,0.1771425,450,0.320212,forward
265.6780860424042,2.046622134394443,3.8900623576063595,-4.89598905541546,-4.612683960483945,1.0869193303712625,-1765.3775259247354,-0.11060327351577334,0.1771425,450,0.320212,forward
265.8232612609863,2.056323519651543,3.8790672540636635,-4.080328404615715,-4.974428998250568,0.49793623414419125,-1765.9665090209621,-0.11064017409796127,0.17753615,451,0.32006,backward
265.9654884338379,2.049855929403493,3.873084624831139,-4.055717812273143,-5.419491671307059,0.21732362765767219,-1766.2471216274487,-0.11065775485471809,0.1779298,452,0.32006,backward
266.1146275997162,2.0377291985138353,3.8769652491471325,-4.774759821781757,-5.485039725772379,0.34400110940082407,-1766.1204441457057,-0.11064981834031493,0.1779298,452,0.31991,backward
266.24970865249634,2.039184406163873,3.886181732653459,-5.037324779686806,-4.76171432914744,1.1639995700150716,-1765.3004456850915,-0.11059844433521407,0.1779298,452,0.31991,still
266.38367199897766,2.0505026884144937,3.88941558676775,-4.551691212720918,-4.50873900245359,0.9318366001699828,-1765.5326086549367,-0.11061298965715054,0.1779298,452,0.319758,still
266.5253839492798,2.0561618298916007,3.8719527761077934,-3.9621854205359015,-5.23358630600688,0.30799940020406086,-1766.1564458549024,-0.11065207389575893,0.17832345,453,0.319758,backward
266.6949701309204,2.0425798907407287,3.8735697028603338,-4.436268486811778,-5.551897925625812,0.1483652926809078,-1766.3160799624256,-0.11066207518703944,0.17832345,453,0.31961,backward
266.8351504802704,2.0372441293005883,3.881816029807245,-4.9597885188003685,-5.178705263982628,0.8503940542869991,-1765.6140512008199,-0.11061809214205581,0.17832345,453,0.319456,still
266.98252511024475,2.0462987548977485,3.8997639208161825,-4.772747064424458,-4.3721337298543315,1.1202219278634,-1765.3442233272433,-0.11060118706330348,0.17832345,453,0.319456,forward
267.12254667282104,2.054221552787263,3.880199102887792,-4.139624922015181,-4.614978973093529,0.6991815692114923,-1765.7652636858954,-0.1106275658073768,0.1787171,454,0.319307,forward
267.26321482658386,2.0535747937586253,3.8717910834343376,-3.9271210449328744,-5.254476500976808,0.2748982441178912,-1766.1895470109891,-0.11065414772765414,0.1787171,454,0.319307,forward
267.4071054458618,2.0446818574257497,3.870012464047896,-4.3310383942844926,-5.53963167977139,0.11785138330822634,-1766.3465938717989,-0.11066398692445248,0.1787171,454,0.319155,backward
267.5408067703247,2.0390227164242165,3.8795523321291827,-4.798440785558557,-5.317918657643551,0.5456194023810933,-1765.918825852726,-0.1106371866834162,0.1787171,454,0.319004,backward
267.69139313697815,2.045651995906654,3.895721602668311,-4.775339727105526,-4.321320933634535,1.1576325793493318,-1765.3068126757576,-0.11059884323573235,0.1787171,454,0.319004,still
267.85092186927795,2.055191691335977,3.8835946494564855,-4.122687158523493,-4.5994874008233655,0.7033982484972865,-1765.76104700661,-0.11062730162675509,0.17911075,455,0.318855,still
267.9952142238617,2.044843547172089,3.8751866296455773,-4.313123414944082,-5.128815341113988,0.45684948231843814,-1766.0075957727886,-0.11064274823815703,0.17911075,455,0.318855,backward
268.13250756263733,2.032878506458522,3.882624493279257,-5.1324543231091,-5.084641315726385,1.2198474441772234,-1765.2445978109297,-0.11059494539087468,0.17911075,455,0.318694,still
268.27853059768677,2.0412863727967623,3.8887688159343923,-5.070383178217319,-4.57812685071485,1.3264985938760916,-1765.1379466612307,-0.11058826355307642,0.17911075,455,0.318694,forward
268.43004083633423,2.050340998661456,3.886181732653459,-4.43532672616186,-4.47557686146395,0.9052573130396603,-1765.559187942067,-0.1106146548851945,0.1795044,456,0.318545,still
268.56452083587646,2.0474305831395276,3.8771269418310554,-4.342885184021687,-5.126407977449926,0.4536585851626999,-1766.0107866699439,-0.11064294815215028,0.1795044,456,0.318545,backward
268.7052481174469,2.034980472994779,3.884888191044481,-4.987766523130441,-5.159347434112458,0.9390049204245581,-1765.525440334682,-0.11061254055225703,0.1795044,456,0.318394,still
268.8545386791229,2.0361123011430156,3.892002670153703,-5.240406398982556,-4.554468640668506,1.5071645102242428,-1764.9572807448822,-0.11057694459071994,0.1795044,456,0.318235,forward
269.00601983070374,2.0508260679211436,3.8897389721863984,-4.588896546187498,-4.413696583416801,1.020744216387577,-1765.443701038719,-0.11060741947556062,0.17989805,457,0.318235,backward
269.144140958786,2.0485624113906837,3.8777737125700202,-4.207711378601903,-5.061559855739262,0.4381170488510891,-1766.0263282062554,-0.1106439218502779,0.17989805,457,0.318083,backward
269.3067526817322,2.0322317475307603,3.873084624831139,-5.009773645348008,-5.567213576542393,0.003267460709325337,-1766.4611777943971,-0.11067116576112934,0.17989805,457,0.318083,backward
269.449467420578,2.0369207498260433,3.890870821162007,-5.22960961337639,-4.655105725734535,1.5102022954042285,-1764.954242959702,-0.11057675426939763,0.17989805,457,0.317932,forward
269.60556054115295,2.05551507085375,3.882624493279257,-4.40998379784229,-4.6479154794297255,0.8048437026357061,-1765.6596015524706,-0.11062094593277672,0.1802917,458,0.317932,forward
269.75948095321655,2.04807734213904,3.8742164735705065,-4.234580146274404,-5.295130857946844,0.23906988236148738,-1766.2253753727448,-0.11065639242264809,0.1802917,458,0.317773,backward
269.8948528766632,2.0344954037912486,3.883271264062765,-4.999230494530569,-5.204105470745365,0.9117957804989338,-1765.5526494746075,-0.11061424524142471,0.1802917,458,0.317622,still
270.0308721065521,2.040639613829361,3.8913558992993353,-5.146399568887645,-4.536968421570633,1.4549287361726737,-1765.0095165189337,-0.11058021723213513,0.1802917,458,0.317622,forward
270.1683678627014,2.0527663449771434,3.881654337113825,-4.370319371442149,-4.57355427374918,0.8211469756600219,-1765.6432982794463,-0.11061992451082077,0.18068535,459,0.31747,forward
270.3105204105377,2.045490306159359,3.8732463175072103,-4.390383615808162,-5.290318080544146,0.26324422921413776,-1766.2012010258923,-0.11065487786734321,0.18068535,459,0.31747,backward
270.4725184440613,2.0369207498260433,3.876156785732426,-4.913486277819778,-5.397522883591387,0.35635282214180747,-1766.1080924329644,-0.11064904448891903,0.18068535,459,0.317322,backward
270.61060214042664,2.036759060089057,3.8835946494564855,-5.108359950661012,-5.026252972884975,1.3080049360307364,-1765.1564403190755,-0.1105894222055838,0.18068535,459,0.317322,forward
270.74704217910767,2.0390227164242165,3.8882837378128197,-5.097129711125049,-4.613782574730922,1.413394497741801,-1765.0510507573645,-0.11058281940796774,0.18068535,459,0.317163,forward
270.8838703632355,2.0440350984423037,3.8916792847258623,-4.788718160066251,-4.349029967339395,1.1996757165836454,-1765.2647695385224,-0.11059620917670601,0.18068535,459,0.317004,forward
271.05464029312134,2.049855929403493,3.878582176001092,-4.322070110479758,-4.7615672698349325,0.6758639379305553,-1765.7885813171754,-0.1106290266883002,0.181079,460,0.317004,forward
271.1974582672119,2.0374058190381468,3.8716293907612083,-4.740040439962987,-5.357993750208356,0.2567595517994879,-1766.2076857033064,-0.11065528414109439,0.181079,460,0.316853,backward
271.33722376823425,2.0289979529375914,3.876803556463537,-5.4470710433849705,-5.385732040883149,2.733681540866008,-1763.7307637142399,-0.11050010165111086,0.181079,460,0.316853,forward
271.48140358924866,2.0333635756563417,3.892002670153703,-5.480987984141478,-4.6187241306951226,1.8618647280431013,-1764.6025805270629,-0.1105547221455877,0.181079,460,0.316697,forward
271.6298816204071,2.052442965465893,3.8934579045952433,-4.546901520857846,-4.327991193602176,1.0360930769406025,-1765.4283521781651,-0.11060645784882807,0.18147265,461,0.316697,still
271.77418208122253,2.045490306159359,3.8772886345153057,-4.340491757851161,-5.03537797403932,0.4532789501074512,-1766.0111663049984,-0.11064297193679642,0.18147265,461,0.316545,backward
271.9167129993439,2.030129781036551,3.8821394151950663,-5.293882296928928,-5.107896352230532,1.8091769057045202,-1764.6552683494015,-0.1105580231084353,0.18147265,461,0.316387,forward
272.0723159313202,2.043226649717296,3.890870821162007,-5.0772749458011965,-4.424644198802121,1.4424497715939688,-1765.021995483512,-0.11058099905602954,0.18147265,461,0.316387,forward
272.2075848579407,2.0471072036409197,3.8753483223259013,-4.569266974781701,-5.1382303115322445,0.44689471690346894,-1766.0175505382028,-0.11064337191758294,0.1818663,462,0.316238,still
272.3556168079376,2.0302914707657336,3.8831095713663966,-5.19715229087903,-5.19128870330239,1.5525493381799464,-1764.9118959169261,-0.11057410117028088,0.1818663,462,0.316238,still
272.50592517852783,2.045813685654141,3.8924877482979268,-4.990698906202056,-4.541422141527781,1.3381082064462382,-1765.1263370486597,-0.11058753619525308,0.1818663,462,0.316086,forward
272.6524586677551,2.056646899172004,3.878905561375812,-4.114315331973053,-4.954898167954038,0.41285512392660423,-1766.0515901311794,-0.11064550454380993,0.18225995,463,0.315938,still
272.7964518070221,2.0388610266847516,3.87793540525558,-4.482431359488801,-5.256685303869643,0.23632907591481694,-1766.2281161791914,-0.11065656413785382,0.18225995,463,0.315938,still
272.94544219970703,2.0422565112535915,3.892811133729052,-4.853216335483184,-4.735349097030784,1.1259222810267862,-1765.338522974079,-0.11060082992852018,0.18225995,463,0.315938,backward
273.0846185684204,2.056970278693234,3.8877986596942,-4.1876322793536875,-4.397123674342555,0.7998261257233128,-1765.6646191293828,-0.11062126029071061,0.18225995,463,0.315776,backward
273.22418761253357,2.0516345166911223,3.874054780892473,-3.9808425823764666,-5.146471177587971,0.21658086874246862,-1766.247864386364,-0.11065780138956192,0.1826536,464,0.315618,still
273.37109899520874,2.0365973703522604,3.879875717507832,-4.873419168926035,-5.228312694910003,0.5588681311611365,-1765.9055771239452,-0.11063635663276043,0.1826536,464,0.315618,still
273.5231099128723,2.04500523691862,3.89588329539028,-4.9576125377906815,-4.452734377635315,1.3655303258379112,-1765.0989149292686,-0.11058581816263578,0.1826536,464,0.315469,still
273.6971836090088,2.057131968454137,3.8790672540636635,-4.206380495342032,-4.672472755269119,0.650438167256446,-1765.81400708785,-0.11063061964698863,0.18304725,465,0.315469,still
273.85803604125977,2.0461370651496877,3.87567170768753,-4.193771601229312,-5.233888267432605,0.15947941930749818,-1766.304965835799,-0.11066137887207614,0.18304725,465,0.31531,still
273.99679231643677,2.034010334589432,3.886181732653459,-5.0295892115696565,-5.065520952808486,1.2564316790301768,-1765.2080135760764,-0.11059265333941576,0.18304725,465,0.315159,forward
274.13512921333313,2.040477924087988,3.885049883744455,-5.033983141017241,-4.672542071279916,1.4311203015953111,-1765.033324953511,-0.1105817088625444,0.18304725,465,0.315159,forward
274.28831672668457,2.0522812757105555,3.8874752742834278,-4.4529803552781315,-4.498206815140372,0.9108170440101536,-1765.5536282110963,-0.11061430656058052,0.1834409,466,0.31501,backward
274.43181920051575,2.0505026884144937,3.875510015006552,-4.142786175417727,-5.104192211591553,0.26048049084491487,-1766.2039647642616,-0.11065505101926472,0.1834409,466,0.31501,backward
274.5734016895294,2.0378908882519657,3.872599546804886,-4.731415665984671,-5.517119764288398,-0.37931630822914475,-1766.8437615633354,-0.11069513514819654,0.1834409,466,0.314858,backward
274.73641443252563,2.032070057799295,3.8821394151950663,-5.32878679814113,-5.1443045549837745,2.344472530122548,-1770.4031580321634,-0.11091813611847717,0.1834409,466,0.3147,backward
274.8756809234619,2.0430649599728676,3.886343425356057,-4.953473035381355,-4.626614420086412,1.354799882334706,-1771.3928306799512,-0.11098014043933598,0.1834409,466,0.3147,backward
275.0072169303894,2.0506643781677227,3.8852115764447577,-4.333918122888072,-4.623720714851125,0.7536399498988049,-1771.9939906123873,-0.11101780391667015,0.18383455,467,0.314548,backward
275.1574373245239,2.0485624113906837,3.87567170768753,-4.240790305924864,-5.298034669504988,0.05772550075521235,-1772.689905061531,-0.11106140389176439,0.18383455,467,0.314548,backward
275.30320382118225,2.0314232988753376,3.8750249369655814,-5.073600226719974,-5.591532799968023,-1.4805316246478113,-1774.2281621869338,-0.11115777776708569,0.18383455,467,0.31439,backward
275.44801926612854,2.03514216272967,3.8882837378128197,-5.33298862562756,-4.757265705801258,1.950504106843724,-1777.0803117626217,-0.11133646876943232,0.18383455,467,0.31423,backward
275.58729100227356,2.0516345166911223,3.8845648056455144,-4.424938934761531,-4.682301063292145,0.775564185186364,-1778.255251684279,-0.1114100803338775,0.1842282,468,0.31423,backward
275.7476415634155,2.0543832425449025,3.8758334003688346,-3.9907267253737215,-5.1776265249370965,0.14280103004649722,-1778.888014839419,-0.11144972379556821,0.1842282,468,0.31408,backward
275.8882534503937,2.033848644855874,3.8711443127437835,-4.683667754874045,-5.566617853097188,-0.5285918117483303,-1779.5594076812135,-0.11149178745902096,0.1842282,468,0.31408,backward
276.0263252258301,2.029644711850142,3.8858583472492465,-5.5133388984326865,-5.007747348369776,2.493731382683659,-1782.820269793961,-0.11169608485085758,0.1842282,468,0.313928,backward
276.1576738357544,2.0427415804845843,3.891194206586564,-5.1177600187326915,-4.601252683051975,1.6189710122929977,-1783.695030164352,-0.11175088976317028,0.1842282,468,0.313928,backward
276.31098222732544,2.054221552787263,3.875995093050467,-4.3792764178696855,-5.001434876808642,0.4337208686975676,-1784.8802803079473,-0.11182514727687008,0.18462185,469,0.31378,backward
276.4546163082123,2.04144806253909,3.876641863780268,-4.67463402616316,-5.4766818601334775,-0.36231775775118547,-1785.676318934396,-0.11187502016617411,0.18462185,469,0.31378,backward
276.5999939441681,2.0341720243231807,3.8811692590355324,-5.090502184451981,-5.226479888416796,1.7651295878636393,-1783.5488715887811,-0.11174173273206893,0.18462185,469,0.313628,backward
276.7366564273834,2.0477539626389007,3.892972826445107,-4.823048158377144,-4.46658053849349,1.2883924653082108,-1784.0256087113366,-0.11177160095322095,0.18462185,469,0.313477,backward
276.87362360954285,2.05551507085375,3.878743868688288,-3.902603038966958,-4.893608105707434,0.34777110644657944,-1784.9662300701982,-0.11183053214493556,0.1850155,470,0.313477,backward
277.0090868473053,2.044196788187879,3.8724378541301223,-4.400973036846209,-5.4456751086217094,-0.20005150084197293,-1785.514052677487,-0.11186485396719867,0.1850155,470,0.313328,backward
277.1489577293396,2.029968091307558,3.8795523321291827,-5.278998909631088,-5.372878217143502,-2.8927144943893315,-1788.2067156710343,-0.1120335529209282,0.1850155,470,0.313328,backward
277.2852761745453,2.03627399087924,3.8887688159343923,-5.3829209222612855,-4.791628304009862,2.1316943947010603,-1789.4654920891235,-0.11211241695449642,0.1850155,470,0.313176,backward
277.44577050209045,2.050017619155956,3.8737313955373867,-4.5569299949139594,-5.09886294567962,0.3974301081435766,-1791.1997563756809,-0.11222107094176992,0.18540915,471,0.313176,backward
277.59108543395996,2.0385376472063936,3.8721144687815765,-4.761333686047123,-5.580793553773052,-0.7563473761779582,-1792.3535338600025,-0.11229335665108749,0.18540915,471,0.313025,backward
277.7369849681854,2.0285128837551736,3.87793540525558,-5.4724210703756535,-5.39826915917068,-2.9392693668087357,-1794.5364558506333,-0.11243011964622467,0.18540915,471,0.312874,backward
277.885924577713,2.0419331317672182,3.8852115764447577,-5.137912778763019,-4.77297373343849,1.72612954321022,-1796.1542422477937,-0.1125314761372571,0.18540915,471,0.312874,backward
278.0371775627136,2.0427415804845843,3.87567170768753,-4.727916403203321,-5.287133288554591,0.055904154371801865,-1797.824467636632,-0.11263611800156197,0.1858028,472,0.312874,backward
278.1907584667206,2.0343337140571194,3.868072152035053,-5.082541049810122,-5.804293107897859,-1.6364201197017778,-1799.5167919107057,-0.11274214439071331,0.1858028,472,0.312722,backward
278.3497414588928,2.0286745734824563,3.874378166248867,-5.5650286044488855,-5.565883629635408,-2.6817284193091595,-1800.562100210313,-0.11280763435989667,0.1858028,472,0.312573,backward
278.4911255836487,2.026249227593156,3.881654337113825,-5.757979995412148,-5.073737758112956,2.8132781187796305,-1801.3502789794038,-0.11285701481857865,0.1858028,472,0.312573,backward
278.6511538028717,2.036759060089057,3.880684180960188,-5.395306551776242,-4.916691040156631,2.2709229429161017,-1801.8926341552674,-0.11289099409891833,0.1858028,472,0.312422,backward
278.80089020729065,2.0374058190381468,3.886343425356057,-5.159028438574279,-4.648875162458932,1.7102754949679193,-1802.4532816032156,-0.11292611941467698,0.18619645,473,0.31227,backward
278.9374895095825,2.0425798907407287,3.8827861859746418,-4.954723520855151,-4.766941505244452,1.3611108065906512,-1802.8024462915928,-0.11294799505145355,0.18619645,473,0.31227,backward
279.0817108154297,2.0443584779336446,3.8771269418310554,-4.762188534092575,-5.096350886436821,0.5758840122641629,-1803.587673085919,-0.11299719056495101,0.1865901,474,0.312112,backward
279.21727657318115,2.045490306159359,3.8683955373672605,-4.531497768408345,-5.649452072909079,-0.5916395262388029,-1804.755196624422,-0.11307033748302879,0.1865901,474,0.312112,backward
279.35806822776794,2.0416097522816083,3.8722761614556855,-4.686241564803499,-5.671745158013221,-0.79267038817626,-1804.9562274863597,-0.11308293233658362,0.1865901,474,0.311963,backward
279.4957263469696,2.0446818574257497,3.868233844700994,-4.765432456013968,-5.775831966192801,-1.0261959236586822,-1805.1897530218423,-0.1130975630250877,0.1865901,474,0.311804,backward
279.6454060077667,2.04144806253909,3.863868142835219,-4.7417690158169705,-6.030714903999118,-1.1685603885766351,-1805.3321174867604,-0.11310648235005984,0.1865901,474,0.311804,backward
279.78579235076904,2.0374058190381468,3.85998751915424,-4.986542721226041,-6.333007105301553,-1.5103165680784814,-1805.6738736662624,-0.11312789383380316,0.1865901,474,0.311804,backward
279.9263107776642,2.0314232988753376,3.864029835492671,-5.386359624511103,-6.211837185749055,-1.9331501043509092,-1806.0967072025348,-0.11315438492286327,0.1865901,474,0.311643,backward
280.06566047668457,2.021236846223878,3.8666169180562884,-5.911903273340629,-5.9838703407303955,-2.490084618808705,-1806.6536417169925,-0.11318927761835099,0.1865901,474,0.311643,backward
280.23802947998047,2.019296569613693,3.881816029807245,-6.265875019501194,-5.2833151346277445,3.100181602918886,-1807.3465608024446,-0.11323268992988612,0.1865901,474,0.311494,backward
280.3754904270172,2.024147261190306,3.879228946751842,-6.207593162244223,-5.050295196283315,2.8979117966071755,-1807.5488306087561,-0.1132453624049703,0.1865901,474,0.311343,backward
280.52367305755615,2.0412863727967623,3.8780970979414673,-5.365636110196891,-5.130688246956019,2.526930161934049,-1807.9198122434293,-0.11326860490274006,0.18698375,475,0.311343,backward
280.675968170166,2.0453286164122546,3.8698507713783625,-4.714388771916832,-5.605145022839056,-0.6422142201997918,-1811.0889566255632,-0.1134671560555449,0.1873774,476,0.311194,backward
280.818067073822,2.0302914707657336,3.863868142835219,-5.185892204528542,-6.059574644427271,-1.7122683017863307,-1812.15901070715,-0.11353419638121146,0.1873774,476,0.311042,backward
280.9666895866394,2.020590087350787,3.8735697028603338,-5.986871648782508,-5.969327056799471,-2.5317400535384067,-1812.9784824589021,-0.11358553738729457,0.1873774,476,0.311042,backward
281.104656457901,2.040801303570925,3.8711443127437835,-5.422778271842221,-5.414754574795847,-2.925896847277522,-1813.3726392526412,-0.1136102318399121,0.1873774,476,0.31089,backward
281.23661637306213,2.0383759574675,3.863059679552854,-4.964609292349685,-5.919146293728486,-1.3470110264807262,-1811.7937534318444,-0.11351131252224589,0.18777105,477,0.31089,backward
281.38502955436707,2.02366219202497,3.8758334003688346,-5.76662208848565,-5.712618351812516,-2.6465330765874455,-1813.0932754819512,-0.11359272932439558,0.18777105,477,0.310732,backward
281.524879693985,2.04144806253909,3.8771269418310554,-5.287567130763757,-5.308824042474454,2.90870761235226,-1813.8212201001909,-0.11363833603261135,0.18777105,477,0.310732,backward
281.67773604393005,2.0390227164242165,3.8598258265049425,-4.888632874696769,-5.919112407963529,-1.2097518594586887,-1811.6564942648224,-0.11350271305104512,0.1881647,478,0.310583,backward
281.81858921051025,2.024632330357349,3.875995093050467,-5.644562633086799,-5.7358162616091635,-2.5353262670565653,-1812.9820686724204,-0.11358576206838902,0.1881647,478,0.310425,backward
281.9839527606964,2.0374058190381468,3.872922932155394,-5.525991334367263,-5.3567437765791075,3.131274540826517,-1813.5986531717167,-0.11362439191555758,0.1881647,478,0.310425,backward
282.1280400753021,2.0433883394619157,3.869527386040275,-4.82436555489751,-5.679318139357304,-0.8383700531418621,-1811.2851124585056,-0.11347944548198431,0.18855835,479,0.310425,backward
282.2693829536438,2.031746678336936,3.8624129089328347,-5.150327094763232,-6.237437554144074,-1.6198040502727777,-1812.0665464556364,-0.11352840337164245,0.18855835,479,0.310273,backward
282.40764021873474,2.024147261190306,3.8771269418310554,-5.891029364707941,-5.6906602305048715,-2.7565815042200703,-1813.2033239095838,-0.11359962400622012,0.18855835,479,0.310115,backward
282.5496418476105,2.0322317475307603,3.880522488269062,-5.578281699466587,-5.233867244129438,2.842418173971875,-1813.8875095385715,-0.11364248915497568,0.18855835,479,0.310115,backward
282.70605516433716,2.043226649717296,3.8675870740391924,-4.935126122171032,-5.6356590276694725,-0.9520290157450397,-1811.3987714211087,-0.11348656636867495,0.188952,480,0.309963,backward
282.8403217792511,2.0322317475307603,3.8580472073841823,-5.148881852578301,-6.331208513703185,-1.6024845907812766,-1812.0492269961449,-0.11352731828423925,0.188952,480,0.309963,backward
282.9738709926605,2.0249557098029927,3.8648382987848247,-5.726158633995056,-6.3265984054140025,-2.144255111660296,-1812.5909975170237,-0.11356126093515871,0.188952,480,0.309807,backward
283.1119496822357,2.027219365943749,3.876156785732426,-5.8651862093168114,-5.588332996455244,-2.887456115865935,-1813.3341985212292,-0.11360782347644986,0.188952,480,0.309807,backward
283.26435017585754,2.0393460959037193,3.881654337113825,-5.306074257546555,-5.1896316279869525,2.2624129941080264,-1814.4675147184348,-0.11367882725864299,0.188952,480,0.309656,backward
283.39954900741577,2.04144806253909,3.8595024412073253,-4.848200485828979,-5.839824343771214,-0.9992811039581238,-1817.729208816501,-0.11388317677547748,0.18934565,481,0.309507,backward
283.55497217178345,2.0289979529375914,3.8612810603603593,-5.256256213734781,-6.339853859440413,-1.7033105272149405,-1818.4332382397577,-0.11392728516460111,0.18934565,481,0.309507,backward
283.6980230808258,2.022368674259081,3.8690423080355947,-5.916327838502379,-6.22783176548773,-2.3349376531718167,-1819.0648653657147,-0.11396685745253743,0.18934565,481,0.309348,backward
283.8524215221405,2.025117399526099,3.8782587906276813,-6.01198485714398,-5.50565869410951,-3.040465107221276,-1819.770392819764,-0.11401105969530263,0.18934565,481,0.309348,backward
283.9996597766876,2.040801303570925,3.8735697028603338,-5.266847746958879,-5.5278598607580225,-2.3868993511824663,-1819.1168270637252,-0.11397011292272045,0.1897393,482,0.309187,backward
284.1454050540924,2.038699336945477,3.8604725971040894,-4.89383246306601,-6.190339709963774,-1.2502467299652043,-1817.9801744425079,-0.11389890010908103,0.1897393,482,0.309187,backward
284.28726172447205,2.0265726070425947,3.867425381374559,-5.578124277833919,-6.338712882294971,-2.012432476013687,-1818.7423601885564,-0.11394665206995176,0.1897393,482,0.309038,backward
284.43224334716797,2.0191348798974085,3.8797140248183437,-6.173083288490912,-5.5894656664560705,-2.993259931453964,-1819.7231876439967,-0.1140081022276278,0.1897393,482,0.30888,backward
284.57079219818115,2.032878506458522,3.879390639440349,-5.729472696044801,-5.275170214577906,2.861427003618512,-1820.1516860161034,-0.11403494822626278,0.1897393,482,0.30888,backward
284.7039749622345,2.0416097522816083,3.873084624831139,-4.971765838749038,-5.556616820673323,-0.5487185354264983,-1817.278646247969,-0.11385494842529657,0.19013295,483,0.30888,backward
284.83682799339294,2.03514216272967,3.858370592675932,-5.134879232242553,-6.167253491121686,-1.529418692104545,-1818.2593464046467,-0.11391639060753415,0.19013295,483,0.308726,backward
284.98151659965515,2.0267342967675988,3.8688806153680213,-5.594442275857592,-6.186539200328648,-2.0970489376381543,-1818.8269766501803,-0.11395195340494185,0.19013295,483,0.308726,backward
285.1287262439728,2.027219365943749,3.87793540525558,-5.867544714703466,-5.586816289726643,-2.9544105069842552,-1819.6843382195264,-0.11400566825899645,0.19013295,483,0.308567,backward
285.28230714797974,2.0443584779336446,3.8745398589275553,-5.082846078612117,-5.3678983666850995,0.7464944204366394,-1822.266618599285,-0.11416745159368982,0.1905266,484,0.308416,backward
285.4385893344879,2.042418200997065,3.8554601250970983,-4.666065502488939,-6.104914466979396,-0.9078552223193593,-1823.920968242041,-0.11427109882117598,0.1905266,484,0.308416,backward
285.5814685821533,2.026249227593156,3.8696890787091553,-5.433769246097783,-6.094341289906742,-1.9658310102775374,-1824.9789440299992,-0.11433738242552134,0.1905266,484,0.308267,backward
285.7317066192627,2.0275427453954658,3.875510015006552,-5.819108345157202,-5.663700385397933,-2.8464368676971206,-1825.8595498874186,-0.11439255356544889,0.1905266,484,0.308115,backward
285.86793088912964,2.0388610266847516,3.879390639440349,-5.330500324651607,-5.334080661229391,2.412490868130974,-1826.88380745877,-0.11445672467822857,0.1905266,484,0.308115,backward
286.00421357154846,2.043226649717296,3.860634289754691,-4.853159182019554,-5.974697799912057,-0.9980191669036167,-1830.2943174938048,-0.11467039771342573,0.19092025,485,0.307966,backward
286.14693427085876,2.028189504301178,3.864999991444235,-5.327508462611069,-6.180821793970488,-1.7800358786126473,-1831.0763342055138,-0.114719392110935,0.19092025,485,0.307966,backward
286.29943895339966,2.025440778972881,3.881816029807245,-5.885766248393207,-5.516403384084485,-3.0897699833083143,-1832.3860683102098,-0.11480144871202305,0.19092025,485,0.307815,backward
286.44527196884155,2.040639613829361,3.8758334003688346,-5.281208801625186,-5.2868081111565095,2.0257200670473954,-1833.553763567034,-0.11487460638848432,0.19092025,485,0.307815,backward
286.5994026660919,2.0385376472063936,3.8677487667041532,-4.900062659691895,-5.889978362835403,-0.9629717302650009,-1836.5424553643463,-0.11506185194443946,0.1913139,486,0.307664,backward
286.7455508708954,2.0220452948195047,3.8727612394799764,-5.729184030768677,-6.07051661554699,-2.319138080496118,-1837.8986217145775,-0.11514681758808498,0.1913139,486,0.307515,backward
286.8856534957886,2.0207517770687757,3.8797140248183437,-6.3293200797361955,-5.5035187145496565,-3.1287291261687353,-1838.70821276025,-0.11519753955465897,0.1913139,486,0.307515,backward
287.0256645679474,2.034980472994779,3.875510015006552,-5.636300310334139,-5.235920585327834,2.615501116335561,-1839.247167824925,-0.11523130581346513,0.19170755,487,0.307363,backward
287.16609263420105,2.0446818574257497,3.8745398589275553,-4.916671291511528,-5.429141050392001,0.19195568671542673,-1841.670713254545,-0.11538314419029604,0.19170755,487,0.307363,backward
287.32216715812683,2.0427415804845843,3.8692040007034945,-4.666015710631292,-5.897467436890708,-0.6546035374417633,-1842.5172724787024,-0.11543618226291323,0.1921012,488,0.307205,backward
287.4637858867645,2.031584988606042,3.8577238220937353,-5.204718220006147,-6.410925271334271,-1.5787632966079714,-1843.4414322378684,-0.11549408211329328,0.1921012,488,0.307205,backward
287.61001801490784,2.0210751565053213,3.8667786107192894,-5.887664406973853,-6.205601666440438,-2.3445880592251203,-1844.2072570004855,-0.11554206206344048,0.1921012,488,0.307053,backward
287.762113571167,2.0215602256615606,3.884726498344833,-6.213327594534605,-5.423475949502978,3.0582686637521364,-1845.087585584688,-0.11559721583182853,0.1921012,488,0.306904,backward
287.921852350235,2.0361123011430156,3.875995093050467,-5.66335503367511,-5.1941065743564,2.5332961261413773,-1845.6125581222989,-0.11563010606653072,0.1921012,488,0.306904,backward
288.0552906990051,2.044843547172089,3.8667786107192894,-4.830762224170998,-5.578361390381068,-0.19348769837536445,-1848.3393419468155,-0.11580094273615663,0.19249485,489,0.306753,backward
288.2067565917969,2.0356272319354853,3.863706450178093,-5.005881145795319,-6.098162618955024,-1.2331463895192945,-1849.3790006379593,-0.11586607874978033,0.1928885,490,0.306602,backward
288.3426492214203,2.0243089509124643,3.87567170768753,-5.734162473606797,-5.743869145341693,-2.7199835194025512,-1850.8658377678428,-0.1159592310933074,0.1928885,490,0.306602,backward
288.4763605594635,2.035950611406982,3.8790672540636635,-5.499064819364274,-5.287363770540958,2.4641630827851095,-1851.9648764728347,-0.11602808734456674,0.1928885,490,0.306453,backward
288.61486434936523,2.0464604446459997,3.8669403033826173,-4.686519745578376,-5.613422948893207,-0.19203898226457355,-1854.6210785378844,-0.11619450197214615,0.19328215,491,0.306453,backward
288.76194047927856,2.0265726070425947,3.8675870740391924,-5.38995081680287,-6.0659840925282404,-1.8755986403901943,-1856.3046381960098,-0.11629997924633442,0.19328215,491,0.306301,backward
288.9032726287842,2.0288362632099286,3.8790672540636635,-5.767062915456837,-5.349553216691516,2.8470084266076903,-1857.8652164361915,-0.11639775156948166,0.19328215,491,0.306301,backward
289.05597853660583,2.0446818574257497,3.8659701474075496,-4.946870233487908,-5.59393924146391,-0.28460076675529433,-1860.9968256295545,-0.11659395109228718,0.1936758,492,0.306143,backward
289.19792675971985,2.024147261190306,3.870497542058458,-5.489684201026792,-5.958377078696777,-2.1173558438856968,-1862.829580706685,-0.1167087756598975,0.1936758,492,0.30599,backward
289.3521194458008,2.0265726070425947,3.8814926444207334,-5.943722992470243,-5.392485596992119,2.966106439851226,-1864.0293037301278,-0.11678393991896188,0.1936758,492,0.30599,backward
289.50120067596436,2.044196788187879,3.876318478414713,-5.118520744787244,-5.091775156859156,1.3115595850357833,-1865.6838505849435,-0.1168875995020485,0.19406945,493,0.305833,backward
289.6449365615845,2.0388610266847516,3.868072152035053,-4.837620030661417,-5.77156426519136,-0.5838242237141614,-1867.5792343936935,-0.11700634784382696,0.19406945,493,0.305833,backward
289.7962210178375,2.0257641584204213,3.8708209274004672,-5.629346337858591,-5.895706183631135,-2.388648147664794,-1869.384058317644,-0.11711942248716929,0.19406945,493,0.30568,backward
289.93927526474,2.0322317475307603,3.8886071232268735,-5.690646124512011,-5.119254329180434,2.424419743251545,-1870.8541757339071,-0.11721152731817765,0.19406945,493,0.30568,backward
290.07539892196655,2.049047480644051,3.881816029807245,-4.79587173574585,-5.081509173068592,0.7808025294920606,-1872.4977929476665,-0.11731450214456979,0.1944631,494,0.305522,backward
290.2212817668915,2.0446818574257497,3.872922932155394,-4.484750101508877,-5.606005284277788,-0.12492426653370108,-1873.403519743692,-0.11737124714504718,0.19485675,495,0.30537,backward
290.3764817714691,2.0256024686965564,3.8690423080355947,-5.386170100719167,-5.986371353413308,-1.9064941108369926,-1875.1850895879952,-0.11748286488906128,0.19485675,495,0.30537,backward
290.51511096954346,2.0273810556695127,3.887313581578533,-5.766104027817665,-5.204101564885409,2.6136992207345267,-1876.9480815636032,-0.11759331870464507,0.19485675,495,0.30537,backward
290.6479597091675,2.0395077856437567,3.8835946494564855,-5.3070507791169135,-4.989303632218605,1.715794781312624,-1877.8459860030252,-0.11764957362397312,0.19485675,495,0.30521,backward
290.8369152545929,2.0471072036409197,3.8662935327312664,-4.5713266451232135,-5.473892611123249,0.055589036616417044,-1879.5061917477212,-0.1177535877441126,0.1952504,496,0.30521,backward
290.97670817375183,2.036759060089057,3.867101996046271,-4.915298840188477,-5.959976388901536,-0.9699858437470839,-1880.5317666280846,-0.11781784138807144,0.1952504,496,0.305051,backward
291.111056804657,2.027866124847942,3.875995093050467,-5.549142097886207,-5.750826538396988,-2.5222933446569065,-1882.0840741289944,-0.11791509553829282,0.1952504,496,0.3049,backward
291.26399874687195,2.0375675087758958,3.88957727947691,-5.388499999503404,-4.966724750255155,1.859291606721803,-1883.9856744847953,-0.11803423335509503,0.1952504,496,0.3049,backward
291.4040699005127,2.049370860147253,3.873084624831139,-4.613524180222446,-5.1306331087040435,0.5577279859000817,-1885.2872381056172,-0.11811577806439258,0.19564405,497,0.30474,backward
291.5441925525665,2.0435500292067257,3.85998751915424,-4.4865672896205195,-5.96196082658469,-0.5538973329744542,-1886.3988634244915,-0.11818542288391981,0.19564405,497,0.30459,backward
291.7068510055542,2.0288362632099286,3.8692040007034945,-5.320548628781883,-5.913647397925953,-1.8367734430044151,-1887.6817395345215,-0.11826579679556241,0.19564405,497,0.30459,backward
291.8536584377289,2.031261609144824,3.881330951727969,-5.590902725165778,-5.325171798428801,2.6687061200050275,-1889.4594452786916,-0.11837717244851235,0.19564405,497,0.30459,backward
292.00154638290405,2.0445201676796017,3.8852115764447577,-4.975639606598422,-4.938219243443394,1.1738362091683083,-1890.9543151895284,-0.11847082805655697,0.19564405,497,0.30443,backward
292.1455533504486,2.049209170395556,3.8714676980884066,-4.43426272078301,-5.349939935086915,0.20164190255817963,-1891.9265094961386,-0.11853173733586149,0.1960377,498,0.30428,backward
292.2989938259125,2.0357889216711387,3.8696890787091553,-4.857030456847177,-5.7314439926834435,-0.5688524113073711,-1892.6970038100042,-0.11858000983966728,0.1960377,498,0.30428,backward
292.43049931526184,2.026249227593156,3.878582176001092,-5.61126207082728,-5.599699374666462,-2.9280278305558305,-1895.0561792292526,-0.11872781534887705,0.1960377,498,0.304128,backward
292.57096004486084,2.0377291985138353,3.8837563421538372,-5.430260820198522,-5.095103313804783,2.059747252568386,-1896.3515894533082,-0.11880897453960104,0.1960377,498,0.304128,backward
292.7070679664612,2.050987757674756,3.875995093050467,-4.602077677698303,-4.9973699498455515,0.6965349774666841,-1897.7148017284098,-0.11889438161990482,0.19643135,499,0.30398,backward
292.8471133708954,2.0471072036409197,3.869527386040275,-4.336466674694319,-5.657312346348187,-0.17732360094415492,-1898.5886603068209,-0.11894913003373854,0.19643135,499,0.303828,backward
292.9833490848541,2.034010334589432,3.8677487667041532,-4.980360615864111,-5.918570293408877,-1.0931517076732928,-1899.50448841355,-0.1190065078949011,0.19643135,499,0.303828,backward
293.1316840648651,2.033848644855874,3.884403112946524,-5.35513324188921,-5.313368518121424,2.2611606147944845,-1902.4333613982617,-0.1191900057218893,0.19643135,499,0.30368,backward
293.2726957798004,2.0427415804845843,3.886505118058983,-5.053680137621968,-4.832329535623545,1.3634095773781936,-1903.331112435678,-0.11924625103037563,0.19643135,499,0.30368,backward
293.4125597476959,2.0513111371825556,3.8772886345153057,-4.366745062563165,-5.08367851697208,0.46587569597376877,-1904.2286463170828,-0.11930248273374608,0.196825,500,0.303528,backward
293.5468039512634,2.042418200997065,3.868718922700774,-4.465518598501697,-5.694605248411049,-0.26956813925509077,-1904.9640901523117,-0.11934855927798026,0.196825,500,0.303528,backward
293.6811773777008,2.0325551269942608,3.8721144687815765,-5.114345506530807,-5.738918080319645,-1.3139522963633796,-1906.00847430942,-0.11941399134839462,0.196825,500,0.30338,backward
293.83008766174316,2.0354655422000234,3.884888191044481,-5.310685081632757,-5.04452936770749,1.854634358853191,-1909.123072961383,-0.11960912513793036,0.196825,500,0.30338,backward
293.9643738269806,2.0474305831395276,3.885049883744455,-4.704330917411197,-4.877718047341739,0.9165414768751425,-1910.061165843361,-0.11966789791717158,0.19721865,501,0.30322,backward
294.1058712005615,2.0433883394619157,3.864029835492671,-4.490040021382806,-5.7004515714265604,-0.300669418039562,-1911.2783767382757,-0.11974415781487595,0.19721865,501,0.30322,backward
294.2483696937561,2.0291596426654444,3.873408010183608,-5.240130662286781,-5.737415109712818,-1.8637159962119436,-1912.841423316448,-0.11984208478271414,0.19721865,501,0.30307,backward
294.39204478263855,2.0332018859235443,3.8834329567594614,-5.457577004957504,-5.0742712804174515,2.1762134080118596,-1915.084679219404,-0.11998262777850793,0.19721865,501,0.30292,backward
294.5716562271118,2.04807734213904,3.8790672540636635,-4.760260255044144,-4.996035873764638,0.8765437954659347,-1916.3843488319499,-0.12006405382564268,0.1976123,502,0.30292,backward
294.7378799915314,2.0344954037912486,3.867263688710252,-4.962663292642686,-5.74070144687969,-0.9015987474931527,-1918.1624913749088,-0.12017545684462351,0.1976123,502,0.302761,backward
294.8864405155182,2.0273810556695127,3.87470155160657,-5.533131482449627,-5.63353251744688,-2.7658800390532563,-1920.0267726664688,-0.12029225657191851,0.1976123,502,0.30261,backward
295.0598900318146,2.033686955122506,3.880199102887792,-5.509044332623942,-5.076061145557894,2.2614328058343056,-1921.2826451287608,-0.12037093866875502,0.1976123,502,0.30261,backward
295.2102234363556,2.038699336945477,3.885696654547633,-5.186653281588016,-4.779105181859192,1.5927364535708384,-1921.951341481024,-0.1204128333935163,0.1976123,502,0.30245,backward
295.3462076187134,2.0435500292067257,3.884403112946524,-4.859332738108188,-4.670931750577209,1.201421961025952,-1922.342655973569,-0.12043734977214583,0.19800595000000001,503,0.30245,backward
295.494913816452,2.047268893390128,3.879228946751842,-4.522769611290321,-4.791139213171975,0.8086388757117372,-1922.7354390588832,-0.12046195816008519,0.1983996,504,0.302292,backward
295.65107345581055,2.0516345166911223,3.8853732691453877,-4.226936294259866,-4.882747876161518,0.5530681945256781,-1922.9910097400696,-0.12047797000658192,0.1983996,504,0.302134,backward
295.8031542301178,2.052928034733056,3.880684180960188,-3.9847980189924264,-5.053906107815939,0.3304022932032157,-1923.213675641392,-0.12049192032441759,0.19879325,505,0.302134,backward
295.94357562065125,2.053413104001945,3.8719527761077934,-3.947584519414718,-5.4134959960462465,0.03078783344847807,-1923.5132901011468,-0.12051069157280776,0.19879325,505,0.301982,backward
296.09834146499634,2.0516345166911223,3.868233844700994,-4.051915026946875,-5.585211021210275,-0.1258149196658183,-1923.669892854261,-0.12052050294566237,0.19879325,505,0.301982,backward
296.24903631210327,2.0508260679211436,3.8721144687815765,-4.191071141938623,-5.528959886746341,-0.08414201396068324,-1923.6282199485559,-0.12051789208213871,0.19879325,505,0.301824,backward
296.4050371646881,2.0440350984423037,3.858855670616002,-4.43189699669762,-5.946499395695997,-0.6326507259811963,-1924.1767286605761,-0.12055225688978495,0.19879325,505,0.301665,backward
296.5400457382202,2.0395077856437567,3.8714676980884066,-4.750494582667158,-5.771091104159909,-0.7330330624924746,-1924.2771109970877,-0.12055854597801582,0.19879325,505,0.301665,backward
296.6936893463135,2.033686955122506,3.87567170768753,-5.12011708699296,-5.70835185452307,-1.660172736947767,-1925.204250671543,-0.12061663252409177,0.19879325,505,0.301514,backward
296.8483655452728,2.0310999194145003,3.880360795578263,-5.440903416440394,-5.405553013852453,2.979269736413628,-1926.8479935053608,-0.12071961522074932,0.19879325,505,0.301514,backward
296.9878599643707,2.034010334589432,3.882462800584199,-5.42421276459934,-4.897233277420615,2.090448540084003,-1927.7368147016905,-0.12077530106269567,0.19879325,505,0.301355,backward
297.13510060310364,2.03627399087924,3.8797140248183437,-5.196038978986052,-4.714378465468128,1.693200540320763,-1928.1340627014536,-0.12080018918352317,0.19879325,505,0.301355,backward
297.2764768600464,2.0471072036409197,3.8834329567594614,-4.698533178213903,-4.549205264151914,1.1441665160629855,-1928.6830967257115,-0.12083458690268677,0.1991869,506,0.301196,backward
297.4230170249939,2.049855929403493,3.8724378541301223,-4.2603795571380125,-5.135054176990126,0.344069013604873,-1929.4831942281694,-0.12088471408602523,0.19958055,507,0.301196,backward
297.565003156662,2.0380525779902863,3.8758334003688346,-4.711939940237492,-5.557578515410986,-0.31269828871981703,-1930.1399615304942,-0.12092586143978301,0.19958055,507,0.301045,backward
297.7224986553192,2.031746678336936,3.886181732653459,-5.412939494982078,-5.02947570063068,2.2424032967442473,-1933.8680452522096,-0.12115943089306275,0.19958055,507,0.301045,backward
297.86838126182556,2.052442965465893,3.8827861859746418,-4.588609835855692,-4.70803050166907,0.9611802033263983,-1935.1492683456274,-0.12123970124099401,0.19958055,507,0.300886,backward
298.0046799182892,2.0393460959037193,3.876480171097327,-4.57266078132346,-5.427659498102288,-0.004777053631955829,-1936.115225602586,-0.12130021976075935,0.1999742,508,0.300728,backward
298.1445503234863,2.0390227164242165,3.88957727947691,-5.084201077224691,-4.849209665537539,1.573332111613642,-1934.5371164373403,-0.12120134910160671,0.1999742,508,0.300728,backward
298.2851753234863,2.0556767606129247,3.8834329567594614,-4.191933118530566,-4.685865227502845,0.6884971917289816,-1935.4219513572248,-0.12125678519797879,0.20036785000000001,509,0.300579,backward
298.43127846717834,2.040477924087988,3.878582176001092,-4.44826833633644,-5.311249180102717,0.16139679526754117,-1935.9490517536863,-0.12128980874589644,0.20036785000000001,509,0.300579,backward
298.5689718723297,2.0357889216711387,3.892326055582857,-5.106977767476196,-4.8814197586910035,1.645777033525254,-1934.4646715154286,-0.12119681032993018,0.20036785000000001,509,0.300417,backward
298.706915140152,2.052442965465893,3.8947514463433954,-4.558982258750145,-4.4100508265701315,1.0989005804016172,-1935.0115479685521,-0.12123107287436384,0.20036785000000001,509,0.300417,backward
298.8482115268707,2.0572936582152317,3.87470155160657,-3.837476575685947,-5.1436699760662545,0.20406775007248892,-1935.906380798881,-0.12128713535325594,0.2007615,510,0.300269,backward
298.9884388446808,2.039831165124404,3.8745398589275553,-4.441824298317759,-5.330316685966477,0.10561298652147642,-1936.004835562432,-0.12129330367645143,0.2007615,510,0.300269,backward
299.1269063949585,2.0344954037912486,3.888122045106285,-5.149200615482222,-4.98789628332294,1.8230292726595596,-1934.2874192762938,-0.12118570523903693,0.2007615,510,0.30011,backward
299.30408787727356,2.0475922728891183,3.889092201350415,-4.776212629548533,-4.451091658700342,1.2909312488246663,-1934.8195173001286,-0.12121904189502307,0.2007615,510,0.29995,backward
299.44669795036316,2.0545449323027336,3.880199102887792,-4.119821801847588,-4.862461281236414,0.511545014688307,-1935.598903534265,-0.12126787148957874,0.20115515,511,0.29995,backward
299.59449553489685,2.0419331317672182,3.8721144687815765,-4.48971113489079,-5.3897972423131675,-0.025383177162865575,-1936.135831726116,-0.12130151076207969,0.20115515,511,0.2998,backward
299.7364749908447,2.0403162343468058,3.887151888873967,-4.930579136788663,-4.948546634931205,1.3459270268715526,-1934.7645215220816,-0.12121559633564995,0.20115515,511,0.2998,backward
299.8677432537079,2.046783824143077,3.8924877482979268,-4.735198195433392,-4.5260702573510425,1.2375746660613993,-1934.872873882892,-0.12122238475660967,0.20115515,511,0.29965,backward
300.0088369846344,2.056485209411678,3.8874752742834278,-4.172099539256943,-4.353061323085606,0.8692222035430024,-1935.2412263454103,-0.12124546253321201,0.2015488,512,0.29965,backward
300.1465210914612,2.055191691335977,3.8735697028603338,-3.8262916112758805,-5.057868985106415,0.24255224702914402,-1935.8678963019242,-0.12128472424782354,0.2015488,512,0.2995,backward
300.28797221183777,2.0375675087758958,3.879228946751842,-4.518331887501255,-5.341872677413987,0.017055872696220567,-1936.093392676257,-0.12129885189859561,0.2015488,512,0.2995,backward
300.43544149398804,2.034010334589432,3.886343425356057,-5.2353637852079995,-5.019601883170051,2.1888648669871014,-1933.9215836819662,-0.12116278514760774,0.2015488,512,0.299348,backward
300.58441257476807,2.0453286164122546,3.893942982748336,-4.926368082381299,-4.310193372913774,1.496675825890867,-1934.6137727230625,-0.1212061517208833,0.2015488,512,0.2992,backward
300.72807121276855,2.056970278693234,3.888930508642239,-4.104706600462348,-4.426706310335445,0.7917656846366878,-1935.3186828643168,-0.12125031528817257,0.20194245,513,0.2992,backward
300.8890426158905,2.049532549899141,3.876641863780268,-4.034563781354192,-5.066719805376734,0.2653196367871291,-1935.8451289121665,-0.12128329784027068,0.20194245,513,0.2992,backward
301.0368254184723,2.0374058190381468,3.877450327199883,-4.761619887029811,-5.209529000818307,0.48013874699461023,-1935.6303098019591,-0.12126983913443933,0.20194245,513,0.29904,backward
301.1760289669037,2.036435680615655,3.89717683717787,-5.152581872754671,-4.617263282222758,1.8081438922972026,-1934.3023046566566,-0.1211866378281129,0.20194245,513,0.29889,backward
301.32446670532227,2.047268893390128,3.8921643628681157,-4.714614245634096,-4.260590037739577,1.3213756997629604,-1934.789072849191,-0.12121713450927432,0.20194245,513,0.29889,forward
301.49868750572205,2.0514728269367435,3.874863244285912,-4.09361421925414,-4.945496974670294,0.38635070971462276,-1935.7240978392394,-0.12127571508096494,0.2023361,514,0.29873,forward
301.64403462409973,2.0395077856437567,3.8790672540636635,-4.600167151169586,-5.283942032447995,0.053215012142495015,-1936.0572335368115,-0.12129658647993505,0.2023361,514,0.298572,backward
301.78377985954285,2.0365973703522604,3.8994405353567885,-5.114168528672541,-4.587505026445446,1.7722850559621413,-1934.338163492992,-0.12118888443238023,0.2023361,514,0.298572,forward
301.921986579895,2.0477539626389007,3.894913139063393,-4.707666048791722,-4.163091474992996,1.3438071399257392,-1934.7666414090284,-0.12121572914941492,0.2023361,514,0.29841,forward
302.05667996406555,2.0545449323027336,3.880684180960188,-4.1279121190834385,-4.606907263113651,0.680086210441488,-1935.4303623385126,-0.12125731215725535,0.20272975,515,0.29841,backward
302.19747018814087,2.0437117189517275,3.876803556463537,-4.345456977661641,-5.135525459968698,0.22899304586137265,-1935.8814555030926,-0.12128557374999147,0.20272975,515,0.298262,backward
302.33197712898254,2.033686955122506,3.8852115764447577,-5.089131445964742,-5.057929451803717,2.1307904796985913,-1933.9796580692553,-0.12116642358598553,0.20272975,515,0.298262,forward
302.47436928749084,2.0445201676796017,3.895236524504374,-4.968685415146381,-4.411601372568421,1.5879567486883086,-1934.5224918002657,-0.12120043284844802,0.20272975,515,0.298103,forward
302.6151657104492,2.056485209411678,3.890709128450221,-4.089086594772992,-4.238839544093085,0.8713147262176425,-1935.2391338227364,-0.12124533143385552,0.2031234,516,0.298103,backward
302.7757124900818,2.0453286164122546,3.8751866296455773,-4.195604374917414,-5.079281131605078,0.2320247586976559,-1935.8784237902566,-0.12128538380910962,0.2031234,516,0.297952,backward
302.941561460495,2.0357889216711387,3.88957727947691,-4.998054024575302,-4.856948450887815,1.722807583536254,-1934.3876409654179,-0.12119198426249318,0.2031234,516,0.297803,forward
303.09145760536194,2.046945513891903,3.894428060904386,-4.738885853481708,-4.1573056216258095,1.3902025522121138,-1934.720245996742,-0.12121282241450997,0.2031234,516,0.297803,forward
303.24904584884644,2.0547066220607566,3.887151888873967,-4.0659508806585976,-4.501522311774545,0.7030170373921862,-1935.407431511562,-0.12125587551014282,0.20351705,517,0.297644,backward
303.38671016693115,2.0378908882519657,3.880199102887792,-4.631578424660234,-5.13026306143825,0.3338859196640968,-1935.77656262929,-0.12127900207054007,0.20351705,517,0.297493,backward
303.5331485271454,2.0365973703522604,3.8918409774396183,-5.139858871497302,-4.546572590187702,1.8752239869404097,-1934.2352245620136,-0.12118243517007161,0.20351705,517,0.297493,forward
303.7128095626831,2.052442965465893,3.88941558676775,-4.516706039475687,-4.135556631395486,1.209992756368252,-1934.900455792586,-0.1212241128003041,0.20351705,517,0.297493,forward
303.84686493873596,2.0600423841832463,3.881007566343423,-3.8188300985721924,-4.519002279495896,0.5606915200052563,-1935.549757028949,-0.12126479239499982,0.2039107,518,0.297341,forward
303.993860244751,2.0579404172615328,3.875995093050467,-3.6624204516118453,-5.062719383533556,0.112885502540152,-1935.9975630464141,-0.12129284804355339,0.20430435,519,0.29719,backward
304.15734577178955,2.0461370651496877,3.8790672540636635,-4.181491219035413,-5.2173479981211095,-0.02110729826097077,-1936.1315558472152,-0.12130124287252257,0.20430435,519,0.297039,backward
304.3114912509918,2.0399928548650137,3.886343425356057,-4.732968983282106,-4.891945388816295,1.0979984620554872,-1935.0124500868988,-0.12123112939329012,0.20430435,519,0.297039,still
304.44789004325867,2.045813685654141,3.900895769934424,-4.627731370067641,-4.189225484746024,1.3163254013679797,-1934.794123147586,-0.12121745091725308,0.20430435,519,0.296887,forward
304.59181547164917,2.059072245599957,3.8997639208161825,-3.982449730537081,-3.8154278326989335,0.9879619194835051,-1935.1224866294704,-0.1212380233304996,0.204698,520,0.296887,forward
304.7247395515442,2.064408007893756,3.8827861859746418,-3.402778880689208,-4.314988009517725,0.5274656280207001,-1935.582982920933,-0.12126687404176657,0.204698,520,0.29673,backward
304.8628568649292,2.0511494474285605,3.882301107889469,-3.7743030261946244,-4.880594940743728,0.25684479671951577,-1935.853603752234,-0.12128382880038557,0.20509165,521,0.29673,backward
305.00050592422485,2.0372441293005883,3.8913558992993353,-4.745601534291913,-4.669853803908984,1.3581039827974768,-1934.752344566156,-0.12121483343300331,0.20509165,521,0.296572,forward
305.1377487182617,2.050987757674756,3.892972826445107,-4.518279377729528,-4.098849730400267,1.2653010688946564,-1934.8451474800586,-0.12122064766022593,0.20509165,521,0.296572,forward
305.27364921569824,2.059719004654714,3.879228946751842,-3.72773903441606,-4.631497850634123,0.43161234382558566,-1935.6788362051277,-0.12127287937878571,0.2054853,522,0.29642,backward
305.40882396698,2.040801303570925,3.8837563421538372,-4.301901212526336,-4.982892183538251,0.29173333617097824,-1935.8187152127823,-0.12128164298652147,0.2054853,522,0.296262,backward
305.5392758846283,2.044196788187879,3.9025126972741693,-4.723543846899177,-4.23943837939904,1.4508900770275375,-1934.6595584719257,-0.12120902025955577,0.2054853,522,0.296262,forward
305.6728940010071,2.061174212539167,3.8900623576063595,-3.91120369296114,-4.041492068613164,0.8700358357868385,-1935.2404127131663,-0.12124541155805894,0.20587895,523,0.29611,forward
305.86185812950134,2.0530897244891606,3.879875717507832,-3.684267126995685,-4.71109744737527,0.3465297947991174,-1935.763918754154,-0.12127820991477768,0.20587895,523,0.29611,backward
305.9956908226013,2.041771442024318,3.8942663681853738,-4.54710058194634,-4.553127568398097,1.135488318681534,-1934.9749602302718,-0.1212287806034105,0.20587895,523,0.29611,backward
306.1490981578827,2.053251414245457,3.8976619153536403,-4.301562772012772,-3.8953204322560775,1.1760233260229367,-1934.9344252229305,-0.12122624103074796,0.20587895,523,0.295952,still
306.2987439632416,2.062306040904515,3.8886071232268735,-3.616658406959405,-4.157607970925203,0.6709206342230933,-1935.4395279147304,-0.12125788639291797,0.2062726,524,0.2958,forward
306.44447135925293,2.0527663449771434,3.8821394151950663,-3.7497657620833738,-4.529049014529462,0.49418234475070505,-1935.616266204203,-0.12126895928417447,0.2062726,524,0.2958,backward
306.58762097358704,2.040477924087988,3.895074831783719,-4.56515407265563,-4.364310474240855,1.2806719200638301,-1934.8297766288897,-0.12121968465575178,0.2062726,524,0.295642,still
306.7303695678711,2.04807734213904,3.905746552052426,-4.619123578339153,-3.7434407911135335,1.4514275493584894,-1934.659020999595,-0.12120898658619224,0.2062726,524,0.295642,forward
306.88520431518555,2.0627911102068364,3.892002670153703,-3.776181200652467,-3.8490256239073135,0.8816402306934342,-1935.22880831826,-0.12124468452712932,0.20666625,525,0.295486,forward
307.04097080230713,2.056970278693234,3.884241420247861,-3.5513234390984643,-4.539719163080183,0.39911503464849263,-1935.711333514305,-0.12127491537886084,0.20666625,525,0.295486,backward
307.1804678440094,2.0419331317672182,3.888930508642239,-4.35075346750895,-4.6833913919839505,0.7347273815679907,-1935.3757211673853,-0.12125388881448211,0.20666625,525,0.295334,backward
307.32085156440735,2.0477539626389007,3.8963683735581607,-4.559684588037555,-4.113412375468934,1.3676583193038268,-1934.7427902296495,-0.12121423484098637,0.20666625,525,0.295186,forward
307.45523738861084,2.0600423841832463,3.9105973344669085,-3.883276718739401,-3.6438227184736682,1.0136191719303582,-1935.096829377023,-0.12123641586916716,0.2070599,526,0.295186,forward
307.5999791622162,2.0648930772035876,3.8892538940589185,-3.301177717810328,-4.198192553986198,0.5190780985316908,-1935.5913704504217,-0.1212673995317564,0.2070599,526,0.295034,forward
307.77042412757874,2.050987757674756,3.8876369669886497,-3.7302591090117234,-4.657160648826905,0.34350829573496583,-1935.7669402532183,-0.12127839921575298,0.20745355,527,0.294875,backward
307.92763113975525,2.0425798907407287,3.8921643628681157,-4.513616844015626,-4.336819853994807,1.2785977699392583,-1934.8318507790138,-0.12121981460404337,0.20745355,527,0.294875,still
308.0996129512787,2.0553533810947675,3.9054231665686725,-4.209332071094584,-3.653529820344866,1.2122011996026714,-1934.8982473493504,-0.12122397443836869,0.20745355,527,0.294717,still
308.27723383903503,2.066348285143488,3.892811133729052,-3.3542036509632904,-4.083153432332803,0.5891546734409014,-1935.5212938755121,-0.12126300914020109,0.2078472,528,0.294717,still
308.438508272171,2.053251414245457,3.8831095713663966,-3.5933913471076964,-4.613857406790357,0.32080499128929374,-1935.789643557664,-0.12127982160827494,0.2078472,528,0.294558,still
308.5734658241272,2.045651995906654,3.8970151444532704,-4.29971100298358,-4.275032254282042,1.0696092814989784,-1935.0408392674544,-0.12123290801358848,0.2078472,528,0.294558,still
308.7105920314789,2.0519578962004554,3.905746552052426,-4.2800303680884095,-3.5751430619086046,1.2908170456132046,-1934.8196315033404,-0.1212190490500077,0.2078472,528,0.294397,still
308.8660731315613,2.0665099749155518,3.901380848132892,-3.5108460843039047,-3.502451293845033,0.8942586739481321,-1935.2161898750053,-0.12124389396470844,0.20824085,529,0.294246,forward
309.0012352466583,2.0627911102068364,3.888930508642239,-3.2128634209070945,-4.011308060110251,0.5692210239128075,-1935.5412275250405,-0.12126425801012186,0.20824085,529,0.294246,forward
309.16356325149536,2.0506643781677227,3.8900623576063595,-3.7738574415309625,-4.319894406252215,0.6094080591593402,-1935.501040489794,-0.1212617402383785,0.20824085,529,0.294087,backward
309.30418610572815,2.0484007216399442,3.900895769934424,-4.277826545387434,-3.8848397789007345,1.2345498500517702,-1934.8758986989014,-0.12122257426539602,0.20824085,529,0.293928,forward
309.4509701728821,2.060689143242618,3.905584859310385,-3.8372157865535117,-3.379968601690678,1.0897482636164542,-1935.0207002853367,-0.12123164627930515,0.20824085,529,0.293928,forward
309.6314654350281,2.068935321519648,3.8913558992993353,-3.0327494146863194,-3.79758559819185,0.6038629217373818,-1935.5065856272158,-0.12126208764868704,0.2086345,530,0.293777,backward
309.7678141593933,2.0543832425449025,3.8853732691453877,-3.598866075394713,-4.42047055080109,0.43243008526197696,-1935.6780184636912,-0.12127282814618617,0.2086345,530,0.293777,backward
309.91288208961487,2.0501793089086098,3.8989554571701652,-4.109226201677974,-4.149063431874319,0.9793765983160012,-1935.131071950637,-0.12123856121240377,0.2086345,530,0.293618,still
310.05367398262024,2.057131968454137,3.911244105477924,-3.9985162555446285,-3.411077473139723,1.1820721643750107,-1934.928376384578,-0.12122586206289947,0.2086345,530,0.293618,forward
310.2261326313019,2.0716840477234455,3.9000873062768924,-3.103664196453371,-3.4098879647094007,0.7727284662443379,-1935.3377200827088,-0.12125150799547846,0.20902815,531,0.293467,backward
310.37265372276306,2.0637612488166774,3.890547435738763,-3.090723686057866,-4.174313539080283,0.4257122424264326,-1935.6847363065267,-0.12127324902806425,0.20902815,531,0.293315,backward
310.52793407440186,2.049694239651221,3.895236524504374,-3.9470723515636585,-4.07966434704214,0.8912437709387824,-1935.2192047780147,-0.12124408285243206,0.20902815,531,0.293315,still
310.6679241657257,2.060365763712548,3.9060699375374974,-3.8371202085430918,-3.3926155091483587,1.1071358453764861,-1935.0033127035767,-0.12123055692395031,0.20902815,531,0.293167,forward
310.811883687973,2.0728158761765263,3.9004106917389176,-2.9865481114723207,-3.5299138490995126,0.6892105856410002,-1935.4212379633123,-0.12125674050289184,0.2094218,532,0.293167,still
310.96140241622925,2.0582637967858357,3.892972826445107,-3.215560825912614,-4.137484284013308,0.46975726949667446,-1935.6406912794564,-0.12127048954795049,0.2094218,532,0.293015,backward
311.1041007041931,2.0485624113906837,3.9012191553997404,-4.065822178851689,-3.8206867890834397,1.1359692306237215,-1934.9744793183295,-0.12122875047363128,0.2094218,532,0.293015,still
311.2457559108734,2.063437869279294,3.9039679319080847,-3.653381253730942,-3.389694128583861,1.0181309084066197,-1935.0923176405468,-0.1212361332028161,0.2094218,532,0.292864,forward
311.38008403778076,2.0752412228935904,3.9062316302805273,-2.771431293721329,-3.35944091692781,0.6841905064724793,-1935.4262580424806,-0.12125705501759546,0.20981545,533,0.292864,forward
311.53490591049194,2.0665099749155518,3.892326055582857,-2.9029309309827838,-4.053255217409501,0.4204209958524385,-1935.690027553101,-0.1212735805317701,0.2102091,534,0.292705,backward
311.67861890792847,2.059072245599957,3.897500222628055,-3.4334273182555357,-4.009509929805919,0.6221266620456026,-1935.4883218869081,-0.12126094340082219,0.2102091,534,0.292554,backward
311.8343577384949,2.051796206445693,3.9012191553997404,-3.901485681438239,-3.932516108739919,0.9669804987065712,-1935.143468050247,-0.12123933784469662,0.2102091,534,0.292554,forward
311.9693925380707,2.0516345166911223,3.9044530101253163,-4.094691530423921,-3.596213138970826,1.2625648186548448,-1934.8478837302987,-0.12122081908997921,0.2102091,534,0.292402,forward
312.1161847114563,2.0526046552214225,3.9086570214655176,-4.121756600776354,-3.248306676097773,1.3490674429001441,-1934.7613811060535,-0.12121539958436713,0.2102091,534,0.292253,forward
312.2632489204407,2.0574553479765187,3.9086570214655176,-3.8788289964075684,-3.155122011109528,1.2184321385154293,-1934.8920164104384,-0.12122358406167552,0.2102091,534,0.292253,still
312.4158709049225,2.0614975920711616,3.9102739489633795,-3.5187972621030696,-2.963149535573518,1.0801023983909837,-1935.0303461505628,-0.1212322506057193,0.21060275,535,0.292102,still
312.55733847618103,2.0661865953716174,3.909465485210327,-3.2339820039870206,-2.90006451148421,0.9769103728662367,-1935.1335381760873,-0.12123871572474122,0.21060275,535,0.292102,forward
312.7010838985443,2.0674801135519827,3.9202989001866126,-3.0629509098173506,-2.5468367491013626,0.9989249676032361,-1935.1115235813504,-0.12123733648080769,0.2109964,536,0.291943,forward
312.84880900382996,2.070875598834183,3.9123759547599013,-2.843370913758881,-2.763087470499358,0.8755158819832638,-1935.2349326669705,-0.12124506822580317,0.2109964,536,0.291943,still
312.9853129386902,2.072330806838332,3.9117291837396495,-2.707303563290364,-2.8165889706713063,0.8195397046752378,-1935.2909088442784,-0.12124857520850699,0.2109964,536,0.291785,backward
313.1263942718506,2.074917843328801,3.905746552052426,-2.5510597889710165,-3.092689229641018,0.6915977484795199,-1935.4188508004738,-0.12125659094393323,0.21139005,537,0.291785,still
313.27816009521484,2.0750795331110994,3.898793764441949,-2.490459460169645,-3.4704864929882078,0.5397535752492213,-1935.5706949737041,-0.12126610418536568,0.21139005,537,0.291626,still
313.41824293136597,2.073947704639076,3.894428060904386,-2.524763848087943,-3.89373513973134,0.36120042941879454,-1935.7492481195345,-0.121277290779811,0.21139005,537,0.291475,backward
313.5589282512665,2.0660249055999387,3.8976619153536403,-2.9050237999073594,-3.949155325546418,0.4145020210405475,-1935.6959465279128,-0.12127395136349331,0.21139005,537,0.291475,backward
313.7104585170746,2.059072245599957,3.895236524504374,-3.372358195852469,-3.8394346494699407,0.6600324343560837,-1935.4504161145974,-0.12125856855326628,0.21139005,537,0.291326,still
313.8485026359558,2.056485209411678,3.908171943222587,-3.733326329891147,-3.5560272493458944,1.0564227502088461,-1935.0540257987448,-0.12123373416748792,0.21139005,537,0.291326,forward
313.9932255744934,2.0648930772035876,3.9144779606121785,-3.412245562831004,-2.820527737738994,1.0984778222842142,-1935.0119707266695,-0.12123109936072779,0.21139005,537,0.291172,forward
314.13214445114136,2.0752412228935904,3.905746552052426,-2.7976882921333943,-3.0419298845955858,0.7855992976499588,-1935.324849251304,-0.12125070162060093,0.2117837,538,0.291172,still
314.2937333583832,2.065539836286061,3.897500222628055,-2.8291217327656595,-3.711138270316713,0.5093642289564047,-1935.6010843199974,-0.12126800811873442,0.2117837,538,0.291013,still
314.44650387763977,2.05551507085375,3.913669496816241,-3.677957857543119,-3.224727956015242,1.1474159494736675,-1934.9630325994804,-0.12122803332131846,0.2117837,538,0.291013,forward
314.5801622867584,2.0737860148581317,3.9144779606121785,-3.0089789066176222,-2.860954631327745,0.9207499924774913,-1935.1896985564767,-0.12124223424801557,0.2117837,538,0.290862,still
314.73535680770874,2.064408007893756,3.8999256135463733,-2.846010221281835,-3.619118846099325,0.5536088293105622,-1935.5568397196437,-0.12126523613508638,0.21217735,539,0.290703,backward
314.8748700618744,2.0527663449771434,3.9078485577289483,-3.8335324428197928,-3.3345667279320934,1.2395777477441563,-1934.8708708012102,-0.12122225926085146,0.21217735,539,0.290703,forward
315.007137298584,2.06925870107014,3.9102739489633795,-3.3090178579889074,-2.908223058034519,1.0388771245644788,-1935.07157142439,-0.12123483342450449,0.21217735,539,0.290544,forward
315.15681052207947,2.0686119419699276,3.8942663681853738,-2.8397263926091236,-3.551594552370581,0.576231095687939,-1935.5342174532666,-0.12126381881970828,0.212571,540,0.290544,still
315.31495118141174,2.056646899172004,3.9110824127246757,-3.520708067761365,-3.370858225151146,1.0046043432530989,-1935.1058442057013,-0.1212369806602939,0.212571,540,0.290386,still
315.45559096336365,2.065539836286061,3.9207839785038083,-3.4229893409476313,-2.654192008413605,1.1612909906896007,-1934.949157558265,-0.1212271640313473,0.212571,540,0.290225,still
315.5949282646179,2.0786367083706065,3.9086570214655176,-2.552836747334606,-2.8080611078379993,0.7754931796327299,-1935.3349553693215,-0.12125133478247076,0.21296465,541,0.290225,backward
315.7401056289673,2.071198978389309,3.9012191553997404,-2.513589949136717,-3.4647097036573995,0.5109031308132549,-1935.5995454181411,-0.12126791170446587,0.21296465,541,0.290225,backward
315.895663022995,2.058748866073732,3.90526147382729,-3.3147590666352666,-3.4518211200984164,0.8393588547172707,-1935.271089694237,-0.12124733351213288,0.21296465,541,0.290076,backward
316.0418882369995,2.065054766973917,3.9191670507913883,-3.368036506703591,-2.7871383666730494,1.1165614018686698,-1934.9938871470856,-0.12122996640017433,0.21296465,541,0.290076,still
316.1852533817291,2.082355573514871,3.9159331954656618,-2.4953098833329808,-2.499405674775795,0.8475343547031298,-1935.2629141942512,-0.12124682130607624,0.2133583,542,0.289917,still
316.34336280822754,2.085751059170979,3.9065550157675757,-1.8818958558191754,-2.9332137026847263,0.5611099898659561,-1935.5493385590885,-0.12126476617730093,0.2133583,542,0.289917,still
316.4905505180359,2.0718457375018775,3.9026743900099543,-2.374225813523422,-3.5094474934582696,0.44268324237851286,-1935.667765306576,-0.12127218577211937,0.21375195,543,0.289758,backward
316.6341619491577,2.0616592818374473,3.913669496816241,-3.151569372538308,-3.029781352906838,0.9467666245994789,-1935.163681924355,-0.12124060427106376,0.21375195,543,0.2896,still
316.7726330757141,2.0687736317446914,3.9180352014123545,-3.133323700806163,-2.5597299690317272,1.0779418797951652,-1935.0325066691596,-0.12123238596511171,0.21375195,543,0.2896,forward
316.9018371105194,2.0789600879442993,3.9105973344669085,-2.562863130533251,-2.6135970026806157,0.8401555882940897,-1935.2702929606605,-0.12124728359570403,0.2141456,544,0.28944,forward
317.0521869659424,2.0812237449818487,3.9018659263343216,-2.125586912610123,-3.0885658699194276,0.5508711613927627,-1935.559577387562,-0.12126540765365909,0.2141456,544,0.28944,forward
317.19768476486206,2.070067149949749,3.905584859310385,-2.5544429316610975,-3.324922212651645,0.5643767896134547,-1935.5460717593414,-0.12126456150790832,0.2141456,544,0.289282,still
317.361554145813,2.0616592818374473,3.9117291837396495,-3.268390164614565,-2.944759697918122,1.052069023311008,-1935.0583795256439,-0.12123400693432672,0.2141456,544,0.28913,still
317.4964609146118,2.073139255736288,3.91835858694757,-2.9414410792224444,-2.4823780164692963,1.0250747681149908,-1935.0853737808397,-0.12123569816067742,0.2141456,544,0.28913,still
317.63476514816284,2.0830023326808647,3.9175501231120102,-2.179673504145524,-2.5333975139436227,0.7478105722792541,-1935.3626379766756,-0.12125306913500888,0.21453925,545,0.28898,still
317.7803876399994,2.0817088143519804,3.9012191553997404,-1.9133637037971727,-3.1986317876938277,0.451837493960153,-1935.658611054995,-0.12127161224596046,0.2149329,546,0.28898,still
317.94022512435913,2.0660249055999387,3.9123759547599013,-2.643200795094527,-3.2065631132229555,0.6438523282496391,-1935.4665962207055,-0.12125958225864947,0.2149329,546,0.288823,backward
318.0734395980835,2.0635995590478893,3.9130227257854315,-3.2097118594846648,-2.735157061538277,1.1019429269392393,-1935.0085056220155,-0.12123088226726639,0.2149329,546,0.28867,still
318.21457743644714,2.0763730513764456,3.9246646051485006,-2.782029898548009,-2.1842295292501706,1.0437472573632056,-1935.0667012915917,-0.12123452830414237,0.2149329,546,0.28867,forward
318.3494312763214,2.0859127489662623,3.910759027219168,-2.0162445359435788,-2.708658155568508,0.645813323408864,-1935.4646352255463,-0.12125945939966844,0.21532655,547,0.28867,backward
318.48694109916687,2.0783133287976887,3.900895769934424,-2.086632689473499,-3.3947159232223236,0.38522633138617557,-1935.7252222175694,-0.12127578552477773,0.2157202,548,0.288513,backward
318.62457728385925,2.0632761795108903,3.9135078040580438,-2.887886964028627,-3.172142420618696,0.7623625448467473,-1935.3480860041086,-0.1212521574343792,0.2157202,548,0.288352,still
318.7717297077179,2.0666716646878083,3.925473069056791,-3.128884127354826,-2.4288477899900784,1.1537670419647583,-1934.9566815069907,-0.12122763541684226,0.2157202,548,0.288352,forward
318.9104599952698,2.0825172633060784,3.916256580992289,-2.341385741019161,-2.389565410079302,0.8410990105828854,-1935.2693495383724,-0.12124722448903033,0.21611385,549,0.288203,still
319.0474126338959,2.0820321939330375,3.90202761906879,-2.0025638962972456,-3.123497499520979,0.4771011481750771,-1935.6333474007802,-0.12127002944408602,0.21611385,549,0.288203,still
319.18375515937805,2.0661865953716174,3.9154481171781956,-2.6597962473623413,-2.9988147211045413,0.7401799641747304,-1935.370268584781,-0.12125354720285723,0.21611385,549,0.288044,still
319.320729970932,2.064246318124198,3.9199755146434674,-3.178309114046624,-2.6487608150637945,1.142709311701802,-1934.967739237254,-0.12122832819849762,0.21611385,549,0.288044,forward
319.4606475830078,2.0813854347716982,3.9243412195875003,-2.4558657559785653,-2.1548970996765617,0.9471986834291857,-1935.1632498655267,-0.12124057720199774,0.21611385,549,0.287883,still
319.5991768836975,2.0860744387617403,3.9042913173859097,-1.824957663626989,-2.8363428411816587,0.5422005687821909,-1935.568247980174,-0.12126595087793386,0.2165075,550,0.287883,still
319.73294973373413,2.0716840477234455,3.908171943222587,-2.3457129743084257,-3.049566906849634,0.5922982372358153,-1935.5181503117205,-0.12126281219170663,0.2165075,550,0.287725,still
319.8967604637146,2.073139255736288,3.925473069056791,-2.730358920752274,-2.4978735266169987,0.9682812243368978,-1935.1421673246193,-0.12123925635248872,0.2165075,550,0.287725,forward
320.0398051738739,2.0841341612288242,3.9188436652528695,-2.1173263167761585,-2.3182616021102347,0.795224658460152,-1935.315223890496,-0.1212500985788161,0.21690115,551,0.287566,still
320.17274379730225,2.0815471245617423,3.9109207199717573,-1.9811846611053683,-2.78298194788512,0.5952212238837703,-1935.5152273250724,-0.12126262906266655,0.21690115,551,0.287417,backward
320.3131785392761,2.0728158761765263,3.913831189574769,-2.4584876793597465,-2.9223662163612474,0.6886599613250606,-1935.421788587631,-0.12125677500024509,0.21690115,551,0.287417,backward
320.4482378959656,2.070067149949749,3.9206222857310795,-2.8023170841939806,-2.5780564604751444,0.9868073447559139,-1935.1236412042003,-0.12123809566615744,0.21690115,551,0.287258,forward
320.59955501556396,2.0742710842015444,3.9170650448146374,-2.6787986240400445,-2.338246240543441,1.0016674398767091,-1935.1087811090795,-0.12123716466123584,0.21690115,551,0.287258,forward
320.7382538318634,2.0779899492255454,3.9201372074148746,-2.4064046427993837,-2.0984035747301353,0.9565144720941025,-1935.153934076862,-0.12123999355532356,0.21690115,551,0.287107,still
320.90385127067566,2.0886614755158073,3.9156098099403542,-1.8592966808564846,-2.379856041582435,0.696852904195693,-1935.4135956447603,-0.12125626170136827,0.2172948,552,0.287107,still
321.0608420372009,2.085751059170979,3.907040094000619,-1.6754986765911561,-2.859638523372756,0.4779075180991827,-1935.6325410308568,-0.1212699789239271,0.21768845,553,0.286948,still
321.20053482055664,2.0697437703973263,3.913831189574769,-2.33112591354902,-2.919220686957019,0.6326362409678216,-1935.4778123079884,-0.12126028496158485,0.21768845,553,0.286948,still
321.3433346748352,2.0671567340057346,3.919005358021964,-2.918709560403403,-2.4163545685740364,1.1167055282731473,-1934.993743020683,-0.12122995737046159,0.21768845,553,0.286792,forward
321.4939479827881,2.084457540815702,3.927898460831301,-2.317514657795542,-2.050756718561749,0.9449169657748409,-1935.1655315831813,-0.12124072015467396,0.21768845,553,0.286792,still
321.63257670402527,2.089469924511659,3.9152864244163674,-1.5982255878743745,-2.5479977294588783,0.5705533908947854,-1935.5398951580614,-0.1212641745355408,0.2180821,554,0.286636,backward
321.78480529785156,2.067641803325396,3.910759027219168,-2.486256901264553,-2.9022469565844835,0.6978468827864409,-1935.4126016661698,-0.12125619942727432,0.2180821,554,0.286636,still
321.9204089641571,2.0792834675187666,3.92983877430454,-2.5973818560787425,-2.0099934212870765,1.073426429382455,-1935.037022119574,-0.121232668864146,0.2180821,554,0.286477,forward
322.08368730545044,2.0863978183532783,3.9141545750928137,-1.7660559198554107,-2.467496331264849,0.6360790947714708,-1935.474369454185,-0.12126006926216912,0.21847575,555,0.28632,still
322.2332682609558,2.0671567340057346,3.9156098099403542,-2.579727702669529,-2.7783092996671663,0.804617477016154,-1935.3058310719405,-0.12124951010611577,0.21847575,555,0.28632,backward
322.3740465641022,2.0797685368819208,3.9246646051485006,-2.487003037438724,-2.162409066382185,0.9921900260646515,-1935.1182585228921,-0.12123775843394267,0.21847575,555,0.286162,still
322.5433876514435,2.0886614755158073,3.9148013461328643,-1.6538727241303643,-2.389505831223622,0.6307046011276779,-1935.479743947829,-0.12126040598141573,0.2188694,556,0.286006,still
322.6922516822815,2.068126872646794,3.9148013461328643,-2.361862511612209,-2.737903499181431,0.7207495726263529,-1935.3896989763305,-0.12125476454298961,0.2188694,556,0.286006,still
322.8580083847046,2.073300945516459,3.9275750752570633,-2.7940140477014714,-2.1337940907265436,1.1564588110399154,-1934.953989737917,-0.1212274667738938,0.2188694,556,0.285854,still
322.9940323829651,2.085751059170979,3.9141545750928137,-2.0954860690147523,-2.1955421479445185,0.8288329691802324,-1935.2816155797766,-0.12124799297300186,0.21926305,557,0.285854,still
323.1510634422302,2.0783133287976887,3.909303792460706,-2.076817969904507,-2.891123912239287,0.5256030111061429,-1935.5848455378507,-0.12126699073721861,0.21926305,557,0.285693,still
323.2958686351776,2.0637612488166774,3.917226737580098,-2.954461069314454,-2.7046019824683754,1.0967619560466881,-1935.0136865929098,-0.12123120686205277,0.21926305,557,0.285693,forward
323.43762493133545,2.0726541863969348,3.9262815329733534,-2.9149834766100375,-2.0998413256937742,1.2402748762270124,-1934.8701736727294,-0.12122221558481563,0.21926305,557,0.285537,forward
323.5743215084076,2.084295851022166,3.9160948882288107,-2.1549692370552997,-2.3102996471609734,0.8083211059500837,-1935.3021274430064,-0.1212492780687878,0.2196567,558,0.285378,still
323.7370948791504,2.0750795331110994,3.913669496816241,-2.200317178556431,-2.7990458220752545,0.6054605598145817,-1935.5049879891421,-0.12126198755451553,0.2196567,558,0.285378,still
323.8835172653198,2.0640846283548315,3.9091420997114144,-2.950418483742548,-2.910398465763585,0.9972512115487693,-1935.1131973374079,-0.12123744134387314,0.2196567,558,0.285378,still
324.02834582328796,2.0710372886116497,3.9233710629124383,-2.984701447592087,-2.333555486234079,1.246978007640155,-1934.8634705413165,-0.121221795624628,0.2196567,558,0.28522,forward
324.17020988464355,2.0860744387617403,3.9199755146434674,-2.098392671822474,-2.172166535286136,0.8337127886645895,-1935.276735760292,-0.12124768724575587,0.22005035,559,0.28506,still
324.32454323768616,2.08558936937589,3.907201786745626,-1.7681285584829236,-2.789477050603523,0.4655760604274332,-1935.6448724885292,-0.12127075150631571,0.22005035,559,0.28506,backward
324.46212458610535,2.073947704639076,3.907201786745626,-2.280768651485472,-3.1473760194474893,0.39128809501231376,-1935.7191604539441,-0.12127540574714356,0.22005035,559,0.28491,backward
324.6032860279083,2.068288562420979,3.9201372074148746,-2.7795087385926767,-2.5067328851148876,1.0699769534656782,-1935.0404715954905,-0.12123288497844603,0.22005035,559,0.28491,forward
324.7543613910675,2.0770198105137623,3.919005358021964,-2.6612114838786254,-2.3192361610468604,1.059752499294542,-1935.0506960496618,-0.12123352555423486,0.22005035,559,0.28475,forward
324.90272307395935,2.0841341612288242,3.9123759547599013,-2.050506395482981,-2.3851836534657536,0.7351320111058782,-1935.3753165378507,-0.12125386346389821,0.220444,560,0.284602,backward
325.0531928539276,2.074594463764786,3.9076868649826233,-2.190636195897319,-2.990377616776128,0.4579442776431488,-1935.6525042713133,-0.12127122964775927,0.220444,560,0.284602,backward
325.2213773727417,2.0618209716039253,3.909465485210327,-2.981330829938365,-2.987476143921894,1.009580835790123,-1935.1008677131663,-0.12123666887635143,0.220444,560,0.28445,forward
325.36970019340515,2.0734626352968233,3.9257964546224233,-2.835077492762164,-2.1429947831986658,1.2283854917955195,-1934.8820630571608,-0.12122296047072187,0.220444,560,0.28445,forward
325.5254554748535,2.086559508149339,3.91835858694757,-2.0788116291879324,-2.2929251865918734,0.7814440539151408,-1935.3290044950413,-0.121250961952203,0.22083765,561,0.284292,still
325.6626935005188,2.083325712265026,3.90881871421382,-1.88192369553803,-2.7328731121520775,0.5029528977712634,-1935.607495651185,-0.12126840979724599,0.22083765,561,0.28414,still
325.8274438381195,2.0716840477234455,3.913346111300177,-2.453621198611837,-2.9683575762866115,0.5725376915907301,-1935.5379108573657,-0.1212640502164366,0.22083765,561,0.28414,still
325.98354411125183,2.0734626352968233,3.9257964546224233,-2.699985908919925,-2.4465126483465016,1.0602098807573315,-1935.050238668199,-0.1212334968986718,0.22083765,561,0.283982,still
326.1471004486084,2.0893082347121,3.9257964546224233,-1.8731329660802454,-2.1266035439359086,0.769799112712263,-1935.3406494362441,-0.12125169152341257,0.2212313,562,0.283833,still
326.3162839412689,2.090925132716445,3.916741659284708,-1.4266541256805125,-2.5839714293786376,0.4546506305769172,-1935.6557979183797,-0.12127143599917249,0.2212313,562,0.283833,still
326.4567108154297,2.0752412228935904,3.9091420997114144,-2.106747127475151,-3.0108773181169073,0.38723509796527805,-1935.7232134509914,-0.12127565967285316,0.2212313,562,0.283674,backward
326.6225712299347,2.0734626352968233,3.9230476773567307,-2.630621312119831,-2.3409097864229826,1.0731390818508655,-1935.0373094671056,-0.12123268686685487,0.2212313,562,0.283674,still
326.76269459724426,2.0881764061206303,3.925473069056791,-2.0078694678507722,-1.9381897028313582,0.8909649327085108,-1935.2194836162482,-0.12124410032202197,0.2212313,562,0.283516,forward
326.9458203315735,2.0906017531140195,3.9117291837396495,-1.4511157140441813,-2.6599146578394413,0.41780661504426153,-1935.6926419339125,-0.12127374432623997,0.22162495,563,0.283516,backward
327.08951687812805,2.073947704639076,3.910759027219168,-2.143216143732454,-2.802189734055628,0.5399827851735867,-1935.5704657637832,-0.12126608982505624,0.22162495,563,0.283364,backward
327.23439478874207,2.0779899492255454,3.92983877430454,-2.4184774244835308,-2.055697121927184,1.0551984772010754,-1935.0552500717558,-0.1212338108698367,0.22162495,563,0.283213,still
327.3925862312317,2.0946439982003087,3.9235327556907884,-1.6444998638146013,-1.9740651198708945,0.751440986914399,-1935.3590075620425,-0.12125284168465521,0.2220186,564,0.283213,still
327.5372178554535,2.0901166837118406,3.9123759547599013,-1.319450674057328,-2.6949593382568637,0.36601015243958973,-1935.7444383965171,-0.12127698944420283,0.2220186,564,0.283057,backward
327.67634296417236,2.0715223579452067,3.9149630388937013,-2.252135546319772,-2.944460643585559,0.4669277375399206,-1935.6435208114167,-0.12127066682192884,0.2220186,564,0.283057,backward
327.81717920303345,2.074917843328801,3.9215924423724133,-2.572037214425059,-2.2514079668056315,1.1029787292860347,-1935.0074698196706,-0.12123081737285804,0.2220186,564,0.282896,still
327.9514226913452,2.0906017531140195,3.9274133824704416,-1.8455971231611916,-1.8600926098280295,0.8647522635752896,-1935.2456962853814,-0.12124574258095588,0.22241225,565,0.282896,forward
328.08897376060486,2.0884997857172207,3.9149630388937013,-1.5391558795519753,-2.5614181313445474,0.4696472315854807,-1935.6408013173711,-0.12127049644197364,0.22241225,565,0.28274,still
328.25933861732483,2.0792834675187666,3.909465485210327,-1.9525161205838892,-2.8126695016509884,0.44086726851474256,-1935.669581280442,-0.12127229954532155,0.22241225,565,0.28258,backward
328.3971347808838,2.072330806838332,3.9209456712768684,-2.3977828930822374,-2.549291216959111,0.8524181199415581,-1935.258030429015,-0.12124651533162359,0.22241225,565,0.28258,backward
328.54565048217773,2.073300945516459,3.9256347618394414,-2.5715829874324334,-2.2384027268683377,1.1293211410103703,-1934.9811274079461,-0.12122916698537647,0.22241225,565,0.282422,forward
328.6922264099121,2.076534741160484,3.924179526807496,-2.4923739340563027,-1.971240984365085,1.157585790941922,-1934.9528627580146,-0.12122739616708898,0.22241225,565,0.282422,forward
328.85900235176086,2.0799302266700264,3.930808931059044,-2.2959882423698508,-1.7675137041306777,1.1011474408083586,-1935.009301108148,-0.1212309321055412,0.22241225,565,0.282263,still
328.998055934906,2.0838107816427227,3.9285452319837493,-2.0050555007253834,-1.7455320094935802,0.9689548849436705,-1935.1414936640128,-0.12123921414674675,0.2228059,566,0.282263,still
329.15320205688477,2.0884997857172207,3.9266049185422953,-1.6974958035596723,-1.7065476687563925,0.8582021754692795,-1935.2522463734872,-0.12124615295277477,0.2228059,566,0.282104,still
329.2984268665314,2.0901166837118406,3.92725168968415,-1.5380479507405955,-1.7876483872526263,0.7763238915671173,-1935.3341246573896,-0.1212512827372523,0.22319955,567,0.281946,still
329.43697714805603,2.09254203074025,3.9194904363312286,-1.3809262182591928,-2.018639473080588,0.6432131803755318,-1935.467235368581,-0.12125962230212245,0.22319955,567,0.281946,still
329.58722829818726,2.0943206185889256,3.922885984579372,-1.2400528628668352,-1.981196381233298,0.6180710883030982,-1935.4923774606534,-0.12126119748796538,0.22319955,567,0.281787,backward
329.722913980484,2.092380340936993,3.92126905682398,-1.2730172759657277,-2.248857076757832,0.5180623576572676,-1935.5923861912993,-0.12126746316928688,0.22319955,567,0.281787,backward
329.8688106536865,2.090925132716445,3.9117291837396495,-1.3889850748905241,-2.6613729845833665,0.3394054824174598,-1935.771043066539,-0.12127865626251903,0.22319955,567,0.281628,still
330.0006494522095,2.084295851022166,3.911244105477924,-1.6175358585938142,-2.7708496247423793,0.32015887173453234,-1935.790289677222,-0.12127986208853321,0.22319955,567,0.281628,still
330.14813709259033,2.076534741160484,3.9185202797156724,-2.0788212615845687,-2.703460315398761,0.5281957844646696,-1935.582252764492,-0.12126682829648469,0.22319955,567,0.281477,backward
330.299959897995,2.0716840477234455,3.9248262979294966,-2.5199266132358042,-2.4006011401656604,1.0851561162910655,-1935.0252924326658,-0.12123193398350415,0.22319955,567,0.281477,still
330.44386649131775,2.074594463764786,3.922562599025649,-2.6077277672831602,-2.2146171601188085,1.2428538158397602,-1934.8675947331174,-0.12122205401078455,0.22319955,567,0.281318,forward
330.59268712997437,2.083325712265026,3.9324258590097214,-2.179621937062242,-1.6876686593491248,1.1023387325521568,-1935.0081098164053,-0.12123085746951322,0.22319955,567,0.281167,forward
330.7255835533142,2.092865410347347,3.9259581474057357,-1.5108016996496905,-1.892053992050737,0.7349464775485864,-1935.3755020714088,-0.12125387508782488,0.2235932,568,0.281167,still
330.86899304389954,2.0922186511339316,3.9156098099403542,-1.2932295224006003,-2.4486475498007274,0.41516566462615284,-1935.6952828843314,-0.12127390978533141,0.22398685,569,0.281016,backward
331.014044046402,2.0742710842015444,3.917388430345889,-2.1224472480367917,-2.587682390183655,0.6322351444066269,-1935.4782134045508,-0.12126031009082329,0.22398685,569,0.281016,still
331.1605215072632,2.0851042999917873,3.927898460831301,-2.109226532763071,-1.963087735929791,0.9866734889166536,-1935.123775060041,-0.12123810405240568,0.22398685,569,0.281016,forward
331.30824041366577,2.091895271528392,3.911405798231503,-1.395273599215182,-2.324386581929915,0.5002334628883194,-1935.6102150860695,-0.12126858017349465,0.2243805,570,0.28086,backward
331.4514148235321,2.073300945516459,3.92046059295868,-2.2085632553577157,-2.5074827602194576,0.7558813572200703,-1935.3545671917377,-0.12125256348949064,0.2243805,570,0.2807,still
331.6080629825592,2.0910868225179495,3.924017834027823,-1.961661869036164,-1.9451453985591718,0.9166926356396102,-1935.1937559133182,-0.12124248844687212,0.2243805,570,0.2807,forward
331.7609417438507,2.0946439982003087,3.9118908764942173,-1.2458222547196802,-2.484496286464353,0.37224918622965086,-1935.7381993627282,-0.12127659856035475,0.22477415,571,0.280542,still
331.89999556541443,2.074756153546697,3.9219158279221693,-2.000552272008936,-2.4018725719138603,0.6993178495815429,-1935.4111306993764,-0.1212561072692287,0.22477415,571,0.28039,still
332.05607080459595,2.0810620551921923,3.9333960157960344,-2.2750513340408762,-1.768367931156373,1.174422971690753,-1934.9360255772674,-0.12122634129509699,0.22477415,571,0.28039,still
332.1964690685272,2.096099206461178,3.9211073640502585,-1.4409061153829994,-1.731157620132392,0.7740770544199582,-1935.3363714945383,-0.12125142350461796,0.2251678,572,0.280232,backward
332.3350007534027,2.0901166837118406,3.9104356417149795,-1.2922318894014275,-2.636414795403131,0.2799364494012474,-1935.830512099557,-0.12128238207732522,0.2251678,572,0.280232,backward
332.4754559993744,2.0763730513764456,3.9123759547599013,-2.039806077276542,-2.71030095480188,0.4425418131701216,-1935.667906735788,-0.12127219463284948,0.2251678,572,0.280073,backward
332.6425449848175,2.077504879868783,3.9233710629124383,-2.3504408838944317,-2.136392431373529,1.12848180738312,-1934.9819667415748,-0.12122921957075582,0.2251678,572,0.280073,still
332.78173899650574,2.092865410347347,3.930485545472884,-1.7503371237603067,-1.6793129057996816,0.9252840559550987,-1935.1851644930027,-0.1212419501828481,0.2251678,572,0.279915,still
332.9182984828949,2.100303141525772,3.926766611327262,-0.9626152095140339,-2.050362076195062,0.5004878309253097,-1935.6099607180324,-0.12126856423699542,0.22556145,573,0.279915,still
333.0558261871338,2.093835549173313,3.9191670507913883,-1.0055524901212978,-2.4035237397619804,0.3452115630064786,-1935.7652369859513,-0.12127829250377063,0.2259551,574,0.279756,still
333.19540762901306,2.076049671808948,3.9160948882288107,-1.9332653368470387,-2.5478671958419152,0.5367965177738834,-1935.5736520311839,-0.12126628944898915,0.2259551,574,0.279756,still
333.3770055770874,2.0781516390115202,3.9266049185422953,-2.360824071272187,-2.005308252176567,1.2204199892818874,-1934.8900285596758,-0.12122345952015486,0.2259551,574,0.2796,forward
333.51927852630615,2.0893082347121,3.9257964546224233,-1.8483714842749086,-1.773999959451282,0.9522116962698242,-1935.1582368526879,-0.12124026313000918,0.2259551,574,0.2796,forward
333.6652796268463,2.0930271001511875,3.9180352014123545,-1.4009494500836306,-2.204107328212308,0.542322918016008,-1935.5681256309415,-0.1212659432125901,0.22634875,575,0.279448,still
333.815984249115,2.0802536062468193,3.9175501231120102,-1.778945561657168,-2.724434355332589,0.2815624811010763,-1935.8288860678567,-0.12128228020425487,0.22634875,575,0.27929,backward
333.9493079185486,2.068935321519648,3.9256347618394414,-2.539177767744963,-2.3454005920589065,1.3309315235888954,-1934.779517025369,-0.12121653582407507,0.22634875,575,0.27929,still
334.0902695655823,2.077666569654177,3.9346895581963484,-2.582565549333866,-1.6307849052145071,1.4868394772025322,-1934.6236090717555,-0.12120676798134253,0.22634875,575,0.279138,forward
334.2429051399231,2.0907634429151347,3.9180352014123545,-1.8241315401458131,-1.9617494096594863,0.8576308004876976,-1935.2528177484703,-0.12124618875018502,0.2267424,576,0.279138,forward
334.3856987953186,2.0933504797594535,3.9109207199717573,-1.3031541146332875,-2.590822668677459,0.25997918883512966,-1935.8504693601228,-0.1212836324265092,0.22713605,577,0.27899,still
334.5222396850586,2.0786367083706065,3.9191670507913883,-1.8996278422361101,-2.431299318102941,0.5964604522317655,-1935.513988096726,-0.12126255142334594,0.22713605,577,0.278838,still
334.6587247848511,2.073947704639076,3.9317790878254746,-2.4231164099019087,-1.945400787038871,1.3349390749201366,-1934.7755094740378,-0.12121628474560066,0.22713605,577,0.278838,still
334.79818320274353,2.08558936937589,3.9333960157960344,-2.051550863778024,-1.6132996539373448,1.139306844607614,-1934.9711417043502,-0.1212285413676319,0.22713605,577,0.27868,forward
334.9556550979614,2.0936738593684985,3.9211073640502585,-1.4031044044610317,-1.9251919297262008,0.6741215051496172,-1935.4363270438084,-0.12125768585405483,0.2275297,578,0.27868,still
335.0934751033783,2.08558936937589,3.9160948882288107,-1.5347015341500323,-2.4470490926851807,0.4011514212462625,-1935.7092971277118,-0.12127478779650522,0.2275297,578,0.278528,backward
335.2349886894226,2.0728158761765263,3.924179526807496,-2.2733580161671636,-2.2782055754262975,1.0562940475619487,-1935.0541545013962,-0.12123374223088192,0.2275297,578,0.27837,forward
335.3747799396515,2.082355573514871,3.923856141248481,-2.1871950132154305,-1.970986670773669,1.129061268799686,-1934.9813872801587,-0.12122918326671969,0.2275297,578,0.27837,forward
335.5478401184082,2.0964225860768493,3.9214307495980307,-1.2801416882262244,-1.8922279651156702,0.6411033003696415,-1935.4693452485888,-0.12125975448893925,0.22792335,579,0.27837,backward
335.7014088630676,2.0863978183532783,3.9156098099403542,-1.4186157628279537,-2.4376661118196346,0.35953611161857346,-1935.7509124373398,-0.12127739505155725,0.22792335,579,0.278213,backward
335.86365389823914,2.0768581207291428,3.9303238526803015,-2.1471903016607623,-1.9938715213267169,1.1005749892069032,-1935.0098735597517,-0.12123096797040318,0.22792335,579,0.278062,forward
336.00978422164917,2.0931887899552235,3.928060153618916,-1.7210076339139873,-1.6571887340676044,0.9470784439292461,-1935.1633701050296,-0.12124058473516414,0.22792335,579,0.278062,forward
336.14255261421204,2.0996563822764776,3.9181968941797973,-0.9703357451881894,-2.0631866160668344,0.4579910545040409,-1935.6524574944547,-0.12127122671712624,0.228317,580,0.277903,backward
336.276141166687,2.083487402057397,3.919813821872391,-1.5139954804906421,-2.418855972741359,0.3899454477435573,-1935.720503101215,-0.12127548986579871,0.228317,580,0.277903,backward
336.4156165122986,2.0778282594397646,3.934527865395148,-2.194952047961634,-1.9549627190799395,1.1841078903837163,-1934.9263406585746,-0.12122573452193067,0.228317,580,0.277744,forward
336.54828214645386,2.0931887899552235,3.932102473416935,-1.7039335027656757,-1.5483548142362398,0.9871858234209908,-1935.1232627255374,-0.12123807195396077,0.228317,580,0.277744,forward
336.6911518573761,2.0964225860768493,3.917226737580098,-1.072230108251133,-2.1631473528216487,0.422624005496713,-1935.6878245434616,-0.12127344251025678,0.22871065,581,0.277588,still
336.8300247192383,2.078798398157356,3.923856141248481,-1.8050114261641668,-2.3465512946911367,0.5779752323215009,-1935.5324733166367,-0.12126370954720543,0.22871065,581,0.277437,backward
336.9666962623596,2.073947704639076,3.930485545472884,-2.429500032594756,-1.8229632474629112,1.47486628372703,-1934.6355822652313,-0.12120751811799796,0.22871065,581,0.277437,forward
337.1073558330536,2.083649091849963,3.9303238526803015,-2.1213156999503275,-1.5486379507813253,1.2605003609294565,-1934.8499481880287,-0.12122094843102929,0.22871065,581,0.277278,forward
337.25043082237244,2.0964225860768493,3.9230476773567307,-1.3504554868239824,-1.6552801155869614,0.7714592746543095,-1935.338989274304,-0.12125158751203687,0.2291043,582,0.277278,forward
337.3966462612152,2.099494692464642,3.9215924423724133,-0.9421980484526634,-1.8433323924915648,0.5394876973245218,-1935.5709608516336,-0.12126612084297514,0.22949795,583,0.27712,backward
337.5433714389801,2.0951290676188443,3.916579966520238,-0.9641272393501503,-2.2922194279348562,0.30365785899170555,-1935.8067906899662,-0.12128089589914824,0.22949795,583,0.27712,backward
337.67978262901306,2.084457540815702,3.9156098099403542,-1.5233712345087067,-2.488963708297965,0.2828600574597042,-1935.8275884914983,-0.12128219890935292,0.22949795,583,0.276968,backward
337.8269488811493,2.077181500298576,3.9288686175619603,-2.158219349205382,-1.9949764094243194,1.1875801198831382,-1934.922868429075,-0.1212255169820881,0.22949795,583,0.276968,forward
337.9778296947479,2.0868828877420422,3.932102473416935,-1.9764245921661856,-1.6322787576868287,1.15976457550474,-1934.9506839734536,-0.12122725966330938,0.22949795,583,0.27682,forward
338.15671730041504,2.100626521151591,3.9235327556907884,-1.0612810977964044,-1.7478949905586385,0.6177565737759706,-1935.4926919751822,-0.1212612171927231,0.2298916,584,0.27666,backward
338.2931339740753,2.0922186511339316,3.919652129101644,-1.084447101350453,-2.3310707186706616,0.28714949587324295,-1935.8232990530848,-0.12128193017027411,0.2298916,584,0.27666,backward
338.42689323425293,2.0802536062468193,3.9259581474057357,-1.868403162233185,-2.0888153157270986,0.849046985534949,-1935.2614015634233,-0.12124672653772288,0.2298916,584,0.276501,still
338.58287596702576,2.093835549173313,3.9303238526803015,-1.6272825024900666,-1.490512799354939,0.9944753707709553,-1935.1159731781875,-0.1212376152540269,0.2298916,584,0.276501,forward
338.72076058387756,2.0970693453105316,3.9146396533723564,-0.9797907341457587,-2.1425085723905,0.3756815216867243,-1935.7347670272718,-0.12127638351992759,0.23028525,585,0.276343,backward
338.88376665115356,2.0773431900835826,3.926766611327262,-1.907896679567391,-2.1730869210075285,0.8208013422752279,-1935.2896472066834,-0.12124849616521687,0.23028525,585,0.276343,backward
339.0222201347351,2.0893082347121,3.939702035198055,-1.884444266223191,-1.3406731858444214,1.2078097784599378,-1934.9026387704987,-0.12122424956680282,0.23028525,585,0.276194,forward
339.1651656627655,2.09836286378726,3.921754135147126,-1.115340170819471,-1.8421054719955248,0.582910765684461,-1935.5275377832743,-0.12126340032941012,0.2306789,586,0.276035,forward
339.3151171207428,2.0797685368819208,3.922724291802345,-1.7016434365570763,-2.1993061025938143,0.6139032401112943,-1935.4965453088473,-0.12126145860925361,0.2306789,586,0.276035,backward
339.45860147476196,2.0797685368819208,3.9363064862265826,-2.1947839026225173,-1.5543352504332177,1.4103656604638917,-1934.700082888495,-0.12121155916869222,0.2306789,586,0.27588,forward
339.6000144481659,2.095937516653635,3.9322641662131628,-1.4330857343316086,-1.417509326184328,0.9231831546149902,-1935.187265394344,-0.12124208180713937,0.23107255,587,0.27588,forward
339.7462284564972,2.0949673778124707,3.919813821872391,-1.1079074860228049,-1.9395344126875962,0.5144664180395577,-1935.5959821309193,-0.12126768845973467,0.23107255,587,0.27572,forward
339.89801955223083,2.0781516390115202,3.922724291802345,-1.901974744551457,-2.1299914730725718,0.8518156625836256,-1935.2586328863752,-0.1212465530763865,0.23107255,587,0.27572,still
340.06071519851685,2.0849426101974746,3.9333960157960344,-2.064861779094931,-1.3788886488756438,1.3494180496913186,-1934.7610304992677,-0.12121537761838098,0.23107255,587,0.275562,forward
340.2436029911041,2.1001414517131556,3.924017834027823,-1.1786545562663346,-1.654352388056215,0.6931509239346647,-1935.4172976250243,-0.12125649363540486,0.2314662,588,0.275562,forward
340.41832447052,2.0899549939115034,3.9146396533723564,-1.202362537949943,-2.3490914877852,0.23010199113767466,-1935.8803465578214,-0.12128550427308052,0.2314662,588,0.275254,still
340.55564522743225,2.0799302266700264,3.930808931059044,-1.8861755123692832,-2.0051972745993045,0.9481357191847363,-1935.1623128297745,-0.12124051849544912,0.2314662,588,0.275254,backward
340.7004508972168,2.083649091849963,3.9374383358674816,-2.0626535542424356,-1.4284952668179247,1.3569849531962392,-1934.7534635957632,-0.12121490354171145,0.2314662,588,0.275254,still
340.8476622104645,2.0998180720885085,3.9319407806210394,-1.2981198291309093,-1.2288489816256998,0.9295486754817048,-1935.1808998734775,-0.12124168299870597,0.23185985,589,0.275093,still
341.0127465724945,2.0967459656933003,3.9194904363312286,-0.8753756299888844,-2.09927732917997,0.3240589032768002,-1935.7863896456824,-0.12127961774631817,0.23185985,589,0.274934,still
341.19222378730774,2.078798398157356,3.9235327556907884,-1.6527071219248792,-2.1969163799478957,0.5350443572161231,-1935.5754041917432,-0.12126639922420196,0.23185985,589,0.274934,still
341.3247275352478,2.076696430944717,3.931294009440768,-2.2901204913229303,-1.7146162935669889,1.577265857091277,-1934.533182691868,-0.12120110264716848,0.23185985,589,0.274778,forward
341.4670431613922,2.089146544912735,3.928060153618916,-1.8681163719645482,-1.4865953610972584,1.200388171348887,-1934.9100603776105,-0.12122471454045819,0.23185985,589,0.274778,still
341.6138517856598,2.095614137039134,3.923856141248481,-1.2260281081557396,-1.6706996531862586,0.6941228924600625,-1935.4163256564993,-0.12125643274027108,0.2322535,590,0.27462,backward
341.7661991119385,2.0886614755158073,3.913992882333626,-1.3648272710286422,-2.4308688348964025,0.12036684168607761,-1935.9900817072732,-0.12129237932760618,0.2322535,590,0.27462,backward
341.90170550346375,2.0762113615926,3.9282218464068634,-2.084576115528623,-2.090298954778816,1.1971916463993322,-1934.9132569025599,-0.1212249148070403,0.2322535,590,0.274468,forward
342.0551919937134,2.081870504142412,3.935659715010509,-2.1712568268888317,-1.5431527131062373,1.4820226844544926,-1934.628425864505,-0.12120706975987894,0.2322535,590,0.27431,forward
342.2159378528595,2.0988479332192527,3.9387318783341305,-1.2973893208470446,-1.3217506901844098,0.8963691272934665,-1935.2140794216662,-0.12124376174197168,0.23264715,591,0.27431,still
342.39199113845825,2.0949673778124707,3.91835858694757,-1.0336216655369534,-1.9945876143124832,0.4024214001945639,-1935.7080271487648,-0.12127470823061817,0.23264715,591,0.27416,still
342.5372440814972,2.0812237449818487,3.922724291802345,-1.7503502278927583,-2.1534884590841377,0.6295087549992474,-1935.4809397939603,-0.12126048090278228,0.23264715,591,0.27416,still
342.6701934337616,2.0807386756134614,3.9353363294044623,-2.079615781547588,-1.5031800307565697,1.4198070849516355,-1934.690641464008,-0.12121096765076499,0.23264715,591,0.27401,still
342.8085355758667,2.095614137039134,3.934204479793744,-1.5109046095323189,-1.2186783027750474,1.0564639951239643,-1935.0539845538356,-0.12123373158343896,0.23264715,591,0.27385,forward
342.9758496284485,2.100303141525772,3.9185202797156724,-0.8551057478162039,-1.778495555072255,0.47332669127332216,-1935.6371218576862,-0.12127026591888158,0.2330408,592,0.27385,still
343.1164782047272,2.087367957132555,3.9219158279221693,-1.3194824349170922,-2.1497171270803825,0.34912665429307044,-1935.7613218946665,-0.12127804721804229,0.2330408,592,0.273694,backward
343.2806918621063,2.082355573514871,3.9351746366019364,-1.8970267835464771,-1.665712723548621,1.2106684319687757,-1934.8997801169908,-0.12122407046832039,0.2330408,592,0.273694,still
343.42621636390686,2.0965842758849775,3.937114950254137,-1.4529956509636563,-1.2287959723420347,1.0275311418726172,-1935.0829174070868,-0.12123554426556205,0.2330408,592,0.273535,forward
343.57401418685913,2.103213558186276,3.928060153618916,-0.7728929943779483,-1.5863572414343077,0.5474188829861185,-1935.5630296659733,-0.12126562394353917,0.23343445,593,0.273535,still
343.7137551307678,2.0899549939115034,3.918681972484106,-1.0785126784717967,-2.164711243624712,0.24746238004257165,-1935.8629861689171,-0.12128441662139462,0.23343445,593,0.273376,backward
343.8449053764343,2.0779899492255454,3.928060153618916,-1.9817395929605357,-1.8960926093389463,1.245936121647802,-1934.8645124273119,-0.1212218609001852,0.23343445,593,0.273376,forward
344.01603960990906,2.0930271001511875,3.942774198679333,-1.6696629091405537,-1.0839664039137022,1.2198112868445246,-1934.8906372621152,-0.1212234976561804,0.23343445,593,0.273225,forward
344.15783953666687,2.099333002653002,3.9257964546224233,-1.0078479088575616,-1.6775705807277292,0.5732943816431119,-1935.5371541673167,-0.12126400280878853,0.2338281,594,0.273074,backward
344.3009543418884,2.0863978183532783,3.9230476773567307,-1.3735552575157488,-2.1000758207898644,0.3856203529697156,-1935.72482819599,-0.12127576083879647,0.2338281,594,0.273074,backward
344.43654680252075,2.0807386756134614,3.936144793422067,-1.9990045027132128,-1.7274511894971836,1.3687880997551871,-1934.7416604492046,-0.12121416405872382,0.2338281,594,0.272915,forward
344.5911011695862,2.0986862434083933,3.936953257447963,-1.3825370671630366,-1.2610590538877906,0.9862544071081728,-1935.1241941418516,-0.12123813030844409,0.2338281,594,0.272915,forward
344.73512506484985,2.1045070767223844,3.930808931059044,-0.6319078997199109,-1.5344861918632366,0.5201750996752672,-1935.5902734492845,-0.12126733080316152,0.23422175,595,0.272764,still
344.8818185329437,2.0973927249285436,3.9175501231120102,-0.7530267324356796,-2.1454980496329936,0.17338311227158532,-1935.9370654366878,-0.1212890577870347,0.2346154,596,0.272612,backward
345.04120779037476,2.091571891923631,3.921754135147126,-1.2077160871059038,-2.025266697441894,0.37890379326052087,-1935.731544755699,-0.1212761816402849,0.2346154,596,0.272612,backward
345.17810583114624,2.084457540815702,3.9343661725942805,-1.634347960695865,-1.6543915694248994,1.0058477227903562,-1935.1046008261694,-0.12123690276089594,0.2346154,596,0.272454,still
345.3208827972412,2.0841341612288242,3.934042786993539,-1.8241802252956163,-1.3957901199474771,1.3062056915916604,-1934.804242857368,-0.12121808493066522,0.2346154,596,0.272454,forward
345.4731512069702,2.0881764061206303,3.939540342386571,-1.6926953091448116,-1.2254382493300429,1.2375029219312557,-1934.8729456270285,-0.12122238925147617,0.2346154,596,0.272297,still
345.6066007614136,2.09254203074025,3.939540342386571,-1.4160381333999246,-1.1140481410832028,1.0764582406176062,-1935.033990308342,-0.12123247891709955,0.2346154,596,0.272297,backward
345.73896503448486,2.0970693453105316,3.9403488064473104,-1.1008131341071663,-0.9899334151190813,0.9446892463291069,-1935.1657593026307,-0.12124073442160337,0.23500905,597,0.272146,still
345.87976598739624,2.1001414517131556,3.9335577085949134,-0.787370276729383,-1.0818195671567403,0.7710668406752611,-1935.3393817082845,-0.12125161209855291,0.2354027,598,0.271987,forward
346.01670479774475,2.1025667989229144,3.944391126875534,-0.6277716196117543,-0.9443559667543991,0.7648723096307972,-1935.345576239329,-0.12125200019424426,0.2354027,598,0.271987,forward
346.16656517982483,2.10353693781913,3.938570185524638,-0.5493361444567763,-1.0097616522402897,0.7132346325990163,-1935.3972139163607,-0.12125523536407766,0.2354027,598,0.271987,backward
346.3076591491699,2.1043453869046864,3.938893571143955,-0.49324109431512425,-1.1180126602391367,0.6515728571722774,-1935.4588756917874,-0.12125909855714138,0.2354027,598,0.271836,backward
346.4553656578064,2.105315525813809,3.932102473416935,-0.43228359294469015,-1.358090445387552,0.5265691845204401,-1935.5838793644393,-0.12126693020515647,0.2354027,598,0.271677,still
346.5966076850891,2.1033752480026053,3.9317790878254746,-0.4983232662226701,-1.568278116262479,0.43655783233900713,-1935.6738907166207,-0.12127256953728721,0.2354027,598,0.271677,still
346.77509593963623,2.0969076555018185,3.9207839785038083,-0.805874151541986,-2.012733994416172,0.20709514079295016,-1935.9033534081666,-0.12128694568316085,0.2354027,598,0.271526,backward
346.91145396232605,2.0867211979455935,3.9288686175619603,-1.3181798123360136,-1.811661859225271,0.6021773075423291,-1935.508271241417,-0.1212621932546811,0.2354027,598,0.271526,backward
347.075581073761,2.0781516390115202,3.9285452319837493,-2.004386150670864,-1.7381947238610105,1.6586930333752596,-1934.4517555155842,-0.12119600112518926,0.2354027,598,0.271367,forward
347.21092343330383,2.0815471245617423,3.943420969953827,-2.1413315940464543,-1.2217838134817263,1.745483785772421,-1934.364964763187,-0.12119056356796136,0.2354027,598,0.271367,forward
347.3476884365082,2.0951290676188443,3.9377617214821528,-1.5292823243178395,-0.9606190791756012,1.2436301218230987,-1934.8668184271362,-0.12122200537417198,0.2354027,598,0.271216,still
347.48868346214294,2.100626521151591,3.9287069247726896,-0.9019093469777288,-1.3891701334791455,0.6691156902119922,-1935.4413328587473,-0.1212579994750853,0.23579635,599,0.271064,backward
347.6389229297638,2.0886614755158073,3.9215924423724133,-1.164030749542864,-1.8559563583627698,0.4311016630473206,-1935.679346885912,-0.12127291137362287,0.23619,600,0.271064,backward
347.7800045013428,2.086559508149339,3.940833884887738,-1.74597970932226,-1.2741525999460115,1.3673546241184287,-1934.7430939248409,-0.1212142538678981,0.23619,600,0.270906,forward
347.9181778430939,2.1019200396626805,3.928060153618916,-0.9793850900904515,-1.4025152562243606,0.6950416875894043,-1935.41540686137,-0.12125637517652196,0.23658365,601,0.270906,backward
348.0796332359314,2.084457540815702,3.92935369593176,-1.3990064748517623,-1.6466424143725358,0.8038962057109464,-1935.3065523432483,-0.12124955529473212,0.23658365,601,0.270747,backward
348.23313999176025,2.088338095918828,3.9422891202269508,-1.7942867126841924,-1.1067277744633042,1.4525562218890054,-1934.65789232707,-0.12120891587334233,0.23658365,601,0.270588,forward
348.383686542511,2.10353693781913,3.930808931059044,-0.848869533518229,-1.2454965482533396,0.7153410737753049,-1935.3951074751833,-0.12125510339270823,0.2369773,602,0.270588,forward
348.5365698337555,2.0907634429151347,3.926443225757659,-1.0959141206179366,-1.7423416740019657,0.48304262536569526,-1935.6274059235932,-0.12126965720255878,0.2369773,602,0.27043,still
348.6845021247864,2.084780920403356,3.938893571143955,-1.6818114699127633,-1.3655957653158048,1.3023233811348842,-1934.8081251678238,-0.12121832816263058,0.2369773,602,0.27043,still
348.83650493621826,2.0964225860768493,3.944391126875534,-1.3615945905433917,-0.8301951439523373,1.1853472412088,-1934.92510130775,-0.12122565687493662,0.2369773,602,0.270273,still
349.00448346138,2.10369862763585,3.932102473416935,-0.650213683093906,-1.2926902579818111,0.6006250983432634,-1935.5098234506154,-0.12126229050267254,0.23737095,603,0.270273,backward
349.13871455192566,2.09254203074025,3.9207839785038083,-0.9759701785851359,-1.8934481269557595,0.26199040982810223,-1935.8484581391306,-0.12128350642081227,0.23737095,603,0.270115,backward
349.2907359600067,2.081870504142412,3.9335577085949134,-1.7137777308873805,-1.5447380953204495,1.3086822472573731,-1934.8017663017015,-0.12121792977112585,0.23737095,603,0.269956,forward
349.42449498176575,2.084295851022166,3.9460080551049646,-1.8589462953728086,-0.9343292659320395,1.560784158982115,-1934.549664389977,-0.12120213524769566,0.23737095,603,0.269956,forward
349.57132863998413,2.0998180720885085,3.9432592771347053,-1.210561529047694,-0.7081068523297064,1.1321874832004235,-1934.9782610657583,-0.12122898740518791,0.23737095,603,0.269805,forward
349.70453119277954,2.1015966600337355,3.9332343229974867,-0.7758686529902898,-1.3107154101777148,0.6289877023494355,-1935.4814608466093,-0.12126051354743071,0.2377646,604,0.269805,still
349.8473746776581,2.0922186511339316,3.9266049185422953,-1.0291595090875743,-1.7509749394078717,0.3955490264415288,-1935.7148995225173,-0.12127513879406575,0.2377646,604,0.269805,still
349.9902813434601,2.083487402057397,3.931132316646529,-1.6177390709058224,-1.560455345070815,1.1675372863899274,-1934.9429112625687,-0.12122677269253097,0.2377646,604,0.269646,forward
350.1317446231842,2.0880147163226264,3.9418040417775577,-1.7167437610779146,-1.1151435635393374,1.441576304525824,-1934.6688722444328,-0.12120960377991498,0.2377646,604,0.269495,forward
350.2782235145569,2.0988479332192527,3.940833884887738,-1.1288879258694824,-0.849983796310761,1.0443324399046885,-1935.066116109054,-0.12123449164167029,0.23815825,605,0.269495,forward
350.4390866756439,2.100949900778191,3.931617395030241,-0.6912774176150226,-1.2687369363426613,0.6080338276044525,-1935.5024147213544,-0.12126182633583184,0.23815825,605,0.269336,still
350.5858647823334,2.0880147163226264,3.9257964546224233,-1.1704404501146988,-1.8351761777490496,0.3278255194180268,-1935.782623029541,-0.12127938176275703,0.23815825,605,0.269336,backward
350.72367119789124,2.0815471245617423,3.9324258590097214,-1.8289398753758581,-1.4965501400389936,1.5951051483791938,-1934.51534340058,-0.1211999849916049,0.23815825,605,0.269187,backward
350.8624703884125,2.0901166837118406,3.948918526001716,-1.6191039902345774,-0.8315840734395749,1.410197689392175,-1934.700250859567,-0.12121156969230554,0.23815825,605,0.269028,still
351.0052046775818,2.1025667989229144,3.9300004670961295,-0.8484615441817417,-1.0617171480054928,0.7894103241766588,-1935.3210382247823,-0.12125046285466981,0.2385519,606,0.269028,still
351.17078399658203,2.09723103511944,3.9296770815132827,-0.7448197784172957,-1.5508530108614131,0.42185119612680744,-1935.6885973528324,-0.12127349092780201,0.2385519,606,0.26887,still
351.3177845478058,2.0830023326808647,3.9290303103515622,-1.519199820066424,-1.6694118327854706,0.9110096562002574,-1935.199438892759,-0.12124284449316833,0.2385519,606,0.26887,backward
351.47331643104553,2.0897933041113608,3.9461697479297357,-1.639591330417959,-1.020522599118453,1.4204933422163168,-1934.6899552067428,-0.12121092465582545,0.2385519,606,0.268713,forward
351.61123180389404,2.1027284887384616,3.9418040417775577,-0.9354013803448019,-0.8586522101336511,0.9319173675145845,-1935.1785311814444,-0.12124153459696813,0.23894555,607,0.268555,forward
351.7710449695587,2.100303141525772,3.931455702235339,-0.6910917627996938,-1.369589610338572,0.5229832264342394,-1935.5874653225248,-0.12126715487024772,0.23894555,607,0.268555,backward
351.9139258861542,2.0863978183532783,3.922562599025649,-1.3222279971593844,-1.8193532009049473,0.36710496321227004,-1935.7433435857467,-0.12127692085283734,0.23894555,607,0.268555,backward
352.05958008766174,2.0860744387617403,3.939216956764599,-1.7695732847135017,-1.2131494718188498,1.575958218410233,-1934.534490330549,-0.12120118457248845,0.23894555,607,0.268396,forward
352.1984224319458,2.1017583498481103,3.939216956764599,-1.094785533425233,-0.9552897269709025,0.9912164167922338,-1935.119232132167,-0.12123781943187163,0.23894555,607,0.268245,still
352.35960626602173,2.104668766540278,3.9282218464068634,-0.4656954483754808,-1.3757047711169013,0.43111729973566093,-1935.6793312492239,-0.12127291039396333,0.2393392,608,0.268245,backward
352.5033628940582,2.0941589287835267,3.9256347618394414,-0.8744645750873549,-1.8891992490801486,0.08696136211679784,-1936.0234871868427,-0.12129447222577638,0.2393392,608,0.268088,backward
352.66081976890564,2.0867211979455935,3.94196573459369,-1.5696145819006952,-1.2167588306343722,1.3506120319530277,-1934.7598365170063,-0.12121530281378838,0.2393392,608,0.267937,forward
352.8152060508728,2.103213558186276,3.9332343229974867,-1.0324140067835725,-1.0621590519241186,0.903623050226638,-1935.2068254987328,-0.12124330727395535,0.2393392,608,0.267937,backward
352.97199296951294,2.1040220072698768,3.928060153618916,-0.5390256237820056,-1.351350285155381,0.4634800066020307,-1935.6469685423574,-0.12127088282690378,0.23973285,609,0.267786,backward
353.1151821613312,2.0867211979455935,3.9262815329733534,-1.1897271263615152,-1.7284119530340647,0.38365696915003833,-1935.7267915798093,-0.12127588384743025,0.23973285,609,0.26763,backward
353.26294112205505,2.087206267335523,3.94196573459369,-1.7092152670494654,-0.9419639953274401,1.568041089681188,-1934.5424074592781,-0.12120168059123879,0.23973285,609,0.26763,forward
353.41335701942444,2.1054772156326806,3.9363064862265826,-0.894526318112631,-0.9470779391252805,0.8757032392736868,-1935.2347453096856,-0.12124505648761758,0.2401265,610,0.26763,forward
353.5688874721527,2.099171312841557,3.927898460831301,-0.6819107174667597,-1.6031222805355394,0.2993610756049899,-1935.8110874733545,-0.12128116509839959,0.2401265,610,0.26747,backward
353.70722126960754,2.0893082347121,3.930647238265799,-1.2971713131847598,-1.6574933303867163,0.5777406613457687,-1935.5327078876137,-0.12126372424339224,0.2401265,610,0.26732,backward
353.8605577945709,2.0828406428890753,3.9390552639541108,-1.7671321749871887,-1.2765405497380264,1.6922857439976313,-1934.4181628049619,-0.12119389649674206,0.2401265,610,0.26732,forward
354.006071805954,2.0904400633130984,3.9432592771347053,-1.579993741271619,-0.786808436143738,1.4723255283454135,-1934.638123020614,-0.12120767729973582,0.2401265,610,0.26716,forward
354.18064856529236,2.10353693781913,3.945037898163318,-0.8910249284156512,-0.6450637128772337,1.002198524900803,-1935.1082500240586,-0.12123713138804583,0.24052015,611,0.26716,forward
354.32463693618774,2.109519461168104,3.9348512509978795,-0.33005074758454545,-1.0525519693260637,0.550725245454563,-1935.559723303505,-0.12126541679548894,0.2409138,612,0.267002,backward
354.45758032798767,2.1020817294774456,3.930970623852621,-0.4167650163100275,-1.622615548541673,0.19909228138915383,-1935.9113562675707,-0.12128744707305314,0.2409138,612,0.266843,backward
354.5908546447754,2.088823165314589,3.9288686175619603,-1.1004690768832208,-1.6610422925780859,0.3644220099983044,-1935.7460265389616,-0.12127708894346041,0.2409138,612,0.266843,backward
354.731570482254,2.0880147163226264,3.939702035198055,-1.6018679865073748,-1.0909093291228056,1.509389056858344,-1934.6010594921015,-0.12120535521988529,0.2409138,612,0.266843,forward
354.8640568256378,2.1020817294774456,3.9451995909860953,-1.0657613154184378,-0.6872404282036758,1.109384568701923,-1935.0010639802579,-0.12123041603841354,0.2409138,612,0.266692,forward
355.00177907943726,2.1045070767223844,3.9230476773567307,-0.4946556710441814,-1.5004465120959287,0.29535527212093404,-1935.8150932768388,-0.12128141606736907,0.24130745,613,0.266533,backward
355.144903421402,2.086559508149339,3.9403488064473104,-1.1448513248331442,-1.4397957482953314,0.6987014213092724,-1935.4117471276502,-0.12125614588928812,0.24130745,613,0.266533,backward
355.30145597457886,2.0941589287835267,3.9418040417775577,-1.406620527655456,-0.9498569458282801,1.328436559884175,-1934.782011989075,-0.12121669213690288,0.24130745,613,0.266375,forward
355.4567949771881,2.1048304563583673,3.92725168968415,-0.6396414160107943,-1.260509774152191,0.5266819646434634,-1935.5837665843158,-0.12126692313933024,0.2417011,614,0.266375,forward
355.5956118106842,2.0880147163226264,3.934204479793744,-1.2023213110188726,-1.5614051087980743,0.5758903983310462,-1935.5345581506283,-0.12126384016485564,0.2417011,614,0.266216,backward
355.7392387390137,2.0970693453105316,3.9424508130440796,-1.2878808671589062,-0.9349889031693314,1.2219593981381331,-1934.8884891508212,-0.12122336307412217,0.2417011,614,0.266216,still
355.8978180885315,2.109842840816227,3.9322641662131628,-0.36648418040612746,-1.1139874168709811,0.5142936125247376,-1935.5961549364347,-0.12126769928623235,0.24209475,615,0.266057,still
356.050541639328,2.092865410347347,3.931294009440768,-0.8342925949688342,-1.4153831122488967,0.477930707914303,-1935.6325178410452,-0.12126997747105425,0.24209475,615,0.265906,forward
356.22088146209717,2.0970693453105316,3.942774198679333,-1.1630333304734655,-0.9623237955908687,1.1038166333646544,-1935.0066319155949,-0.1212307648770421,0.24209475,615,0.265906,still
356.3732464313507,2.1104896001148243,3.936629871836609,-0.4242468607880245,-0.969986510865492,0.6187860711219405,-1935.4916624778375,-0.1212611526933315,0.2424884,616,0.265747,backward
356.51047468185425,2.105153835995133,3.923209370134419,-0.2568937699393328,-1.5466919679759927,0.18092510844837154,-1935.929523440511,-0.12128858527084269,0.2424884,616,0.265747,backward
356.6558997631073,2.0906017531140195,3.9377617214821528,-1.043555945527395,-1.2999433840922383,0.755878190741307,-1935.3545703582183,-0.12125256368787492,0.2424884,616,0.265588,forward
356.82465744018555,2.0975544147378415,3.9424508130440796,-1.1090569713093754,-0.6734349425636746,1.1883901494879936,-1934.9220583994716,-0.12122546623264528,0.2424884,616,0.265588,backward
356.95921993255615,2.108225942583451,3.9422891202269508,-0.48164533275977184,-0.8255488827001722,0.7232578303770495,-1935.3871907185821,-0.12125460739727219,0.24288205,617,0.26544,backward
357.09323620796204,2.1033752480026053,3.92708999689819,-0.4343818426857643,-1.4757182854588506,0.25085798532419085,-1935.859590563635,-0.1212842038821622,0.24288205,617,0.26528,still
357.2344937324524,2.0899549939115034,3.931455702235339,-1.1597521649290372,-1.480690465782557,0.6439188024719973,-1935.4665297464874,-0.1212595780939504,0.24288205,617,0.26528,still
357.3963701725006,2.090925132716445,3.9442294340544186,-1.443917869473891,-0.9363110301571732,1.4733139818158878,-1934.6371345671437,-0.12120761537179806,0.24288205,617,0.26528,still
357.55214500427246,2.107740873117439,3.945037898163318,-0.6497761226994178,-0.6129298229642238,0.9136500644007968,-1935.1967984845587,-0.12124267906804759,0.2432757,618,0.265122,backward
357.6966516971588,2.1048304563583673,3.936144793422067,-0.26097121085103875,-1.2392115214619865,0.3766168522708855,-1935.7338316966889,-0.12127632492021011,0.2432757,618,0.264973,backward
357.8377149105072,2.0860744387617403,3.932749244603833,-1.2190574145773923,-1.4962696277247844,0.6946980303623889,-1935.4157505185974,-0.1212563967071089,0.2432757,618,0.264814,still
357.98259973526,2.0860744387617403,3.9511822256625835,-1.7020445879998176,-0.7640935260801569,1.7786794945480509,-1934.3317690544113,-0.12118848381221317,0.2432757,618,0.264814,forward
358.1376178264618,2.1049921461766523,3.9432592771347053,-0.9589390123956599,-0.7113150985840966,1.0773002411643617,-1935.0331483077948,-0.12123242616463417,0.2432757,618,0.264814,forward
358.2808995246887,2.107740873117439,3.924502912367835,-0.31883266624343487,-1.31546858812264,0.32258681613377915,-1935.7878617328254,-0.1212797099745552,0.24366935,619,0.264656,backward
358.42580461502075,2.0936738593684985,3.9324258590097214,-0.8362609003411686,-1.3988078871818719,0.44268828989758163,-1935.6677602590617,-0.1212721854558858,0.24366935,619,0.264656,backward
358.5614731311798,2.087044577538686,3.94261250586154,-1.4956085629936795,-1.0364947994151301,1.5993152203341272,-1934.511133328625,-0.12119972122494133,0.24366935,619,0.264497,forward
358.7057535648346,2.0990096230303075,3.9471399048853444,-1.1517146864223808,-0.6301198687582887,1.2741705665878031,-1934.8362779823713,-0.121220091974281,0.24366935,619,0.264338,forward
358.8517336845398,2.113561706826014,3.929515388722356,-0.23423180290130163,-1.1128180659604472,0.4320527175466438,-1935.6783958314124,-0.12127285178878086,0.244063,620,0.264338,backward
358.9956488609314,2.1091960815207655,3.9277367680440167,-0.054622634848783505,-1.5451110915379662,0.09507932111602165,-1936.015369227843,-0.12129396362473982,0.24445665,621,0.264187,backward
359.1282329559326,2.092865410347347,3.9319407806210394,-0.8243003681271133,-1.5059061590068725,0.2698255293056894,-1935.8406230196533,-0.12128301554005175,0.24445665,621,0.26403,still
359.27488231658936,2.0922186511339316,3.944067741233636,-1.256107668398852,-0.9057858528087728,1.3356179146276403,-1934.7748306343315,-0.12121624221538113,0.24445665,621,0.26403,still
359.41011452674866,2.103860317452766,3.9300004670961295,-0.8111356557041404,-0.8071875858768238,0.9396953112129459,-1935.1707532377463,-0.12124104729834696,0.24445665,621,0.26388,forward
359.5691714286804,2.109357771344337,3.932587551806612,-0.2844704620554914,-1.126117049972592,0.4338933888047589,-1935.6765551601545,-0.1212727364682539,0.2448503,622,0.26388,still
359.7114357948303,2.0999797619007343,3.9257964546224233,-0.4991214273062212,-1.6363333840136562,0.01808694159011614,-1936.092361607369,-0.12129878730074468,0.2448503,622,0.263723,backward
359.8460941314697,2.0912485123196487,3.936629871836609,-1.0909418970272746,-1.181277621633533,0.9740962331135069,-1935.1363523158454,-0.12123889203437745,0.2448503,622,0.263723,still
359.98839139938354,2.1025667989229144,3.9400254208220193,-0.9092203671188205,-0.7729296376365205,1.051687468696874,-1935.058761080262,-0.12123403083923612,0.2448503,622,0.263572,forward
360.1266841888428,2.117603952606598,3.9380851070981513,-0.0011127636336955913,-1.0310319501351122,0.4088555614153467,-1935.7015929875436,-0.12127430512177433,0.24524395,623,0.263572,still
360.2748863697052,2.110004530640582,3.930485545472884,0.07236315773361818,-1.4258481707309343,0.1406832346152957,-1935.9697653143437,-0.12129110647829716,0.24524395,623,0.263413,backward
360.4225752353668,2.0943206185889256,3.9338810941936657,-0.7102055855692517,-1.3685674652947875,0.37599264602167337,-1935.7344559029373,-0.12127636402757008,0.24524395,623,0.263264,backward
360.5767526626587,2.099494692464642,3.9456846694564196,-0.9301916844356257,-0.7728883567317021,1.0968330457570112,-1935.0136155032021,-0.12123120240818709,0.24524395,623,0.263264,forward
360.72721338272095,2.1119448085481394,3.9372766430606436,-0.26233909118671456,-0.8732478788542041,0.5945198483411799,-1935.5159287006181,-0.12126267300478669,0.2456376,624,0.263264,still
360.8696484565735,2.1043453869046864,3.9338810941936657,-0.25250237696540156,-1.4462858641169798,0.14996499110161512,-1935.960483557858,-0.1212905249637847,0.2456376,624,0.263113,backward
361.0142500400543,2.0899549939115034,3.9403488064473104,-1.1074211168729677,-1.2992497104519696,0.9281327882150123,-1935.1823157607446,-0.12124177170594527,0.2456376,624,0.262964,still
361.15208172798157,2.09723103511944,3.944714512518762,-1.1145235284978283,-0.712540629032554,1.3237851564227132,-1934.786663392537,-0.12121698355357821,0.2456376,624,0.262964,forward
361.33717155456543,2.1101662204651337,3.9274133824704416,-0.29450533169279686,-1.2694834377394417,0.30504636033741617,-1935.8054021886223,-0.12128080890767381,0.24603125,625,0.262805,backward
361.47722911834717,2.1017583498481103,3.9275750752570633,-0.41695279697377857,-1.5650739990232778,0.03163542640000756,-1936.0788131225595,-0.12129793846997104,0.24603125,625,0.262805,backward
361.6206338405609,2.096099206461178,3.93582140781403,-0.8372270391770628,-1.2834309221684352,0.573236148712228,-1935.5372124002472,-0.12126400645715986,0.24603125,625,0.262646,backward
361.7685012817383,2.095937516653635,3.9416423489617576,-1.0073264317674098,-0.9166027331125416,1.1450007564047948,-1934.9654477925544,-0.121228184636409,0.24603125,625,0.262488,forward
361.9027564525604,2.0978777943570237,3.944876205340874,-0.9873502374009442,-0.7156043704210925,1.214719374288943,-1934.8957291746704,-0.12122381667134217,0.24603125,625,0.262488,forward
362.04721760749817,2.0978777943570237,3.9513439184979977,-0.8827493847675549,-0.32078283102941335,1.2448157301194431,-1934.86563281884,-0.12122193109421951,0.24603125,625,0.262327,still
362.18491077423096,2.0996563822764776,3.9503737614905017,-0.7984752707461393,-0.390620735228421,1.1647476619620498,-1934.945700886997,-0.12122694746624885,0.24603125,625,0.262327,still
362.3581476211548,2.105153835995133,3.9471399048853444,-0.600540383575641,-0.34410828246362407,1.047063521479247,-1935.0633850274799,-0.12123432053574087,0.24603125,625,0.262168,forward
362.4934241771698,2.108549322228439,3.946654826406044,-0.27424487645825935,-0.38690024997455286,0.8479500915170072,-1935.262498457442,-0.12124679525960666,0.2464249,626,0.26202,forward
362.6391592025757,2.1111363594165593,3.946654826406044,-0.05471243723855916,-0.464081950883674,0.7146987325305157,-1935.3957498164284,-0.12125514363625012,0.2464249,626,0.26202,forward
362.77663826942444,2.114855225462445,3.944067741233636,0.0899088501002987,-0.6179665917918856,0.5846466080121391,-1935.5258019409468,-0.12126329157655648,0.24681855,627,0.261868,backward
362.9403419494629,2.1274670328272283,3.9477866761957325,0.7409153851066309,-0.6853905391005238,0.3911016346116274,-1935.7193469143474,-0.1212754174291383,0.2472122,628,0.261868,backward
363.0931131839752,2.138138563073289,3.936953257447963,1.5325737236895127,-0.9545458585561359,0.19462537848991196,-1935.9158231704691,-0.12128772693052033,0.2472122,628,0.26171,backward
363.24644947052,2.138623632650406,3.93582140781403,1.8954633159111873,-1.2179464977814143,0.0890947663281461,-1936.0213537826307,-0.12129433856513662,0.2472122,628,0.26171,still
363.4059944152832,2.115501984785373,3.92725168968415,0.8833241889865888,-1.5419273040189758,-0.024212657623364338,-1936.1346612065822,-0.1213014374274585,0.2472122,628,0.26156,backward
363.54328179359436,2.1061239749101253,3.9274133824704416,-0.025376337909712235,-1.6371388616129212,-0.12755392260980333,-1936.2380024715687,-0.12130791189653319,0.2472122,628,0.26156,backward
363.679603099823,2.099171312841557,3.9367915646421205,-0.6094241839366386,-1.3514805808008628,0.260409051648719,-1935.8500394973103,-0.12128360549502656,0.2472122,628,0.261401,backward
363.84285855293274,2.0965842758849775,3.944391126875534,-0.759320519186387,-0.8729680275659799,1.0217377529720302,-1935.0887107959873,-0.12123590722915918,0.2472122,628,0.261245,forward
363.9842531681061,2.0954524472321756,3.950212068657083,-1.0373840745569602,-0.41434025602794927,1.4799782735605933,-1934.630470275399,-0.12120719784496778,0.2472122,628,0.261245,forward
364.13522601127625,2.105153835995133,3.9376000286746513,-0.6703706547956236,-0.6763169428664433,1.0441427360838873,-1935.0663058128755,-0.12123450352686954,0.2472122,628,0.261094,still
364.27489376068115,2.091571891923631,3.9291920031414955,-0.9124991943919529,-1.2976819166839786,0.6641632350491472,-1935.4462853139103,-0.12125830975305411,0.24760585,629,0.261094,still
364.4237930774689,2.0839724714356764,3.9456846694564196,-1.7752271321309276,-0.7250550797768961,2.2898966583382983,-1933.8205518906211,-0.12115645537015911,0.24760585,629,0.260942,forward
364.57026958465576,2.1040220072698768,3.944876205340874,-0.968752658166954,-0.4592312029879238,1.4062377407689435,-1934.7042108081903,-0.12121181778840637,0.2479995,630,0.260942,forward
364.7167458534241,2.0849426101974746,3.9364681790314298,-1.4171642858175744,-1.0964639721633758,2.2528774990524107,-1933.857571049907,-0.12115877467021799,0.2479995,630,0.260784,forward
364.865713596344,2.0949673778124707,3.9406721920739303,-1.43790671548861,-0.6605327451813439,1.938805229203207,-1934.1716433197562,-0.12117845171983244,0.2479995,630,0.260632,forward
365.0223445892334,2.112106498375044,3.934204479793744,-0.32982058840698864,-0.9439933317430423,0.5446602071238407,-1935.5657883418357,-0.1212657967782878,0.24839315,631,0.260632,forward
365.17632699012756,2.09448230839452,3.939863728009871,-0.7837965828856165,-0.9616690066487513,0.9346318673454145,-1935.1758166816142,-0.12124136452990725,0.24839315,631,0.260474,forward
365.3108289241791,2.0906017531140195,3.9468165192321445,-1.3120531487755673,-0.5870536720090287,1.7886460550056644,-1934.321802493954,-0.12118785939381196,0.24839315,631,0.260474,forward
365.46917939186096,2.1025667989229144,3.9468165192321445,-0.9448738202776938,-0.30131072528171643,1.4071411295424823,-1934.7033074194171,-0.12121176118988616,0.24839315,631,0.260325,forward
365.61207485198975,2.1070941138321637,3.93549802220732,-0.3994651516485621,-0.803500162836849,0.6904004067871444,-1935.4200481421724,-0.12125666595899909,0.2487868,632,0.260325,backward
365.75492763519287,2.0933504797594535,3.9387318783341305,-0.8937066533843968,-1.1164799231102762,0.8977629053064589,-1935.2126856436528,-0.1212436744199068,0.2487868,632,0.260166,backward
365.91610622406006,2.089469924511659,3.949403604494983,-1.4185239323175718,-0.6878323866977467,1.9725975484876104,-1934.1378510004713,-0.12117633458563438,0.2487868,632,0.260015,forward
366.0547580718994,2.0973927249285436,3.951990689842985,-1.1346546051931217,-0.25150610412805335,1.5832729274892419,-1934.5271756214697,-0.12120072629613844,0.2487868,632,0.260015,forward
366.20468640327454,2.110004530640582,3.9469782120585784,-0.3982020547651835,-0.3440314897770969,0.9612316060578233,-1935.149216942901,-0.12123969802054414,0.24918045,633,0.259856,forward
366.34098052978516,2.1017583498481103,3.9317790878254746,-0.4546513838848987,-1.1093434817052599,0.37572054725749887,-1935.7347280017013,-0.12127638107492317,0.24918045,633,0.259856,still
366.5110514163971,2.0930271001511875,3.942935891497459,-1.0909145205843724,-0.8886549918090805,1.53846776188965,-1934.571980787069,-0.12120353339995217,0.24918045,633,0.259697,forward
366.6574182510376,2.0951290676188443,3.953284232548937,-1.1449701555488876,-0.351519150570543,1.6086229364770679,-1934.5018256124813,-0.12119913808402143,0.24918045,633,0.259697,forward
366.7967143058777,2.1028901785542042,3.955224546647821,-0.7876031436489777,0.004860330249369654,1.3391815277909118,-1934.7712670211674,-0.12121601895022922,0.24918045,633,0.259539,forward
366.94624376296997,2.105800595271012,3.9401871136344986,-0.3809530039325847,-0.6890096210757523,0.7319060403979006,-1935.3785425085605,-0.12125406557529678,0.2495741,634,0.25939,forward
367.09325194358826,2.095937516653635,3.9376000286746513,-0.7706157766703033,-1.0298012621222352,0.7496350520478088,-1935.3608134969106,-0.12125295482890068,0.2495741,634,0.25939,forward
367.2315218448639,2.092703720543701,3.9505354543242523,-1.1700050215464137,-0.6222438573706475,1.6789967242358468,-1934.4314518247227,-0.12119472907168186,0.2495741,634,0.25923,forward
367.3958179950714,2.1048304563583673,3.9453612838092043,-0.809500358024817,-0.3121437737728079,1.2955128978420367,-1934.8149356511165,-0.12121875484855771,0.2495741,634,0.25923,forward
367.53380155563354,2.1143701559723107,3.9439060484131856,-0.022761539618652016,-0.3689416093419708,0.7229423789751234,-1935.3875061699832,-0.12125462716072624,0.24996775,635,0.259075,backward
367.6744866371155,2.1064473545500215,3.9413189633311534,-0.10048037928328385,-0.9354198235251637,0.3594994998517201,-1935.7509490491066,-0.12127739734533363,0.24996775,635,0.259075,backward
367.81821727752686,2.095614137039134,3.943420969953827,-0.783074837515495,-0.9423218100420097,0.8950273447978256,-1935.2154212041605,-0.12124384580644743,0.24996775,635,0.258923,still
367.95296931266785,2.1027284887384616,3.9503737614905017,-0.8021132457618362,-0.24818245918940382,1.322070970745672,-1934.7883775782127,-0.12121709094961354,0.24996775,635,0.258774,backward
368.0913760662079,2.116148744111444,3.9422891202269508,-0.026866689649776565,-0.374396742397179,0.7196574612005137,-1935.3907910877579,-0.1212548329652376,0.2503614,636,0.258774,backward
368.2292091846466,2.116472123775658,3.9296770815132827,0.4029691184314825,-1.018466072392942,0.17416475141017548,-1935.9362837975482,-0.12128900881629258,0.2503614,636,0.258616,backward
368.36921668052673,2.100626521151591,3.9348512509978795,-0.29596938235082576,-1.1895924170735137,0.11095592033389551,-1935.9994926286245,-0.12129296893447099,0.2503614,636,0.258616,backward
368.519095659256,2.099171312841557,3.947301597712442,-0.8247164847943872,-0.6020562170668224,1.268559140138331,-1934.84188940882,-0.12122044353768612,0.2503614,636,0.258464,forward
368.6583425998688,2.1130766373405914,3.949888682991245,-0.2575614809566444,-0.15902800046695872,0.9594860541580978,-1935.1509624948003,-0.12123980738171554,0.2503614,636,0.258306,still
368.7940754890442,2.116472123775658,3.932749244603833,0.27761054210930985,-0.8577632805711057,0.29442018622702637,-1935.8160283627315,-0.1212814746517564,0.25075505,637,0.258306,backward
368.93066358566284,2.1027284887384616,3.931294009440768,-0.24455337358582724,-1.2455726236543216,0.004355510851242151,-1936.106093038107,-0.12129964759332652,0.25075505,637,0.258306,backward
369.08888602256775,2.0946439982003087,3.9479483690241612,-1.0099882702814202,-0.5490320841477633,1.5803993856347596,-1934.5300491633234,-0.12120090632739573,0.25075505,637,0.258147,forward
369.22150111198425,2.1062856647299752,3.946654826406044,-0.6443931701482577,-0.2456696384691799,1.2242104497916635,-1934.8862380991666,-0.12122322204271205,0.25075505,637,0.258147,forward
369.3716402053833,2.114208466142659,3.9363064862265826,0.047946350041774194,-0.6337327917768982,0.5177112443203448,-1935.592737304638,-0.12126748516700922,0.2511487,638,0.257996,backward
369.5151250362396,2.0990096230303075,3.940995577701878,-0.49767481112732453,-0.9390141935332995,0.5280954508893853,-1935.5823530980688,-0.12126683458251805,0.2511487,638,0.257837,backward
369.67552280426025,2.098524553597729,3.948918526001716,-0.9227369975571748,-0.3953595019900507,1.4955739984855942,-1934.6148745504725,-0.12120622075185065,0.2511487,638,0.257837,forward
369.84428811073303,2.116472123775658,3.9439060484131856,-0.09042070355839356,-0.31241540451900623,0.7886252965205953,-1935.3218232524373,-0.12125051203770695,0.25154235,639,0.257688,forward
369.99148321151733,2.110327910289881,3.92983877430454,0.07645060270196936,-1.1078905574866267,0.0906994424835079,-1936.0197491064744,-0.12129423803001976,0.25154235,639,0.25753,backward
370.1337797641754,2.099333002653002,3.9406721920739303,-0.5924988446114093,-0.8981686375821193,0.6859382585917156,-1935.4245102903662,-0.12125694551857764,0.25154235,639,0.25753,backward
370.2720010280609,2.1066090443702636,3.952960846870451,-0.5110329897187025,-0.19342300275621593,1.1496079327157904,-1934.9608406162422,-0.12122789599062399,0.25154235,639,0.25753,backward
370.4223437309265,2.1124298780294417,3.951020532827501,-0.06118963848632714,-0.14326424494708526,0.8626190116002103,-1935.2478295373578,-0.12124587623205793,0.251936,640,0.25737,still
370.58343529701233,2.1054772156326806,3.9424508130440796,-0.20516837397401544,-0.3997306371320666,0.8093732221162786,-1935.3010753268416,-0.12124921215229671,0.251936,640,0.257212,still
370.71668243408203,2.1117831187214313,3.9372766430606436,-0.1102035305270387,-0.7291705905728026,0.4882313453693251,-1935.6222172035884,-0.12126933212228024,0.251936,640,0.257212,backward
370.85942792892456,2.1064473545500215,3.938893571143955,-0.188123011587272,-0.9533372680634492,0.27915881556517236,-1935.8312897333926,-0.12128243079712965,0.251936,640,0.257063,backward
371.01175260543823,2.0943206185889256,3.940995577701878,-0.7656821434852665,-0.9929090978596734,0.8260428620303834,-1935.2844056869271,-0.12124816777696293,0.251936,640,0.256912,still
371.15734219551086,2.092865410347347,3.9506971471583356,-1.1898154880348502,-0.4030400002822941,1.907622740689979,-1934.2028258082676,-0.1211804053446266,0.251936,640,0.256912,forward
371.29809641838074,2.1072558036531888,3.9547394681186043,-0.6357410903297747,-0.05885627831968506,1.3116695990454137,-1934.798778949912,-0.12121774260952319,0.251936,640,0.25676,forward
371.4511229991913,2.1171188831064445,3.938570185524638,0.16133939099438577,-0.5815021191179952,0.4782171480864842,-1935.632231400871,-0.12126995952519254,0.25232965,641,0.25676,backward
371.5955100059509,2.1030518683701422,3.944067741233636,-0.10693260963555072,-0.9182947608912719,0.2679781985073019,-1935.8424703504502,-0.12128313127780777,0.25232965,641,0.25661,backward
371.7501907348633,2.0935121695638785,3.9503737614905017,-0.9998454966927863,-0.44228876908238046,1.7086440757414227,-1934.4018044732159,-0.12119287162528322,0.25232965,641,0.25661,forward
371.90699100494385,2.111298049242483,3.95247576835522,-0.5032819969997322,-0.14859134340602936,1.1818700966226259,-1934.9285784523347,-0.12122587472271586,0.25232965,641,0.25645,forward
372.0750117301941,2.1101662204651337,3.942774198679333,0.034615419043731235,-0.816556809309916,0.31446182196554423,-1935.7959867269917,-0.1212802190163544,0.2527233,642,0.256292,backward
372.2234387397766,2.0952907574254125,3.9513439184979977,-0.7276330885767218,-0.48511023257309244,1.3189135908868237,-1934.7915349580705,-0.1212172887637031,0.2527233,642,0.256292,still
372.3768572807312,2.112106498375044,3.9571648607946717,-0.3408701458700485,0.055523134529739976,1.1310825616029425,-1934.9793659873544,-0.12122905663001018,0.2527233,642,0.256135,forward
372.5157907009125,2.111621428894919,3.939702035198055,0.07887890553582819,-0.6981197201903679,0.39594038000604803,-1935.7145081689512,-0.1212751142752391,0.25311695,643,0.256135,forward
372.6672737598419,2.0965842758849775,3.9442294340544186,-0.6961561838753749,-0.7928978873357612,1.0431939706282625,-1935.0672545783286,-0.12123456296829971,0.25311695,643,0.255977,backward
372.80993270874023,2.1028901785542042,3.955871318024774,-0.813672534208739,-0.055869579706655945,1.5133471283354079,-1934.5971014206214,-0.12120510724138998,0.25311695,643,0.255825,still
372.96654415130615,2.117442262773017,3.9451995909860953,0.06522964830035516,-0.29316313083163975,0.7002132564143303,-1935.4102352925424,-0.1212560511707877,0.2535106,644,0.255825,still
373.10846161842346,2.109519461168104,3.932587551806612,0.08080394172039525,-0.9896805385751111,0.09110140273838353,-1936.0193471462183,-0.12129421284666975,0.2535106,644,0.255825,backward
373.25555658340454,2.0965842758849775,3.943420969953827,-0.6251553293923716,-0.9455685664139081,0.5185237058481442,-1935.5919248431085,-0.12126743426520299,0.2535106,644,0.255674,backward
373.3990421295166,2.104183697087184,3.9531225397095278,-0.6741073646341535,-0.11615915875580725,1.387947669186213,-1934.7225008797705,-0.1212129636859608,0.2535106,644,0.255518,forward
373.53423142433167,2.1143701559723107,3.9515056113337454,-0.08120682152496109,-0.0035537371401653255,0.9439577754368114,-1935.16649077352,-0.1212407802492372,0.25390425,645,0.255518,forward
373.6783163547516,2.1108129797652997,3.938570185524638,0.13059471130124056,-0.6843187749781764,0.36392721900293495,-1935.746521329954,-0.12127711994278075,0.25390425,645,0.255356,still
373.82198667526245,2.098201173976986,3.94196573459369,-0.4863084585930682,-0.985424919728134,0.1905221759256142,-1935.9199263730313,-0.12128798400167289,0.25390425,645,0.255356,backward
373.95838046073914,2.099171312841557,3.9539310039099034,-0.894722635069592,-0.3419549686809374,1.6636440980570466,-1934.4468044508997,-0.12119569093433577,0.25390425,645,0.255208,forward
374.10061740875244,2.109357771344337,3.9505354543242523,-0.47367299677066066,-0.03279164946092474,1.2325637000596845,-1934.877884848897,-0.12122269870036136,0.25390425,645,0.255208,forward
374.2527425289154,2.11663381360806,3.9455229766326463,0.14985202865883016,-0.365282600094135,0.6013803623168038,-1935.50906818664,-0.12126224318436989,0.2542979,646,0.255056,still
374.4037160873413,2.105315525813809,3.938570185524638,-0.1525292153241808,-0.9499146260162815,0.11824703090737025,-1935.9922015180493,-0.12129251213659893,0.2542979,646,0.254905,still
374.5352973937988,2.0977161045473354,3.9451995909860953,-0.7435404565269108,-0.5975414039832481,1.419684993961241,-1934.6907635549953,-0.12121097529992936,0.2542979,646,0.254905,forward
374.6998224258423,2.1017583498481103,3.952637461193298,-0.7899909384659305,-0.017395670692779298,1.551956819936348,-1934.55849172902,-0.12120268829234489,0.2542979,646,0.254756,still
374.8507947921753,2.113885086483944,3.951990689842985,-0.20599007624131013,-0.05579944516725429,1.0086790148153826,-1935.101769534141,-0.12123672537664695,0.2542979,646,0.254756,still
374.9883234500885,2.1163104339434526,3.945037898163318,0.26844440435156675,-0.6165001777511891,0.3476882508064365,-1935.76276029815,-0.12127813733595282,0.25469155,647,0.254604,backward
375.1388132572174,2.1015966600337355,3.940510499260454,-0.310466549185806,-0.8234999762015486,0.35415382650036,-1935.756294722456,-0.12127773225895007,0.25469155,647,0.254453,still
375.29086565971375,2.0962608962689164,3.9513439184979977,-0.8953696645074918,-0.4046539989522235,1.7507655045840294,-1934.3596830443723,-0.12119023266118245,0.25469155,647,0.254453,still
375.4232568740845,2.107902562939247,3.952152382680064,-0.5538871019722768,-0.06433970416450584,1.3231904674253179,-1934.787258081531,-0.12121702081164257,0.25469155,647,0.254294,still
375.5629892349243,2.1187357814471706,3.9476249833676365,0.24426452686472777,-0.2117188697573095,0.6432604952239919,-1935.4671880537321,-0.12125961933778362,0.2550852,648,0.254294,forward
375.7096965312958,2.1111363594165593,3.9387318783341305,0.198948190082029,-0.8226833678797963,0.1567300202300774,-1935.9537185287259,-0.12129010112562176,0.2550852,648,0.254138,backward
375.856858253479,2.098524553597729,3.9460080551049646,-0.579165310740713,-0.6680807073797291,1.0260983374404062,-1935.0843502115154,-0.12123563403268424,0.2550852,648,0.254138,still
376.0255243778229,2.1061239749101253,3.948756833171292,-0.5969420723512973,-0.17899007682305926,1.3624072070916224,-1934.748041341864,-0.12121456383022071,0.2550852,648,0.25398,forward
376.16671681404114,2.116148744111444,3.9513439184979977,0.0507731890686584,0.041623203767077115,0.8897352085109456,-1935.2207133404447,-0.12124417736589482,0.25547885,649,0.25398,still
376.3249616622925,2.1117831187214313,3.9380851070981513,0.2056506711206025,-0.6850607722489457,0.27207705997115766,-1935.8383714889844,-0.12128287447863076,0.25547885,649,0.25382,backward
376.4773931503296,2.1007882109647933,3.938893571143955,-0.3969906802013618,-0.9600867971767104,-0.026502848726375244,-1936.1369513976822,-0.12130158091100743,0.25547885,649,0.25367,backward
376.63765001296997,2.107740873117439,3.950050375823998,-0.5097818622707929,-0.20781788277838958,1.2675070441688996,-1934.8429415047872,-0.1212205094529118,0.25547885,649,0.25367,forward
376.7778925895691,2.119544230624907,3.9484334475114418,0.2082151716710455,-0.25581222150399785,0.6263730947364876,-1935.4840754542197,-0.12126067735610982,0.2558725,650,0.25351,still
376.92226338386536,2.113561706826014,3.935012943799742,0.334695859083554,-0.7620067555103779,0.16045715119558507,-1935.9499913977606,-0.12128986761585997,0.2558725,650,0.25351,backward
377.0761020183563,2.099333002653002,3.953284232548937,-0.4498676367049502,-0.4841896180456031,1.0311907820121613,-1935.0792577669442,-0.12123531498419093,0.2558725,650,0.253352,still
377.2445504665375,2.105800595271012,3.9557096251800368,-0.5635170469183501,-0.051828161022335395,1.3974065860191698,-1934.713041962937,-0.12121237107211458,0.2558725,650,0.253352,forward
377.39029145240784,2.119867610297379,3.9453612838092043,0.2839397667432524,-0.40237695001889334,0.47811785028827164,-1935.6323306986683,-0.12126996574633293,0.25626615,651,0.2532,forward
377.522891998291,2.109357771344337,3.93582140781403,0.09324344526869696,-0.8759976083915365,0.048474212574378575,-1936.0619743363823,-0.12129688349739667,0.25626615,651,0.253052,backward
377.6591215133667,2.09836286378726,3.9503737614905017,-0.6481536735551391,-0.5320137461169566,1.4438480977968002,-1934.6666004511599,-0.12120946144901462,0.25626615,651,0.253052,still
377.8021066188812,2.1091960815207655,3.959913639251526,-0.36996086902560704,0.1255565414889833,1.2648552831382376,-1934.8455932658185,-0.12122067558930263,0.25626615,651,0.252893,forward
377.9613366127014,2.1167955034406583,3.944067741233636,0.28997823804582573,-0.28553936288962706,0.5581492561017961,-1935.552299292855,-0.12126495167124869,0.2566598,652,0.252893,forward
378.1105065345764,2.1087110120512267,3.9439060484131856,0.05875944843590452,-0.7302138055798723,0.21823161889146797,-1935.8922169300652,-0.12128624796784762,0.2566598,652,0.252734,backward
378.25396847724915,2.1017583498481103,3.943744355593067,-0.4746704183080206,-0.7385462706963201,0.6572920961417729,-1935.453156452815,-0.12125874023913683,0.2566598,652,0.252576,backward
378.38861560821533,2.103213558186276,3.9539310039099034,-0.6097282189131089,-0.1773376566233063,1.4810123556750205,-1934.629436193282,-0.12120713305833403,0.2566598,652,0.252576,forward
378.5243034362793,2.1061239749101253,3.9578116321876187,-0.47104582859149163,0.1396269500394765,1.3755210665035857,-1934.7349274824533,-0.12121374222931214,0.2566598,652,0.252424,forward
378.68437790870667,2.1132383271688693,3.9576499393388818,-0.12463044817929857,0.1841613487496884,1.093726373010864,-1935.016722175946,-0.12123139704540782,0.2566598,652,0.252424,forward
378.82593035697937,2.118574091612213,3.955871318024774,0.2914617581889515,0.17223010723267485,0.8247926239082608,-1935.2856559250488,-0.12124824610606076,0.25705345,653,0.252273,backward
378.9718086719513,2.1188974712823243,3.9516673041698254,0.45046287054251,0.03424777779349461,0.6762045123960065,-1935.4342440365613,-0.12125755535085257,0.2574471,654,0.252273,backward
379.1174988746643,2.1221312680267226,3.9545777752761984,0.5915726751628467,-0.09977211417662449,0.5425683436247825,-1935.5678802053326,-0.121265927836346,0.2574471,654,0.252122,still
379.2595360279083,2.122616337545174,3.9531225397095278,0.7252485609199357,-0.09740740943332898,0.49939497970396796,-1935.6110535692533,-0.12126863270559249,0.2574471,654,0.252122,still
379.3989417552948,2.1227780273850514,3.9435826627732813,0.8219512275767996,-0.433990067591408,0.268744245607541,-1935.8417043033498,-0.12128308328392785,0.2574471,654,0.25197,backward
379.5381078720093,2.122454647705493,3.947463290539873,0.8167860542133999,-0.5104934884780286,0.21923344386890525,-1935.8912151050883,-0.12128618520216702,0.2574471,654,0.251812,backward
379.6890769004822,2.118574091612213,3.9451995909860953,0.6788179329827345,-0.5826024374119997,0.18859488496108587,-1935.921853663996,-0.12128810474904084,0.2574471,654,0.251812,backward
379.83399176597595,2.1158253644480154,3.9422891202269508,0.43368023305812303,-0.8515739125822314,-0.02824746110988241,-1936.138696010067,-0.12130169021331695,0.2574471,654,0.25166,backward
379.9814250469208,2.107740873117439,3.9387318783341305,0.007948648668165274,-1.0455257153167854,-0.36817237536647995,-1936.4786209243234,-0.12132298696583262,0.2574471,654,0.25166,backward
380.1206111907959,2.1017583498481103,3.9414806561462896,-0.464950749270944,-0.8428905110653101,-0.17866505474641262,-1936.2891136037035,-0.12131111407762148,0.2574471,654,0.251511,backward
380.27533745765686,2.105800595271012,3.952799154031708,-0.48265274219257265,-0.1640119555517452,1.4517111284259834,-1934.6587374205312,-0.12120896881958294,0.2574471,654,0.25136,forward
380.42221760749817,2.111621428894919,3.9490802188324725,-0.16330122190919175,0.14713126995225567,1.1794741581369268,-1934.9309743908202,-0.12122602483148058,0.2574471,654,0.25136,forward
380.55873107910156,2.122454647705493,3.9581350178860912,0.44893063932852817,0.13664464685121816,0.7535544419581354,-1935.3568941069989,-0.12125270927385762,0.25784075,655,0.25136,still
380.6988306045532,2.127952102365195,3.9461697479297357,1.0162227909050656,-0.2864357890302969,0.31658384012472957,-1935.7938647088322,-0.12128008606906611,0.25784075,655,0.2512,backward
380.86462926864624,2.1119448085481394,3.9413189633311534,0.5504767031673,-0.773977981587215,0.01820755863384245,-1936.092240990323,-0.12129877974392472,0.25784075,655,0.2512,backward
381.01111698150635,2.104183697087184,3.9523140755174757,-0.31322102309648703,-0.3360765211826607,1.1467580796662493,-1934.9636904692907,-0.12122807453774583,0.25784075,655,0.251042,forward
381.19328594207764,2.12180788834874,3.949888682991245,0.24832311153562317,-0.015460134618090414,0.7888029568813711,-1935.3216455920756,-0.12125050090704663,0.25784075,655,0.250881,backward
381.3331663608551,2.1091960815207655,3.9416423489617576,0.1995156829116368,-0.61544046208661,0.23011194921462746,-1935.8803365997423,-0.12128550364919348,0.2582344,656,0.250881,backward
381.47234892845154,2.103213558186276,3.9537693110691623,-0.47676223148095587,-0.19570145207721404,1.524751009270746,-1934.5856975396864,-0.12120439277293003,0.2582344,656,0.250732,forward
381.6117675304413,2.1188974712823243,3.952152382680064,0.12700477890025427,0.03281247811986289,0.9071752166897216,-1935.2032733322676,-0.1212430847259545,0.2582344,656,0.250574,forward
381.748655796051,2.1104896001148243,3.943420969953827,0.2133699544391582,-0.5376782041120983,0.31265860684623603,-1935.7977899421112,-0.12128033199020401,0.25862805,657,0.250574,still
381.8877773284912,2.1025667989229144,3.954092696750978,-0.44399497451040343,-0.45244340946896955,1.425755684686162,-1934.684692864271,-0.12121059496300042,0.25862805,657,0.250415,still
382.0350308418274,2.1111363594165593,3.958296710735828,-0.3177384184771,0.13338709284297376,1.380315403221327,-1934.730133145736,-0.12121344185767634,0.25862805,657,0.250415,still
382.18076515197754,2.123263096905866,3.944714512518762,0.5659617629736019,-0.3025975989078731,0.4044891293033573,-1935.705959419654,-0.12127457868461168,0.2590217,658,0.250264,backward
382.3271291255951,2.114208466142659,3.9435826627732813,0.4655190924924836,-0.6634017020410764,0.09134055194722587,-1936.01910799701,-0.12129419786365059,0.2590217,658,0.250264,backward
382.4793817996979,2.105153835995133,3.9537693110691623,-0.13273851512307572,-0.4380530885107509,0.7510495928417935,-1935.3593989561157,-0.12125286620601966,0.2590217,658,0.250105,still
382.61684489250183,2.108549322228439,3.957488246490479,-0.27611124624675676,0.13678441569491798,1.3604049668260008,-1934.7500435821312,-0.12121468927326315,0.2590217,658,0.250105,forward
382.7771701812744,2.120190989970638,3.9511822256625835,0.3474957930401703,0.10390303531903049,0.8042007314644743,-1935.3062478174927,-0.12124953621578445,0.25941535,659,0.249954,forward
382.93636894226074,2.120190989970638,3.943420969953827,0.6240924769764519,-0.5806760289931354,0.1376058751160821,-1935.9728426738413,-0.12129129927900364,0.25941535,659,0.249795,still
383.0891635417938,2.1075791832958264,3.939702035198055,0.0762787222275471,-0.7713717448145834,-0.08172110980737234,-1936.1921696587644,-0.12130504040924157,0.25941535,659,0.249795,still
383.2312264442444,2.10369862763585,3.954092696750978,-0.4021517684059238,-0.18176270249035612,1.5048728716681838,-1934.605575677289,-0.12120563816495408,0.25941535,659,0.249636,forward
383.3751926422119,2.1130766373405914,3.9565180894070577,-0.18593332124042505,0.11483925188302298,1.278222904761891,-1934.8322256441952,-0.12121983808985057,0.25941535,659,0.249636,forward
383.52560472488403,2.121646198510044,3.9523140755174757,0.44632619129735057,-0.041010290828079714,0.6528549832364339,-1935.4575935657208,-0.12125901823022096,0.259809,660,0.249487,forward
383.6652789115906,2.114531845802159,3.9461697479297357,0.4158339510697553,-0.5155890095635902,0.22684586443050203,-1935.8836026845267,-0.12128570827379272,0.259809,660,0.249336,forward
383.8045907020569,2.103860317452766,3.9458463622805255,-0.20563669275048882,-0.6360941766413643,0.33004321318421276,-1935.7804053357731,-0.12127924282126333,0.259809,660,0.249336,backward
383.96822333335876,2.1020817294774456,3.9515056113337454,-0.6021685896142247,-0.16507399061658234,1.9003505859252854,-1934.210097963032,-0.12118086095489163,0.259809,660,0.249177,forward
384.1007766723633,2.108549322228439,3.9565180894070577,-0.36759662611820154,0.16068935307972493,1.511471236203659,-1934.5989773127535,-0.12120522476855203,0.259809,660,0.249177,forward
384.2449953556061,2.1203526798075627,3.9523140755174757,0.32279906232694533,0.042784943085611524,0.7816123507896843,-1935.3288361981674,-0.12125095140817778,0.26020265,661,0.249028,forward
384.3790006637573,2.1163104339434526,3.940995577701878,0.48913934262599584,-0.6320426874225733,0.06001462135713239,-1936.0504339276001,-0.1212961604752837,0.26020265,661,0.249028,still
384.5374836921692,2.1040220072698768,3.943420969953827,-0.11586832385097776,-0.7156992646098221,-0.1017678215124464,-1936.2122163704696,-0.1213062963626596,0.26020265,661,0.24887,backward
384.67985463142395,2.0996563822764776,3.9536076182287543,-0.6540784212047238,-0.12280696510709067,1.995934504363321,-1934.1145140445942,-0.12117487249399903,0.26020265,661,0.24887,forward
384.8238377571106,2.115016915292882,3.959913639251526,-0.10298591773724777,0.4460479658730641,1.3114421467243367,-1934.7990064022333,-0.12121775685971664,0.26020265,661,0.24871,forward
384.9582233428955,2.124233235952814,3.9439060484131856,0.6264373406250875,-0.1423565300275251,0.47429649504531135,-1935.6361520539126,-0.1212702051593724,0.2605963,662,0.24856,backward
385.10729002952576,2.1117831187214313,3.9464931335802755,0.30491550761548736,-0.5632843095168069,0.14451748767301467,-1935.965931061285,-0.12129086625719228,0.2605963,662,0.24856,backward
385.25030517578125,2.1024051091075626,3.948271754682015,-0.41013964080640974,-0.40526739253881583,1.6828987775800042,-1934.427549771378,-0.12119448460279798,0.2605963,662,0.248408,forward
385.39537477493286,2.114693535632204,3.9557096251800368,-0.11971282586494168,0.19590130242323203,1.2733834675630484,-1934.837065081395,-0.12122014128709219,0.2605963,662,0.248408,still
385.535710811615,2.125850134380162,3.9492419116635613,0.6604891818675859,-0.04028652681990521,0.5308759155414319,-1935.5795726334165,-0.12126666038267246,0.26098995,663,0.248252,backward
385.6750400066376,2.119867610297379,3.9403488064473104,0.7954255545835157,-0.6003111005582563,0.03762994543244529,-1936.0728186035255,-0.12129756290530083,0.26098995,663,0.248252,backward
385.8196156024933,2.1056389054517486,3.9453612838092043,0.026488081585257596,-0.6730700052508709,-0.07565540296568783,-1936.1861039519235,-0.12130466038455963,0.26098995,663,0.248093,backward
386.0009608268738,2.1117831187214313,3.9553862394915598,-0.10049539806089265,0.16644092599376753,1.2679035450172615,-1934.8425450039408,-0.12122048461160112,0.26098995,663,0.248093,forward
386.13962864875793,2.124394925794662,3.9506971471583356,0.6379344710010638,0.07580831387916431,0.6232637916555194,-1935.4871847573024,-0.12126087215812484,0.2613836,664,0.247942,backward
386.27415680885315,2.114855225462445,3.943097584315916,0.56538918205433,-0.5035674641357806,0.13670337583075728,-1935.973745173127,-0.12129135582179627,0.2613836,664,0.247942,backward
386.4088146686554,2.1043453869046864,3.9531225397095278,-0.24459502052761056,-0.23321783210402966,1.3546517187323401,-1934.7557968302256,-0.12121504972198485,0.2613836,664,0.247783,forward
386.54138016700745,2.110004530640582,3.9571648607946717,-0.2795583429391487,0.29971165413424694,1.5147855718458292,-1934.595662977112,-0.12120501712097179,0.2613836,664,0.247625,forward
386.67652773857117,2.122454647705493,3.950212068657083,0.41877398563753143,-0.022353666242770267,0.6671025160450378,-1935.4433460329128,-0.12125812560315115,0.26177725,665,0.247625,backward
386.8148145675659,2.112268188202145,3.940833884887738,0.32016414302268315,-0.6538235951008575,-0.07161935252813684,-1936.182067901486,-0.1213044075205779,0.26177725,665,0.247466,backward
386.956339597702,2.1015966600337355,3.9544160824341246,-0.3566837318259228,-0.3406563752161414,1.7217022510656412,-1934.3887462978923,-0.12119205351305755,0.26177725,665,0.247466,forward
387.1239228248596,2.1027284887384616,3.9621773392295268,-0.615897635984041,0.33470025927999686,1.8784691299791993,-1934.2319794189787,-0.12118223185750111,0.26177725,665,0.24731,forward
387.26478266716003,2.1056389054517486,3.9654111964543923,-0.44724808705858116,0.7030530451948119,1.6683646014250662,-1934.4420839475326,-0.12119539518845852,0.26177725,665,0.24731,forward
387.4151494503021,2.119059161117675,3.9557096251800368,0.15787047198119553,0.28158194040891105,1.0650065715016819,-1935.045441977456,-0.12123319637955311,0.2621709,666,0.247158,backward
387.55269503593445,2.1188974712823243,3.9490802188324725,0.571598572151141,-0.035251640483883726,0.546300942183808,-1935.564147606774,-0.12126569398403211,0.2621709,666,0.247,backward
387.69891452789307,2.1132383271688693,3.9411572705163493,0.40418579742735383,-0.48750899201169173,0.11429441129603625,-1935.9961541376617,-0.1212927597735274,0.2621709,666,0.247,backward
387.83717131614685,2.1025667989229144,3.944552819696982,-0.25253573604415086,-0.6878899880581105,-1.197032889788117,-1937.307481438746,-0.1213749161905094,0.2621709,666,0.246848,backward
387.983197927475,2.0986862434083933,3.9629858035232286,-0.7581231899866175,0.13881422459100226,2.145010416545779,-1940.2486234395917,-0.12155918268783998,0.2621709,666,0.246848,backward
388.1408121585846,2.1108129797652997,3.9603987178127373,-0.35441238485052456,0.5226586415338486,1.6167735001661068,-1940.7768603559714,-0.12159227744025723,0.2621709,666,0.24669,backward
388.2994964122772,2.113885086483944,3.939540342386571,0.15748453915647156,-0.20015613039930227,0.6506317893367248,-1941.7430020668007,-0.12165280751630533,0.26256455,667,0.24669,backward
388.4301278591156,2.099333002653002,3.9547394681186043,-0.38467288823552226,-0.25390814471257084,1.8537351223004697,-1940.539898733837,-0.12157743147630856,0.26256455,667,0.246533,backward
388.5783796310425,2.1028901785542042,3.963955960686682,-0.7513025435322458,0.24837094634425386,2.085818083945148,-1940.307815772192,-0.1215628911669933,0.26256455,667,0.246533,backward
388.72615599632263,2.115178605123516,3.9492419116635613,0.0036293774709314666,0.287999331849185,1.21241414656702,-1941.18121970957,-0.12161761109695557,0.2629582,668,0.246372,backward
388.87495589256287,2.1011115905917843,3.948271754682015,-0.3242171378604734,-0.28925112749196547,1.666341214347071,-1940.7272926417902,-0.1215891719563771,0.2629582,668,0.246213,backward
389.01192808151245,2.1025667989229144,3.9654111964543923,-0.6850615279993939,0.3097027865165026,1.999254178195385,-1940.3943796779422,-0.12156831451197402,0.2629582,668,0.246213,backward
389.17354702949524,2.117603952606598,3.9544160824341246,0.09254831688743552,0.4018666974784778,1.1621025849225677,-1941.2315312712149,-0.12162076318387857,0.26335185,669,0.246055,backward
389.3403522968292,2.1056389054517486,3.9523140755174757,0.002639639598133788,-0.11220230712322844,0.9188822934469901,-1941.4747515626905,-0.12163600126186902,0.26335185,669,0.246055,backward
389.4855990409851,2.0996563822764776,3.9573265536424085,-0.6217602302879205,0.07344526875231074,2.079577294896368,-1940.3140565612412,-0.12156328216081078,0.26335185,669,0.245896,backward
389.6447117328644,2.1171188831064445,3.9581350178860912,-0.05693755031016172,0.5038734467948661,1.330840830222816,-1941.0627930259145,-0.12161019150613628,0.26335185,669,0.245896,backward
389.78738498687744,2.1187357814471706,3.9458463622805255,0.47104907941759305,-0.26847472877181283,0.2791231091242398,-1942.1145107470131,-0.12167608303418616,0.2637455,670,0.245747,backward
389.9290289878845,2.1054772156326806,3.946654826406044,-0.0006631685608144516,-0.4793937366111766,0.02787946701639168,-1942.365754389121,-0.1216918237858719,0.2637455,670,0.24559,backward
390.0769145488739,2.1030518683701422,3.9565180894070577,-0.46222964624707863,0.10785447367324548,1.8551475336432321,-1940.5384863224942,-0.12157734298684059,0.2637455,670,0.24559,backward
390.22265362739563,2.1163104339434526,3.962015646371787,0.008465814566928642,0.5378412638316077,1.2849122749243265,-1941.108721581213,-0.12161306899182378,0.2637455,670,0.24544,backward
390.3552532196045,2.119867610297379,3.9460080551049646,0.5075581842078098,0.00826684786485486,0.5406660757774135,-1941.85296778036,-0.12165969701598207,0.26413915,671,0.24544,backward
390.49948835372925,2.1062856647299752,3.9479483690241612,0.12055023628620869,-0.4457643923277262,0.04823768568663522,-1942.3453961704506,-0.12169054831612401,0.26413915,671,0.24528,backward
390.6513524055481,2.1045070767223844,3.9605604106671417,-0.37864815079765773,-0.0026466182944372184,1.7917183954865856,-1940.6019154606506,-0.1215813169075535,0.26413915,671,0.24513,backward
390.7969925403595,2.114531845802159,3.9618539535143804,-0.05126887886070419,0.41375251436951715,1.3188570455953241,-1941.0747768105418,-0.12161094230634158,0.26413915,671,0.24513,backward
390.97037625312805,2.119705920461045,3.9560330108698456,0.47893399212784304,0.3269082984584875,0.8021497764758524,-1941.5914840796615,-0.12164331471086967,0.2645328,672,0.24513,backward
391.10413813591003,2.111621428894919,3.9458463622805255,0.22053958925797892,-0.4150607762761634,0.06028939610716056,-1942.3333444600303,-0.12168979326027654,0.2645328,672,0.24497,backward
391.2540819644928,2.0930271001511875,3.95247576835522,-0.7759900541274317,-0.2202260405347781,2.731477516773337,-1939.6621563393642,-0.12152243973618124,0.2645328,672,0.24482,backward
391.4048500061035,2.1015966600337355,3.964441039272915,-0.9197121029503149,0.5066230458365337,2.1735741605290215,-1940.2200596956086,-0.12155739313090838,0.2645328,672,0.24482,backward
391.54762744903564,2.114855225462445,3.954901160961344,-0.13762270340736085,0.3164579546026654,1.3909865037910971,-1941.0026473523467,-0.1216064232988907,0.26492645,673,0.244663,backward
391.6882221698761,2.112591567856935,3.9455229766326463,0.1726116655269181,-0.0312360443845522,0.7230680290891259,-1941.6705658270487,-0.12164826928857779,0.26492645,673,0.244504,backward
391.8382513523102,2.100626521151591,3.944552819696982,-0.4212524830284313,-0.5471470433578397,-2.4545722223511177,-1944.848206078489,-0.12184735271900761,0.26492645,673,0.244504,backward
391.9779419898987,2.1027284887384616,3.9557096251800368,-0.681631265658533,0.0990829797269531,2.240115776250873,-1946.4367033870667,-0.12194687420929488,0.26492645,673,0.244504,backward
392.136919260025,2.1184124017774524,3.9603987178127373,0.07995433927215101,0.4110358873940295,1.1667305630920257,-1947.5100886002256,-0.12201412323482931,0.2653201,674,0.244346,backward
392.2813365459442,2.120837749319517,3.9479483690241612,0.6007140484880663,-0.09113465203805378,0.34850478291492804,-1948.3283143804026,-0.12206538617911945,0.2653201,674,0.244187,backward
392.4385530948639,2.108225942583451,3.943097584315916,0.1794431431819399,-0.4634996659905027,-0.1328879868092423,-1948.8097071501268,-0.12209554608282074,0.2653201,674,0.244187,backward
392.5721962451935,2.09723103511944,3.9557096251800368,-0.6352710057808134,-0.023869099057935685,2.3539784304121754,-1946.3228407329052,-0.12193974056105447,0.2653201,674,0.244028,backward
392.7271945476532,2.114208466142659,3.9605604106671417,-0.2474135562678442,0.46331667957689937,1.5554684952066928,-1947.1213506681106,-0.12198976828117192,0.2653201,674,0.244028,backward
392.86528038978577,2.123586476587394,3.9545777752761984,0.5585929930452631,0.2811512690079622,0.6881867783023553,-1947.988632385015,-0.12204410464579726,0.26571375,675,0.24387,backward
393.01521468162537,2.1101662204651337,3.9479483690241612,0.3285214025763812,-0.3313786669406355,0.09438719877447951,-1948.5824319645433,-0.12208130698713425,0.26571375,675,0.24371,backward
393.1586956977844,2.100303141525772,3.9597519463984563,-0.5247000115209944,0.08707886993947321,2.1039589088578445,-1946.57286025446,-0.12195540461994314,0.26571375,675,0.24371,backward
393.3129026889801,2.11792733227435,3.962824110663821,-0.02056352127598613,0.6362755402224021,1.3491484194948165,-1947.327670743823,-0.12200269451107498,0.26571375,675,0.243562,backward
393.46627593040466,2.125526754693115,3.9442294340544186,0.7220177902035465,0.03626456868318735,0.3953524671558864,-1948.2814666961622,-0.12206245110876904,0.2661074,676,0.243562,backward
393.6044657230377,2.116957193273453,3.948756833171292,0.6780249821891483,-0.32146416692721785,0.047477743138811375,-1948.6293414201793,-0.12208424592754558,0.2661074,676,0.24341,backward
393.7665762901306,2.1061239749101253,3.9531225397095278,-0.12348399070434966,-0.03386242055920445,1.2650634248616004,-1947.4117557384566,-0.12200796254894421,0.2661074,676,0.24341,backward
393.92020559310913,2.122939717225126,3.9607221035218796,0.34781109869014964,0.5097857452897928,0.9862785520544634,-1947.690540611264,-0.12202542879573071,0.2661074,676,0.24326,backward
394.05952644348145,2.1344196963746027,3.9523140755174757,1.2609741488149329,0.14056768590399712,0.3202020023919267,-1948.3566171609264,-0.12206715938633976,0.26650105,677,0.243103,backward
394.2149908542633,2.12180788834874,3.9458463622805255,1.1444584791466923,-0.5931952720006918,-0.18023343561113678,-1948.8570525989296,-0.12209851233878967,0.26650105,677,0.243103,backward
394.3610575199127,2.1106512899399643,3.9573265536424085,0.21028590809785772,-0.05144987344788693,0.6379064800871639,-1948.0389126832315,-0.12204725477402445,0.26650105,677,0.242952,backward
394.5046362876892,2.1221312680267226,3.961207182088093,0.46084747075424404,0.5259653895049782,0.9300143971740485,-1947.7468047661448,-0.12202895382061636,0.26650105,677,0.2428,backward
394.65858721733093,2.124394925794662,3.9539310039099034,0.9148362554766138,0.18132256708270483,0.4415274013931274,-1948.2352917619255,-0.1220595581871101,0.2668947,678,0.2428,backward
394.806143283844,2.1106512899399643,3.948756833171292,0.2854171024589969,-0.21793575281447225,0.2462770801596134,-1948.4305420831588,-0.12207179088202454,0.2668947,678,0.242642,backward
394.9447937011719,2.109357771344337,3.9581350178860912,-0.09663217002817791,0.11532147150381497,1.4142954288301648,-1947.2625237344882,-0.12199861296342505,0.2668947,678,0.242642,backward
395.0878884792328,2.1015966600337355,3.9600753321049296,-0.591266745262593,0.4655655498852986,2.062609481597585,-1946.614209681721,-0.12195799521710772,0.2668947,678,0.242642,backward
395.23659777641296,2.1064473545500215,3.962015646371787,-0.3620534043431325,0.7761634905323606,1.74389113098147,-1946.9329280323373,-0.12197796334992352,0.2668947,678,0.242483,backward
395.38960242271423,2.1090343916973895,3.9654111964543923,-0.26519376554335994,0.8090361380601703,1.6533025853422636,-1947.0235165779764,-0.12198363884399978,0.2668947,678,0.242324,backward
395.52424216270447,2.117603952606598,3.955062853804416,0.3388350500113852,0.21573269916465546,0.7866569390142422,-1947.8901622243043,-0.122037935357949,0.26728835,679,0.242324,backward
395.6714038848877,2.1227780273850514,3.9497269901588252,0.5918927297572067,-0.05877983240178537,0.2985117620689914,-1948.3783074012492,-0.12206851830903352,0.26728835,679,0.242173,backward
395.8433756828308,2.125850134380162,3.953445925388679,0.9002744358435386,-0.05862613193349993,0.21496426065131008,-1948.461854902667,-0.12207375267223074,0.26728835,679,0.242173,backward
395.9939696788788,2.122939717225126,3.951020532827501,0.8591802294318942,-0.11662847968236928,0.1681164847062287,-1948.508702678612,-0.12207668774832657,0.26728835,679,0.242021,still
396.19074153900146,2.123586476587394,3.9477866761957325,0.96804404092415,-0.20267477236287154,0.07480137414091646,-1948.6020177891771,-0.12208253406535814,0.26728835,679,0.241873,backward
396.3258717060089,2.119544230624907,3.9439060484131856,0.7280964005201825,-0.2818492934568761,0.0031863231721494557,-1948.673632840146,-0.12208702084450528,0.26728835,679,0.241873,backward
396.46153712272644,2.1167955034406583,3.9479483690241612,0.558188504356202,-0.4934718259717372,-0.29785545977810757,-1948.9746746230962,-0.12210588151661103,0.26728835,679,0.241714,backward
396.6073248386383,2.111621428894919,3.9451995909860953,0.1554817924582324,-0.3559985536204113,-0.2509598944466271,-1948.9277790577646,-0.12210294344644593,0.26728835,679,0.241555,still
396.76904225349426,2.110004530640582,3.949403604494983,-0.09496145916116623,-0.22376058923156342,1.3373426428650295,-1947.339476520453,-0.12200343415884013,0.26728835,679,0.241555,backward
396.915727853775,2.1054772156326806,3.9566797822534614,-0.26790808979807224,0.10973407693585867,1.950484668195929,-1946.726334495122,-0.12196501998728995,0.26728835,679,0.241406,forward
397.0587375164032,2.1049921461766523,3.9641176535484264,-0.381098914551298,0.6152114943936042,1.862914297209387,-1946.8139048661085,-0.12197050638866974,0.26728835,679,0.241406,forward
397.1960780620575,2.113561706826014,3.957488246490479,-0.07621072334169213,0.5709158209677493,1.5253559554681717,-1947.1514632078497,-0.1219916548722382,0.26728835,679,0.241255,forward
397.33668661117554,2.125850134380162,3.9571648607946717,0.663537228608653,0.42545057865384156,0.7252223316390869,-1947.951596831679,-0.12204178431862911,0.267682,680,0.241255,backward
397.4843153953552,2.115663674616596,3.9460080551049646,0.6043688878493889,-0.21580219940234713,0.05871816025361607,-1948.6181010030643,-0.12208354170031353,0.267682,680,0.241096,backward
397.61524534225464,2.10353693781913,3.956194703715249,-0.2807238112053478,0.05315050649247868,2.1005673953039703,-1946.576251768014,-0.12195561710282328,0.267682,680,0.240945,forward
397.758868932724,2.116148744111444,3.963955960686682,-0.03195587230260777,0.7063832120273487,1.497998384188553,-1947.1788207791292,-0.12199336886082959,0.267682,680,0.240945,forward
397.89278173446655,2.115178605123516,3.949888682991245,0.4196937815674691,0.11214527756042118,0.6005726842031698,-1948.0762464791144,-0.12204959378648879,0.26807565,681,0.240945,still
398.0324852466583,2.1012732804055725,3.9579733250366878,-0.38879108966114734,0.10091932256939437,2.2800287869244555,-1946.3967903763933,-0.12194437360555911,0.26807565,681,0.240789,forward
398.1716592311859,2.1117831187214313,3.961368874944165,-0.32641873528081455,0.6671279608329044,1.816774002581556,-1946.860045160736,-0.12197339714011064,0.26807565,681,0.240789,forward
398.3091952800751,2.1117831187214313,3.9537693110691623,0.11383915166719642,0.2920746958140451,1.1795767231402678,-1947.4972424401772,-0.1220133184056454,0.2684693,682,0.24063,forward
398.44422602653503,2.0998180720885085,3.952152382680064,-0.4405014395651708,-0.054197328947017204,2.6839097706973774,-1945.9929093926198,-0.12191906991937294,0.2684693,682,0.24063,forward
398.579785823822,2.1075791832958264,3.9655728893191404,-0.5823063283692184,0.6206060346466271,2.088182488981731,-1946.5886366743355,-0.12195639303384156,0.2684693,682,0.24047,still
398.7163653373718,2.120190989970638,3.961368874944165,0.29084341704986216,0.6031117996796974,1.1167921105935048,-1947.5600270527239,-0.12201725194596304,0.26886295,683,0.240313,backward
398.86902713775635,2.126173514067997,3.9479483690241612,0.8419531664922427,-0.1107439270318755,0.09933497000281326,-1948.5774841933146,-0.12208099700262018,0.26886295,683,0.240313,backward
399.0221574306488,2.1070941138321637,3.953445925388679,0.3304951356726106,-0.07224462130695347,0.3042661595125462,-1948.3725530038048,-0.12206815778830349,0.26886295,683,0.240154,backward
399.17128586769104,2.1024051091075626,3.9654111964543923,-0.5439571112836988,0.3826673420726647,2.2301120509858916,-1946.4467071123313,-0.1219475009561212,0.26886295,683,0.240154,forward
399.30924582481384,2.114855225462445,3.9616922606573084,-0.005889898091316158,0.7629272683722848,1.4796887334700024,-1947.1971304298472,-0.12199451598504331,0.26886295,683,0.240002,forward
399.44997477531433,2.118574091612213,3.9537693110691623,0.46572273569153144,0.1907952285990738,0.5964726530493663,-1948.0803465102679,-0.12204985065894833,0.2692566,684,0.240002,forward
399.6203510761261,2.108549322228439,3.955062853804416,0.11279157440704525,-0.14900220285406768,0.18240881985607477,-1948.4944103434614,-0.12207579231432977,0.2692566,684,0.23985,still
399.76329135894775,2.1070941138321637,3.9571648607946717,-0.21605327321835105,0.13190553887732162,1.9626688950102948,-1946.714150268307,-0.12196425662911234,0.2692566,684,0.239692,forward
399.9143235683441,2.115340294954346,3.9626624178047463,0.019564475284633603,0.7482259393094443,1.4567802939128016,-1947.2200388694046,-0.12199595122955559,0.2692566,684,0.239692,forward
400.05405735969543,2.1203526798075627,3.9587817892870367,0.5182334811340171,0.5917575785296855,0.9016775946231416,-1947.7751415686942,-0.12203072915936226,0.26965025,685,0.239534,forward
400.1935830116272,2.114693535632204,3.952960846870451,0.4125520335804615,0.05903878233794327,0.42720170122318724,-1948.249617462094,-0.12206045571147006,0.26965025,685,0.239534,backward
400.3474543094635,2.099333002653002,3.9508588399927524,-0.40990938891600043,-0.20606821696534455,-3.014575102521485,-1951.6913942658387,-0.12227608765172908,0.26965025,685,0.239375,backward
400.4863932132721,2.1015966600337355,3.9634708821034534,-0.7224803593656459,0.4711084637807016,2.363613279771397,-1952.5963911907254,-0.12233278692479915,0.26965025,685,0.239375,backward
400.6262152194977,2.129083931294026,3.9641176535484264,0.5582585854171491,0.8272813464667915,0.9923600326469647,-1953.96764443785,-0.12241869778280198,0.2700439,686,0.239224,backward
400.78429913520813,2.124879995321388,3.951020532827501,1.014292397864979,0.29224122579528095,0.3825356553980229,-1954.5774688150989,-0.12245690409924306,0.2700439,686,0.239065,backward
400.9300916194916,2.1109746695908314,3.9453612838092043,0.3417092334249094,-0.28350841175857094,-0.33488913313947444,-1955.2948936036364,-0.1225018517259962,0.2700439,686,0.239065,backward
401.0707244873047,2.1030518683701422,3.9603987178127373,-0.38109438022865727,0.09121385645067429,2.5067005281720793,-1958.7364892495043,-0.12271747231647087,0.2700439,686,0.238916,backward
401.22770380973816,2.108387632405847,3.9726873756987504,-0.3114528633264358,0.88147703028985,1.8064549349973174,-1959.436734842679,-0.12276134364355687,0.2700439,686,0.238765,backward
401.36511731147766,2.121646198510044,3.9565180894070577,0.38092129354051113,0.69940594735862,1.074155412528508,-1960.169034365148,-0.12280722319237274,0.27043755,687,0.238765,backward
401.5333592891693,2.1163104339434526,3.9468165192321445,0.5432683966992572,0.04172306681631455,0.2626499378376107,-1960.9805398398387,-0.12285806510049646,0.27043755,687,0.238606,backward
401.6702995300293,2.0962608962689164,3.951990689842985,-0.39378904743542814,-0.09614642598376816,3.0713559052377035,-1958.1718338724386,-0.12268209589856896,0.27043755,687,0.238606,backward
401.81052589416504,2.096099206461178,3.966704739381725,-0.9361846236428812,0.5736842719958228,2.4721329011854554,-1958.7710568764908,-0.12271963802473791,0.27043755,687,0.238447,backward
401.9526779651642,2.1134000169973435,3.965249503589978,-0.2815209572729441,0.8283584174131159,1.7922986053407464,-1959.4508911723353,-0.12276223055662672,0.27043755,687,0.238447,backward
402.0939157009125,2.114046776313203,3.9490802188324725,0.1719212114015273,0.18369747087794328,0.8663269484137416,-1960.3768628292623,-0.12282024392483548,0.2708312,688,0.238298,backward
402.2509763240814,2.099333002653002,3.949888682991245,-0.4201685261582837,-0.0510829712828459,3.00404549939967,-1958.2391442782766,-0.12268631298591601,0.2708312,688,0.238298,backward
402.39889097213745,2.0998180720885085,3.967351510853406,-0.7863817021647103,0.6261009353897303,2.3479405411086116,-1958.8952492365677,-0.12272741884293031,0.2708312,688,0.238147,backward
402.5460503101349,2.115016915292882,3.9655728893191404,-0.12637185186149852,0.8614711606012136,1.619428824038744,-1959.6237609536374,-0.12277306108064959,0.2708312,688,0.238147,backward
402.69879508018494,2.1159870542796315,3.955062853804416,0.32260539419840506,0.2653284097351175,0.713468392563393,-1960.5297213851127,-0.12282982071870176,0.27122485,689,0.23799,backward
402.832079410553,2.1111363594165593,3.952637461193298,0.1748475642008987,-0.04998541743791703,0.11952856350778333,-1961.1236612141684,-0.12286703184686006,0.27122485,689,0.23784,backward
402.9665048122406,2.1108129797652997,3.9629858035232286,-0.0442141407546798,0.26343537072233214,1.4882629808312828,-1959.7549267968448,-0.12278127879692792,0.27122485,689,0.23784,backward
403.1048209667206,2.128113792211579,3.9623390320875997,0.7101804863280354,0.7641917020501036,0.8207357729444453,-1960.422454004732,-0.12282310027322348,0.2716185,690,0.237688,backward
403.25616574287415,2.1167955034406583,3.9513439184979977,0.7453787357360925,0.16335319543900517,0.2783655513360993,-1960.9648242263404,-0.12285708049619926,0.2716185,690,0.237688,backward
403.4098422527313,2.0949673778124707,3.956194703715249,-0.5826164389288396,0.1575889047909723,2.739958596779112,-1958.5032311808973,-0.12270285838512583,0.2716185,690,0.237537,backward
403.5562798976898,2.1012732804055725,3.9675132037221608,-0.7359441050372506,0.6151694572928044,2.3522586990238357,-1958.8909310786526,-0.12272714830453615,0.2716185,690,0.237537,backward
403.7302334308624,2.1101662204651337,3.9597519463984563,-0.5567388114177804,0.693579792914686,2.146525930293903,-1959.0966638473826,-0.12274003773886781,0.2716185,690,0.237378,backward
403.8743543624878,2.1203526798075627,3.9539310039099034,0.31309161304049116,0.3837052320048132,0.8401963169270694,-1960.4029934607497,-0.1228218810440007,0.27201215,691,0.23722,backward
404.0182616710663,2.1177656424403755,3.951828997006239,0.4775266944666064,0.049519604704600435,0.17044863189151171,-1961.0727411457854,-0.12286384163617246,0.27201215,691,0.23722,backward
404.1593141555786,2.110004530640582,3.9553862394915598,0.0725599339549096,-0.05963958457967036,-0.1106286219985571,-1961.3538183996754,-0.12288145150371328,0.27201215,691,0.23706,backward
404.3153510093689,2.1096811509920674,3.9560330108698456,-0.12166975599978287,0.1574485826978076,1.849809221193264,-1965.6765658636634,-0.12315227743928683,0.27201215,691,0.23706,backward
404.45721101760864,2.115178605123516,3.9679982823304307,0.16273544644340585,0.8741635291824282,1.3284317829714583,-1966.197943301885,-0.12318494243618282,0.27201215,691,0.236902,backward
404.59706115722656,2.1250416851640237,3.961045489232355,0.7206497610313577,0.7641096096707972,0.7951997332393549,-1966.7311753516171,-0.12321835014041481,0.2724058,692,0.236902,backward
404.7355568408966,2.116957193273453,3.9508588399927524,0.5284815270930983,0.14228519200233647,0.2818964301436032,-1967.2444786547128,-0.12325050928189879,0.2724058,692,0.23675,backward
404.8759469985962,2.106770734190701,3.9513439184979977,0.11126905582788152,-0.0442806328060224,-0.12065071712343285,-1967.64702580198,-0.12327572940143604,0.2724058,692,0.23675,backward
405.02374148368835,2.1180890221085207,3.9642793464105033,0.20773095003332087,0.6899605824801055,1.2292102388172323,-1966.2971648460393,-0.12319115879921318,0.2724058,692,0.236592,backward
405.1856153011322,2.1294073109897544,3.954901160961344,0.8614658007444613,0.5169729861900733,0.53332165721797,-1966.9930534276386,-0.12323475715367098,0.27279945,693,0.236433,backward
405.3247618675232,2.1134000169973435,3.9511822256625835,0.6675040250239733,-0.042406286656764304,-0.041963043443828764,-1967.5683381283002,-0.12327079951297505,0.27279945,693,0.236433,backward
405.4867434501648,2.1167955034406583,3.963632574964196,0.0996770259111473,0.5411319481585594,1.3444317720924963,-1966.1819433127641,-0.12318394001537085,0.27279945,693,0.236277,backward
405.62349581718445,2.1245566156367066,3.95247576835522,0.7816586886567806,0.22382138732788695,0.27894188546656445,-1967.24743319939,-0.1232506943880918,0.2731931,694,0.236277,backward
405.76794838905334,2.1091960815207655,3.957488246490479,0.23109953635680966,0.03083554609927353,0.14937038926625246,-1967.3770046955904,-0.12325881221638837,0.2731931,694,0.236125,backward
405.92612624168396,2.1137233966548807,3.969291825300515,-0.0517985284056831,0.897708117744538,1.6100073096976992,-1965.916367775159,-0.1231673013511795,0.2731931,694,0.236125,backward
406.06642293930054,2.1264968937566215,3.9545777752761984,0.8013956168796426,0.30205319083471727,0.3507830896777123,-1967.1755919951788,-0.1232461934401402,0.27358675,695,0.23597,backward
406.21373200416565,2.112268188202145,3.953284232548937,0.37799069081351405,0.04181748393714081,0.09550346279889603,-1967.4308716220578,-0.12326218705169359,0.27358675,695,0.235818,backward
406.3486490249634,2.112106498375044,3.9678365894606733,-0.11512215093381348,0.6190268733401454,1.748588392358296,-1965.7777866924982,-0.12315861906018814,0.27358675,695,0.235818,backward
406.4866886138916,2.1308625196303077,3.9579733250366878,0.8537585246444548,0.7047250457461391,0.6785701475668785,-1966.8478049372898,-0.12322565714063134,0.2739804,696,0.23566,backward
406.6229658126831,2.1297306906862725,3.951990689842985,1.3338461605866254,0.046528980576847755,0.021721944744093374,-1967.5046531401124,-0.12326680956291397,0.2739804,696,0.23566,backward
406.7578501701355,2.1106512899399643,3.9555479323356315,0.3960545125582815,-0.10811630569258866,-0.31776256553943993,-1967.8441376503956,-0.1232880787235291,0.2739804,696,0.235503,backward
406.90917587280273,2.10887270187421,3.964441039272915,-0.058071419147900025,0.42375134216636867,1.7609238712296236,-1965.7654512136269,-0.12315784622586601,0.2739804,696,0.235503,backward
407.05470514297485,2.117442262773017,3.9555479323356315,0.23186073409214983,0.5792340545060343,1.2079492493765291,-1966.31842583548,-0.12319249082876253,0.2739804,696,0.235344,backward
407.18696308135986,2.119544230624907,3.9469782120585784,0.5285807037445266,-0.14610058038267476,-0.327112489425748,-1967.8534875742826,-0.12328866450882084,0.27437405,697,0.235344,backward
407.32567524909973,2.1022434192924067,3.951990689842985,-0.18494097216572608,-0.1969280367033377,-2.3389082947339506,-1969.865283379591,-0.12341470621856553,0.27437405,697,0.235195,backward
407.4693953990936,2.105800595271012,3.9658962750496376,-0.4178412203288858,0.5482674998331982,2.269527508363014,-1971.5400328836736,-0.12351963152476791,0.27437405,697,0.235037,backward
407.61106395721436,2.120837749319517,3.959590253545719,0.3649813855492242,0.5920938636107242,1.0233289428795578,-1972.7862314491572,-0.12359770753897395,0.2747677,698,0.235037,backward
407.7462134361267,2.12568844453654,3.950212068657083,0.955634216533252,0.12341564492833465,0.0968975556550667,-1973.7126628363817,-0.12365574970990344,0.2747677,698,0.235037,backward
407.8800961971283,2.1080642527612508,3.9453612838092043,0.23440753530699213,-0.296777252537273,-1.0250285394150873,-1974.8345889314521,-0.12372603988689691,0.2747677,698,0.234885,backward
408.0125639438629,2.0986862434083933,3.948918526001716,-0.5856494567357533,-0.3210139624593059,-2.6289547382320886,-1976.4385151302688,-0.12382652801788403,0.2747677,698,0.234727,backward
408.1492006778717,2.1017583498481103,3.9615305678005694,-0.6105765559649214,0.29989541958307087,2.7362781187806187,-1977.3564675804357,-0.12388403897201669,0.2747677,698,0.234727,backward
408.2870306968689,2.112106498375044,3.9586200964363,-0.5151918592434782,0.6621763497316594,2.2739173230899477,-1977.8188283761265,-0.12391300649697821,0.2747677,698,0.234568,backward
408.419308423996,2.129892380534828,3.9484334475114418,0.8556183695771604,-0.08115876370504603,-0.1396600054321268,-1980.2324057046485,-0.1240642203588847,0.27516135,699,0.234568,backward
408.54983401298523,2.109842840816227,3.9468165192321445,0.3088019010984704,-0.35050598418426293,-0.937737399507055,-1981.0304830987234,-0.12411422097971926,0.27516135,699,0.234417,backward
408.69891381263733,2.100949900778191,3.963632574964196,-0.37134187476225805,0.09581915054369329,2.9798021239149253,-1983.3961288824812,-0.12426243186595753,0.27516135,699,0.234417,backward
408.84135389328003,2.115340294954346,3.9603987178127373,-0.043072532669124065,0.5509033733884431,1.698731700468876,-1984.6771993059272,-0.12434269264890997,0.27516135,699,0.23426,backward
408.99325919151306,2.1234247867465315,3.9516673041698254,0.7307022987308704,0.15942616689210534,0.17109167114304422,-1986.2048393352532,-0.1244384013488996,0.275555,700,0.23426,backward
409.1293137073517,2.1180890221085207,3.944876205340874,0.6551081596864661,-0.4108991604720438,-0.624201915635083,-1987.0001329220313,-0.12448822756046742,0.275555,700,0.234102,backward
409.2875154018402,2.098201173976986,3.9536076182287543,-0.4349445388481967,-0.4572227093487433,-2.338514608113857,-1988.7144456145102,-0.12459563155356994,0.275555,700,0.233948,backward
409.42443013191223,2.1061239749101253,3.9589434821381064,-0.5055967473856893,0.2472922475174608,2.7541647812696026,-1989.9049515323063,-0.12467021834858376,0.275555,700,0.233948,backward
409.5626468658447,2.1187357814471706,3.955224546647821,0.14547074006702707,0.29874791535250733,1.1531942312046224,-1991.5059220823712,-0.12477052130420611,0.27594865,701,0.233948,backward
409.7073652744293,2.115016915292882,3.9460080551049646,0.3891756561764797,-0.2504345000513498,-0.6686534060999442,-1993.3277697196759,-0.12488466250605885,0.27594865,701,0.23379,backward
409.8475968837738,2.1027284887384616,3.948756833171292,-0.2591046364692461,-0.4952535311583772,-2.076654986949934,-1994.7357713005256,-0.12497287569653538,0.27594865,701,0.23379,backward
409.9834051132202,2.0810620551921923,3.954901160961344,-1.5410002908684826,0.04205835366051273,3.1307147778156517,-1995.8115868429395,-0.1250402769854624,0.27594865,701,0.23363,backward
410.1236493587494,2.114693535632204,3.9591051749895096,-0.38843153118163876,0.44432858033723605,2.3341899844433547,-1996.6081116363118,-0.12509018033377725,0.2763423,702,0.233481,backward
410.264732837677,2.114531845802159,3.954092696750978,0.2789501868210082,0.10690607251110275,0.278288211643508,-1998.6640134091117,-0.12521898534163498,0.2763423,702,0.233481,backward
410.4110600948334,2.0962608962689164,3.9380851070981513,-0.42553323328747034,-0.7077220849721731,-2.1073077463274608,-2001.0496093670827,-0.1253684461330877,0.2763423,702,0.23332,backward
410.57113003730774,2.09836286378726,3.9615305678005694,-0.969615283733694,-0.046574981145450924,-3.0713245135994063,-2002.0136261343546,-0.12542884307856741,0.2763423,702,0.23332,backward
410.74227833747864,2.115178605123516,3.952960846870451,-0.09047574095398835,0.15861616672625492,2.148340789668358,-2003.0771461382665,-0.12549547403549008,0.27673595,703,0.233164,backward
410.8919632434845,2.1049921461766523,3.9468165192321445,-0.009653614165461686,-0.2958315549227418,-1.598262920711405,-2006.8237498486462,-0.12573020379093844,0.27673595,703,0.233005,backward
411.0338306427002,2.092703720543701,3.9513439184979977,-1.0759447431391982,-0.2862561541415827,-2.863897633980757,-2008.0893845619155,-0.12580949750591278,0.27673595,703,0.233005,backward
411.1707937717438,2.0825172633060784,3.9623390320875997,-1.6916676118707223,0.434915471293132,2.897652588998077,-2008.6110196461163,-0.12584217864467548,0.27673595,703,0.232844,backward
411.3139650821686,2.1033752480026053,3.952152382680064,-1.0942573969381646,0.24258799271008308,2.936795418746229,-2008.571876816368,-0.1258397262938093,0.27673595,703,0.232844,backward
411.4529721736908,2.11663381360806,3.943097584315916,-0.055385681135118416,-0.4102339686861307,-1.6047421652814235,-2006.8302290932163,-0.12573060972431466,0.2771296,704,0.232695,backward
411.59702706336975,2.108549322228439,3.9477866761957325,-0.1921634046648956,-0.4510389880578287,-1.8827509677730678,-2007.1082378957078,-0.12574802734925333,0.27752325,705,0.232695,backward
411.7354369163513,2.0943206185889256,3.949888682991245,-0.7868168531597505,-0.1940764226996554,-2.8689057901568775,-2008.0943927180913,-0.1258098112736249,0.27752325,705,0.232544,backward
411.8798041343689,2.0901166837118406,3.9618539535143804,-1.5657566977571282,0.17506776126338924,3.034274597498446,-2008.4743976376155,-0.125833619092312,0.27752325,705,0.232544,backward
412.02260518074036,2.103860317452766,3.9566797822534614,-0.7491636265456457,0.21346027674298357,2.8575923399484138,-2008.6510798951656,-0.12584468847309327,0.2779169,706,0.232385,backward
412.1579039096832,2.113885086483944,3.9600753321049296,-0.13639336842139765,0.45841087233085775,1.7126384954563936,-2009.7960337396573,-0.1259164213695223,0.2779169,706,0.232236,backward
412.3328869342804,2.1167955034406583,3.9607221035218796,0.11574252506022889,0.4976092662357418,1.1922190761968836,-2010.3164531589166,-0.12594902634524333,0.27831055,707,0.232236,backward
412.4807302951813,2.110004530640582,3.9597519463984563,0.09033475885988983,0.33912914739311123,1.0963166956733235,-2010.4123555394401,-0.1259550347582134,0.27831055,707,0.232085,backward
412.6266326904297,2.115663674616596,3.9544160824341246,0.25120894818251466,0.1216419088797242,0.2826123454104533,-2011.226059889703,-0.1260060144288456,0.27831055,707,0.231926,backward
412.77023220062256,2.1222929578660095,3.950212068657083,0.5664314436127734,-0.030422761231105048,-0.09335379319664108,-2011.6020260283099,-0.12602956921248273,0.2787042,708,0.231926,backward
412.935019493103,2.1274670328272283,3.949888682991245,0.875886106671531,-0.31769548870646963,-0.35303717391893774,-2011.861709409032,-0.12604583872513014,0.2787042,708,0.231926,backward
413.0782446861267,2.13247941813858,3.940833884887738,1.4454317516472506,-0.7114226080402902,-0.45674754950681085,-2011.96541978462,-0.12605233631947987,0.27909785,709,0.231768,backward
413.21246123313904,2.1222929578660095,3.938893571143955,0.9925530933372944,-0.9809451544222239,-0.7699852045077241,-2012.278657439621,-0.1260719610793529,0.27909785,709,0.231616,backward
413.34755420684814,2.1172805729396322,3.943744355593067,0.6084916066139603,-0.8320364542177799,-0.9227256697109102,-2012.4313979048238,-0.12608153047468149,0.27909785,709,0.231616,backward
413.4925801753998,2.1069324240113345,3.9492419116635613,-0.12340845468388568,-0.5207330367422706,-1.7675600115203154,-2013.2762322466333,-0.12613446048110247,0.27909785,709,0.231458,backward
413.62577724456787,2.10887270187421,3.954092696750978,-0.19542325718394066,-0.10636478808545607,-2.6286337296091684,-2014.1373059647221,-0.1261884079062625,0.27909785,709,0.231458,backward
413.76243257522583,2.1015966600337355,3.9513439184979977,-0.47462733126496254,0.11978842914744076,2.8653969704971542,-2014.9264605717954,-0.126237849502505,0.27909785,709,0.231309,backward
413.90554118156433,2.118574091612213,3.9539310039099034,0.07689521375326958,0.02091652156367961,0.2541418003216781,-2017.537715741971,-0.12640144814674123,0.27909785,709,0.231309,backward
414.04646944999695,2.1200293001339103,3.9451995909860953,0.5884097328450192,-0.4237998368937617,-0.5970557604547908,-2018.3889133027474,-0.12645477681737852,0.2794915,710,0.23115,backward
414.2071363925934,2.100303141525772,3.9476249833676365,-0.3223098604389724,-0.5577547892489096,-2.075570844194549,-2019.867428386487,-0.12654740777353526,0.2794915,710,0.23115,backward
414.35560393333435,2.099494692464642,3.958458403585897,-0.865800507915676,0.11606343275425228,2.9850312062729447,-2021.090011643199,-0.12662400425692322,0.2794915,710,0.231,backward
414.4935517311096,2.1222929578660095,3.949565297326738,0.12658772604055687,-0.1141535130284014,-0.5564278247323731,-2018.3482853670246,-0.12645223142262804,0.27988515,711,0.231,backward
414.6459057331085,2.1061239749101253,3.943420969953827,0.10965036660039217,-0.7604898842530741,-1.385324533383858,-2019.1771820756762,-0.1265041629149219,0.27988515,711,0.23085,backward
414.80032539367676,2.095937516653635,3.962015646371787,-0.8552473145938413,0.047465199466691504,3.054619517132882,-2021.0204233323393,-0.12661964445576654,0.27988515,711,0.230698,backward
414.93294191360474,2.1132383271688693,3.947463290539873,-0.3080397231720921,-0.08735884492921128,-2.908356872796268,-2020.7002144150888,-0.12659958293694873,0.27988515,711,0.230698,backward
415.0870199203491,2.1019200396626805,3.939863728009871,-0.2952487532203646,-0.7234975344973329,-1.921579822353352,-2019.7134373646456,-0.12653776002915337,0.2802788,712,0.23055,backward
415.22860836982727,2.087206267335523,3.9511822256625835,-1.283437765139698,-0.29201635743173177,-2.9354385248690753,-2020.7272960671612,-0.12660127963883114,0.2802788,712,0.23039,backward
415.3810181617737,2.0998180720885085,3.959913639251526,-1.146666196510749,0.3438440489792014,2.8076755789381687,-2021.267367270534,-0.1266351158252261,0.2802788,712,0.23039,backward
415.52285861968994,2.1264968937566215,3.9435826627732813,0.3880377294264226,-0.1283898461966761,-0.21488010621587977,-2024.2899229556879,-0.1268244829992455,0.28067245,713,0.230232,backward
415.6619498729706,2.1080642527612508,3.9406721920739303,0.2778485897306926,-0.726847818078601,-1.1194745576811547,-2025.1945174071532,-0.12688115705681505,0.28067245,713,0.230232,backward
415.799076795578,2.09448230839452,3.9508588399927524,-0.8377812532496147,-0.4238608027149781,-2.6829766774978836,-2026.75801952697,-0.12697911256494923,0.28067245,713,0.230083,backward
415.94025349617004,2.1001414517131556,3.95247576835522,-0.9901834888792597,0.1182181246604646,2.970925222237135,-2027.3873029344147,-0.12701853801577231,0.28067245,713,0.230083,backward
416.08064889907837,2.107902562939247,3.9422891202269508,-0.3595714099699337,-0.220265455384334,-2.572958623645264,-2026.6480014731176,-0.12697221978608283,0.2810661,714,0.229924,backward
416.2242591381073,2.095775826846287,3.94196573459369,-0.7801185959142453,-0.8036318398738393,-2.3151364307988587,-2026.390179280271,-0.126956066879356,0.2810661,714,0.229924,backward
416.365362405777,2.0973927249285436,3.951990689842985,-0.9165951516391636,-0.4082894187886441,-2.734081341447657,-2026.8091241909199,-0.12698231434079704,0.2810661,714,0.229766,backward
416.49897837638855,2.1062856647299752,3.954254389592385,-0.6443351350645709,-0.013425708720242662,3.0711427401607803,-2027.2870854164912,-0.1270122592536474,0.2810661,714,0.229766,backward
416.63679909706116,2.108549322228439,3.9503737614905017,-0.3309214360012584,-0.06395153220266414,-3.086974632976451,-2027.162017482449,-0.12700442357956987,0.28145975,715,0.229607,backward
416.77158880233765,2.0990096230303075,3.939540342386571,-0.5649856443678759,-0.42485985776216484,-2.463662448408572,-2026.5387052978808,-0.1269653722338814,0.28145975,715,0.229607,backward
416.9180920124054,2.0922186511339316,3.9414806561462896,-1.035786788274742,-0.8295600706857499,-2.4474987629288845,-2026.522541612401,-0.12696435955727267,0.28145975,715,0.229448,backward
417.0575957298279,2.090925132716445,3.9455229766326463,-1.3619178788210102,-0.5005342200589277,-2.803980237201124,-2026.8790230866732,-0.12698669360051454,0.28145975,715,0.229448,backward
417.1937847137451,2.095775826846287,3.957488246490479,-1.1270618318725907,0.10030525712843599,2.9762636436130685,-2027.3819645130388,-0.12701820355650176,0.28145975,715,0.22929,backward
417.36411237716675,2.1132383271688693,3.9484334475114418,-0.2450186748360958,-0.06350733448783615,3.1293581782067177,-2027.228869978445,-0.1270086119782502,0.2818534,716,0.22929,backward
417.5154709815979,2.095937516653635,3.9435826627732813,-0.471883273197803,-0.6393257497492141,-2.0990374078124616,-2026.1740802572845,-0.1269425279852697,0.2818534,716,0.22913,backward
417.65354919433594,2.0910868225179495,3.945037898163318,-1.364433436314099,-0.7144469653343518,-2.657487920896685,-2026.7325307703686,-0.12697751566010787,0.2818534,716,0.228982,backward
417.79304027557373,2.0831640224728485,3.9516673041698254,-1.7693678714850243,-0.4083059134326414,-2.939791637684768,-2027.0148344871568,-0.12699520236719683,0.2818534,716,0.228982,backward
417.9274368286133,2.076534741160484,3.9515056113337454,-2.1486836805010805,-0.03272154802178561,3.117590619348497,-2027.240637537303,-0.12700934923162058,0.2818534,716,0.228823,backward
418.06357645988464,2.1066090443702636,3.9476249833676365,-0.8823886616008714,0.03433633207917693,2.979322421097565,-2027.3789057355539,-0.12701801191998333,0.28224705,717,0.228823,backward
418.2097644805908,2.0973927249285436,3.933072630199271,-0.7513136408039925,-0.8943422559872085,-2.1666393828054495,-2026.2416822322775,-0.126946763339816,0.28224705,717,0.228665,backward
418.35807394981384,2.0906017531140195,3.9464931335802755,-1.3845940621803248,-0.7182353181659231,-2.650283185066868,-2026.7253260345387,-0.12697706427372968,0.28224705,717,0.228665,backward
418.5023136138916,2.106770734190701,3.9490802188324725,-0.8403600767569432,-0.21902660992854722,-2.940210439471965,-2027.0152532889438,-0.12699522860569137,0.28224705,717,0.228506,backward
418.66051387786865,2.111298049242483,3.9372766430606436,-0.24940746118152965,-0.3701186623360062,-1.6636341797183607,-2025.7386770291898,-0.12691524938813148,0.2826407,718,0.228347,backward
418.80973052978516,2.1184124017774524,3.9353363294044623,0.5090045784258217,-1.110963176421033,-0.9471423783025534,-2025.0221852277741,-0.12687036021427484,0.28303435,719,0.228347,backward
418.94318747520447,2.105153835995133,3.954254389592385,0.014683497682029482,-0.5255437198092258,-1.0710379947088213,-2025.1460808441802,-0.12687812244107763,0.28303435,719,0.228188,backward
419.08457469940186,2.0762113615926,3.9523140755174757,-1.7427544990684503,-0.12294309358518095,-3.132441814147526,-2027.2074846636192,-0.12700727215954843,0.28303435,719,0.228188,backward
419.2408232688904,2.115340294954346,3.9458463622805255,-0.8745318293663223,-0.13751890611831327,-3.094916110003292,-2027.1699589594748,-0.1270049211237737,0.28303435,719,0.22803,backward
419.3840582370758,2.1171188831064445,3.937114950254137,0.3566874080738559,-0.9421968730213004,-0.9530379130389789,-2025.0280807625106,-0.12687072957744586,0.283428,720,0.22803,forward
419.52639603614807,2.1080642527612508,3.9485951403412005,0.021126229891783168,-0.6475487096132935,-1.1288638254281196,-2025.2039066748996,-0.12688174530705243,0.283428,720,0.22787,forward
419.6809027194977,2.108549322228439,3.951020532827501,-0.26941399097744667,-0.08548505928628553,2.4224795256910623,-2027.93574863096,-0.12705289887541438,0.283428,720,0.22787,backward
419.82994747161865,2.12180788834874,3.9403488064473104,0.35893067699946846,-0.4132161606809853,-0.46210987167306006,-2030.820338028324,-0.127233622276167,0.283428,720,0.227712,backward
419.974449634552,2.0786367083706065,3.940833884887738,-1.0335905885438748,-0.8769895828521249,-2.39479050301632,-2032.7530186596673,-0.12735470731398355,0.28382165,721,0.227554,backward
420.1193599700928,2.0660249055999387,3.9516673041698254,-2.716792234220212,-0.2343943472427672,-3.1002283918227205,-2033.4584565484736,-0.12739890394536593,0.28382165,721,0.227554,backward
420.2635431289673,2.0914102021215424,3.953284232548937,-1.9472580341476151,-0.11288723101827952,3.1301195437790286,-2033.5112939200515,-0.12740221427767429,0.28382165,721,0.227395,backward
420.4115524291992,2.1091960815207655,3.949888682991245,-0.6331568670829345,-0.2621574562079699,-2.7952548378874718,-2033.1534829945383,-0.1273797969425262,0.2842153,722,0.227395,backward
420.5747447013855,2.120676059482002,3.93549802220732,0.37320635910758465,-1.0201758841387671,-0.9390314931288847,-2031.2972596497796,-0.12726350205642295,0.28460895,723,0.227239,backward
420.70875215530396,2.0967459656933003,3.9379234142899864,-0.48617215359767507,-1.1138935521651867,-1.791290848794249,-2032.1495190054452,-0.12731689724993642,0.28460895,723,0.22709,backward
420.84927439689636,2.091733581725914,3.948271754682015,-1.207185050040948,-0.5086924890564847,-2.778204793612785,-2033.1364329502637,-0.12737872873434827,0.28460895,723,0.22709,backward
420.99999737739563,2.09723103511944,3.945037898163318,-1.130171635567446,-0.28858748887214264,-2.9853589585726197,-2033.3435871152237,-0.1273917072210632,0.28460895,723,0.22709,backward
421.1351788043976,2.104668766540278,3.943744355593067,-0.6641435629422158,-0.42221841140822264,-2.523516601703137,-2032.881744758354,-0.1273627721769902,0.2850026,724,0.226938,backward
421.2757878303528,2.1020817294774456,3.934042786993539,-0.5380981162488998,-0.9795006401505875,-1.8611303016323284,-2032.2193584582828,-0.1273212727854754,0.2850026,724,0.226787,backward
421.4470705986023,2.0868828877420422,3.939378649575419,-1.318157927825242,-1.0921373801213266,-2.4067153084188133,-2032.7649434650693,-0.12735545441906115,0.2850026,724,0.226787,backward
421.60456228256226,2.0941589287835267,3.9460080551049646,-1.4468934178576738,-0.5781350172550404,-2.803190617934593,-2033.1614187745852,-0.1273802941298067,0.2850026,724,0.226628,backward
421.76766896247864,2.107740873117439,3.9380851070981513,-0.5416370105190148,-0.5835738966680065,-2.0754942866918813,-2032.4337224433425,-0.12733470297710484,0.28539625,725,0.22647,backward
421.90283250808716,2.0907634429151347,3.93582140781403,-0.979018002567895,-1.1413530337532067,-2.174352132006518,-2032.532580288657,-0.12734089655391428,0.28539625,725,0.22647,backward
422.03788805007935,2.090925132716445,3.9453612838092043,-1.370324120498736,-0.77088757944173,-2.636773514385454,-2032.995001671036,-0.12736986787471322,0.28539625,725,0.22647,backward
422.1731925010681,2.1011115905917843,3.9479483690241612,-0.9435154692694356,-0.5005513158951692,-2.680518080313951,-2033.0387462369647,-0.12737260853053284,0.28539625,725,0.22631,backward
422.31145453453064,2.0952907574254125,3.9322641662131628,-0.9594011727671636,-1.235985085626986,-2.1084897187674323,-2032.4667178754182,-0.12733677018524872,0.2857899,726,0.22616,backward
422.44855308532715,2.080091916458326,3.9372766430606436,-1.5698314371970044,-1.2172077699761132,-2.4536487611014173,-2032.811876917752,-0.1273583948629197,0.2857899,726,0.22616,backward
422.5950791835785,2.0964225860768493,3.9464931335802755,-1.4094109650665363,-0.6030078715762426,-2.7933997453286388,-2033.1516279019793,-0.12737968071848538,0.2857899,726,0.22601,backward
422.7291841506958,2.100949900778191,3.931455702235339,-0.7935481610070884,-1.1530943006385992,-1.997363514761161,-2032.355591671412,-0.12732980797928656,0.28618355,727,0.22601,backward
422.87259006500244,2.089469924511659,3.931455702235339,-1.183344291236113,-1.3970837720441536,-2.178203325039407,-2032.5364314816902,-0.1273411378363313,0.28618355,727,0.225852,backward
423.01715636253357,2.0868828877420422,3.9490802188324725,-1.65854061446392,-0.6848205321236114,-2.810677002647636,-2033.1689051592984,-0.1273807631618658,0.28618355,727,0.225852,backward
423.17123079299927,2.1064473545500215,3.939216956764599,-0.6481758152653492,-0.7170259990603245,-2.0650836571380706,-2032.423311813789,-0.1273340507371782,0.2865772,728,0.225693,backward
423.33038425445557,2.105153835995133,3.92935369593176,-0.40279095933885456,-1.3811438682548751,-1.5745574556819975,-2031.9327856123332,-0.12730331861170954,0.2865772,728,0.225693,backward
423.4632897377014,2.0906017531140195,3.934042786993539,-1.0418491800292728,-1.5294821430521301,-2.042404429234702,-2032.4006325858861,-0.127332629853084,0.2865772,728,0.225535,still
423.6063063144684,2.080415296035506,3.943420969953827,-1.9889387848370532,-0.9796073499384165,-2.725765316582344,-2033.0839934732337,-0.12737544333066786,0.2865772,728,0.225376,forward
423.7583968639374,2.0973927249285436,3.9421274274101545,-1.5120415044500137,-0.6470228800926204,-2.8217068530064275,-2033.1799350096576,-0.12738145419680771,0.2865772,728,0.225376,forward
423.89774346351624,2.1049921461766523,3.9335577085949134,-0.7053296847947669,-1.0852369220607638,-1.900848280291452,-2032.2590764369425,-0.12732376117019348,0.28697085,729,0.225225,forward
424.0364909172058,2.098524553597729,3.928060153618916,-0.7703785761270007,-1.5552229116239906,-1.8312422363755467,-2032.1894703930268,-0.127319400258037,0.28697085,729,0.225225,backward
424.16947889328003,2.0880147163226264,3.9367915646421205,-1.2681221218872176,-1.27250559304512,-2.2828604193969024,-2032.6410885760483,-0.12734769474388374,0.28697085,729,0.225066,backward
424.3079855442047,2.083487402057397,3.94196573459369,-1.6931322373029494,-0.8878527663239564,-2.7139886244315163,-2033.072216781083,-0.12737470550508445,0.28697085,729,0.225066,still
424.44134759902954,2.0939972389783224,3.936144793422067,-1.366778837126184,-1.0439632189694827,-2.471628871407457,-2032.8298570280588,-0.12735952134098394,0.28697085,729,0.224915,forward
424.57816457748413,2.0910868225179495,3.919652129101644,-1.2430258363279174,-1.6565951970741473,-2.100465880546015,-2032.4586940371973,-0.12733626748100538,0.2873645,730,0.224756,forward
424.7294542789459,2.084295851022166,3.9285452319837493,-1.680854864995195,-1.5798231620439707,-2.344149173578086,-2032.7023773302292,-0.12735153456666531,0.2873645,730,0.224756,backward
424.86221385002136,2.091733581725914,3.9414806561462896,-1.662802703452007,-1.0438991802722126,-2.6125557639031998,-2032.9707839205544,-0.1273683506001127,0.2873645,730,0.224756,backward
424.997309923172,2.104668766540278,3.9363064862265826,-0.8002758239994373,-0.997153930674169,-2.013929303907981,-2032.372157460559,-0.12733084584823023,0.28775815,731,0.224597,forward
425.1434848308563,2.1011115905917843,3.92983877430454,-0.5556056864195057,-1.4798880203108544,-1.6192259972620573,-2031.9774541539132,-0.12730611715584494,0.2881518,732,0.224438,forward
425.294193983078,2.087044577538686,3.9275750752570633,-1.2656637847923433,-1.7568341520229362,-2.07752182860553,-2032.4357499852565,-0.1273348300053294,0.2881518,732,0.224438,still
425.4558024406433,2.0763730513764456,3.936953257447963,-2.0479384286632363,-1.3770396981985025,-2.5732821471277583,-2032.9315103037786,-0.12736589005526353,0.2881518,732,0.22428,still
425.60146021842957,2.079445157306291,3.9432592771347053,-2.3805416451787904,-0.8517750023231916,-2.9049844263705684,-2033.2632125830214,-0.12738667164864972,0.2881518,732,0.22428,still
425.75164341926575,2.0936738593684985,3.9275750752570633,-1.573358201907699,-1.281571836310573,-2.437241419350711,-2032.7954695760016,-0.12735736692091826,0.28854545,733,0.22412,backward
425.90764021873474,2.100464831338584,3.9206222857310795,-0.8596365132297952,-2.017914862267319,-1.7590763117939425,-2032.117304468445,-0.127314878965918,0.2889391,734,0.22412,forward
426.04952812194824,2.0838107816427227,3.930647238265799,-1.4642794270697432,-1.7248832001453447,-2.1831877046702273,-2032.541415861321,-0.12734145011441092,0.2889391,734,0.223972,forward
426.1889216899872,2.0886614755158073,3.9367915646421205,-1.756072231646434,-1.1539750885080733,-2.604134936525416,-2032.9623630931762,-0.12736782302396532,0.2889391,734,0.223972,backward
426.33290791511536,2.1080642527612508,3.92935369593176,-0.7607791184625697,-1.4570040596815264,-1.7490906065841145,-2032.107318763235,-0.12731425334807234,0.28933275,735,0.223813,forward
426.4813392162323,2.0860744387617403,3.922562599025649,-1.167630088396033,-1.980939896190278,-1.9403194148893892,-2032.2985475715402,-0.1273262340897995,0.28933275,735,0.223813,forward
426.62327003479004,2.0799302266700264,3.92983877430454,-2.1017202128608483,-1.6914162148504754,-2.4661346354523697,-2032.824362792103,-0.12735917711972067,0.28933275,735,0.223662,backward
426.76421427726746,2.098524553597729,3.9390552639541108,-1.541233880474772,-1.2282958455913182,-2.4743510125099077,-2032.8325791691607,-0.12735969188678078,0.28933275,735,0.223503,backward
426.9011015892029,2.1114597390686027,3.9248262979294966,-0.48719761987478266,-1.4505498052707624,-1.4405249699221558,-2031.798753126573,-0.1272949212964244,0.2897264,736,0.223503,forward
427.0538103580475,2.1064473545500215,3.921754135147126,-0.005542728856160244,-2.0155165940070803,-1.1906210315997316,-2031.5488491882506,-0.1272792644789805,0.29012005,737,0.223345,forward
427.199667930603,2.0851042999917873,3.9363064862265826,-1.2435045207541162,-1.702341825526232,-2.0683483121933377,-2032.4265764688441,-0.12733425527220296,0.29012005,737,0.223186,forward
427.36978363990784,2.0930271001511875,3.927898460831301,-1.3293487840006555,-1.4533129666144722,-2.234263023983932,-2032.5924911806346,-0.12734465005177786,0.29012005,737,0.223186,still
427.5112113952637,2.0906017531140195,3.922562599025649,-1.3073529476636039,-1.8889934274575317,-2.044642017862889,-2032.402870174514,-0.12733277004101737,0.29012005,737,0.223186,still
427.65474224090576,2.080415296035506,3.931132316646529,-1.938351074628013,-1.9311757511414767,-2.333957427782834,-2032.692185584434,-0.12735089604010016,0.29012005,737,0.223027,still
427.81324911117554,2.089469924511659,3.93549802220732,-1.714332269632109,-1.2450449596232194,-2.5809185365760703,-2032.9391466932273,-0.12736636848532082,0.29012005,737,0.223027,still
427.9573292732239,2.110004530640582,3.9180352014123545,-0.6470654540879017,-1.9042299156358269,-1.5700810244718406,-2031.9283091811233,-0.12730303815728083,0.2905137,738,0.222878,forward
428.1030671596527,2.1024051091075626,3.917873508645243,-0.4989267942001186,-2.2667531289015472,-1.4827751017155708,-2031.841003258367,-0.1272975683239379,0.29090735,739,0.22272,forward
428.2600221633911,2.0783133287976887,3.9380851070981513,-1.6473591417957971,-1.6868689826388055,-2.318907941372422,-2032.677136098024,-0.1273499531695599,0.29090735,739,0.22272,still
428.4004442691803,2.0821938837238574,3.9377617214821528,-2.171062242818971,-1.3155444134804946,-2.709729771070073,-2033.0679579277216,-0.12737443868220022,0.29090735,739,0.222568,still
428.5542106628418,2.0906017531140195,3.9353363294044623,-1.608825626663069,-1.2733760008156667,-2.5360519306993186,-2032.8942800873508,-0.1273635575321912,0.291301,740,0.222412,backward
428.70511507987976,2.0875296469297813,3.924502912367835,-1.4503165610271207,-1.6794667110740216,-2.2043083085044746,-2032.5625364651557,-0.1273427733486135,0.291301,740,0.222412,backward
428.84872579574585,2.1114597390686027,3.916903352049508,-0.46874015861696283,-2.048077580609869,-1.4161941578662016,-2031.7744223145176,-0.12729339693836436,0.29169465,741,0.22226,forward
429.00406217575073,2.1028901785542042,3.9214307495980307,-0.3651529839127834,-2.098959684373954,-1.3530927451221006,-2031.7113209017737,-0.12728944355008878,0.29169465,741,0.22226,forward
429.1502892971039,2.0868828877420422,3.9206222857310795,-1.2756838826524994,-2.1894349275805642,-1.943773864899032,-2032.3020020215506,-0.12732645051573319,0.29169465,741,0.222102,forward
429.3092589378357,2.087367957132555,3.91835858694757,-1.5280885358856762,-2.402740225928916,-2.02595160718297,-2032.3841797638345,-0.1273315990616806,0.29169465,741,0.222102,forward
429.4645187854767,2.0860744387617403,3.9159331954656618,-1.7120327305301217,-2.4482541920361642,-2.097629363257664,-2032.4558575199092,-0.12733608976938685,0.29169465,741,0.221943,still
429.6005973815918,2.0828406428890753,3.918681972484106,-1.8801015002043948,-2.61928194342068,-2.124362553365619,-2032.4825907100173,-0.1273377646396591,0.29169465,741,0.221785,still
429.7411570549011,2.0750795331110994,3.9151247316548696,-2.24326103157565,-2.47569676916158,-2.291232024793608,-2032.6494601814452,-0.12734821923620784,0.29169465,741,0.221785,still
429.8808557987213,2.0762113615926,3.922724291802345,-2.417936554501586,-2.2690438064229466,-2.4094151429187205,-2032.7676432995702,-0.12735562356731944,0.29169465,741,0.221628,backward
430.0220766067505,2.080091916458326,3.931132316646529,-2.4594514705260946,-1.9216582320646671,-2.5486227520692215,-2032.9068509087206,-0.127364345111037,0.29169465,741,0.221628,backward
430.15438437461853,2.0884997857172207,3.933072630199271,-1.824984112404497,-1.576236979107918,-2.496961936484509,-2032.8551900931361,-0.12736110849154217,0.2920883,742,0.221477,still
430.297078371048,2.0826789530974796,3.9319407806210394,-1.8628516141323375,-1.4171147823100712,-2.617198862069551,-2032.9754270187213,-0.12736864149645014,0.2920883,742,0.221477,still
430.4383957386017,2.0906017531140195,3.9215924423724133,-1.625411916579414,-1.8416217714295875,-2.2447984846911564,-2032.6030266413427,-0.12734531011254402,0.2920883,742,0.221318,backward
430.60073256492615,2.0838107816427227,3.911405798231503,-1.6822321132778941,-2.343692803111257,-2.092659571309162,-2032.4508877279604,-0.1273357784052451,0.2920883,742,0.221318,backward
430.7332170009613,2.0668333544602575,3.9191670507913883,-2.646957849217989,-2.5896864978130685,-2.376174550696631,-2032.734402707348,-0.12735354099956303,0.2920883,742,0.22116,backward
430.9036920070648,2.080415296035506,3.928060153618916,-2.4216904734756124,-1.8653866416505656,-2.569680948060678,-2032.927909104712,-0.12736566443530437,0.2920883,742,0.221,backward
431.05009603500366,2.088823165314589,3.9148013461328643,-1.814908907525074,-2.1211877363672635,-2.223022087630427,-2032.5812502442818,-0.12734394579201488,0.29248195,743,0.221,backward
431.1879394054413,2.073300945516459,3.916579966520238,-2.3531732430045045,-2.5150679305884536,-2.307672563009785,-2032.6659007196613,-0.12734924925801247,0.29248195,743,0.221,still
431.3315224647522,2.0849426101974746,3.9319407806210394,-2.2961392491324393,-1.877449579168338,-2.5300748906420134,-2032.8883030472934,-0.12736318306260236,0.29248195,743,0.220842,still
431.4702773094177,2.0901166837118406,3.9110824127246757,-1.4761548278435614,-2.3641140364081337,-1.9534306566073243,-2032.3116588132586,-0.12732705552670615,0.2928756,744,0.220684,backward
431.6039128303528,2.068450252195357,3.916418273756099,-2.4047493121863863,-2.620911978191779,-2.2941460999687022,-2032.6523742566199,-0.12734840180693216,0.2928756,744,0.220684,backward
431.75328254699707,2.0810620551921923,3.932102473416935,-2.469514973462843,-1.874540501338813,-2.5933664960392058,-2032.9515946526901,-0.12736714836670313,0.2928756,744,0.220525,backward
431.89902448654175,2.085751059170979,3.9120525692491155,-1.7727576188196028,-2.2818243418849073,-2.1335794754958037,-2032.4918076321464,-0.127338342092212,0.29326925,745,0.220525,forward
432.0330171585083,2.069420390845676,3.909627177960278,-2.390594110964971,-2.8414247261177614,-2.227473853104238,-2032.5857020097549,-0.12734422470110202,0.29326925,745,0.220366,forward
432.19213223457336,2.0653781465151537,3.9199755146434674,-3.2058650659871426,-2.5724714855367146,-2.5226414377893205,-2032.8808695944397,-0.12736271734679536,0.29326925,745,0.220215,still
432.3347923755646,2.0750795331110994,3.931294009440768,-2.7794348783033063,-1.8721260388889043,-2.68265732898532,-2033.0408854856357,-0.12737274255733583,0.29326925,745,0.220215,backward
432.47423696517944,2.0859127489662623,3.9181968941797973,-2.0518157579512923,-2.16789996603013,-2.30551035945796,-2032.6637385161084,-0.12734911379305527,0.2936629,746,0.220056,backward
432.6117641925812,2.078475018584051,3.9148013461328643,-1.973742788983803,-2.6899362693822724,-2.0965017369477765,-2032.4547298935984,-0.12733601912208367,0.29405655,747,0.220056,backward
432.76008343696594,2.0715223579452067,3.9209456712768684,-2.5238469624590127,-2.5462485420945593,-2.35304338002615,-2032.7112715366768,-0.12735209180064727,0.29405655,747,0.219897,backward
432.92533445358276,2.078798398157356,3.930647238265799,-2.4755708297268715,-1.9753778020573922,-2.5661904497497066,-2032.9244186064004,-0.12736544575089617,0.29405655,747,0.219897,backward
433.0803554058075,2.0881764061206303,3.919652129101644,-1.7489800119392822,-2.1095434038663763,-2.161145111877181,-2032.519373268528,-0.12734006911636156,0.2944502,748,0.219746,still
433.2268476486206,2.080415296035506,3.8999256135463733,-1.9220266406616175,-2.9774059543795492,-2.0005639812695977,-2032.3587921379205,-0.12733000849281267,0.2944502,748,0.219587,still
433.3645088672638,2.064246318124198,3.9109207199717573,-2.8769244133599736,-2.8727213988085363,-2.3629123145092574,-2032.72114047116,-0.12735271010265006,0.2944502,748,0.219587,still
433.50018334388733,2.0561618298916007,3.9201372074148746,-3.63866514709825,-2.374841598059791,-2.676700770836539,-2033.034928927487,-0.1273723693709661,0.2944502,748,0.219438,still
433.63960337638855,2.0666716646878083,3.9367915646421205,-3.3895471437828903,-1.5129536545280418,-2.962495794448843,-2033.3207239510991,-0.1273902748131176,0.2944502,748,0.219438,backward
433.7796239852905,2.0805769858243868,3.916256580992289,-2.478728312865239,-2.1167401037719733,-2.501429029453238,-2032.8596571861035,-0.12736138836091745,0.29484385,749,0.21928,still
433.9282932281494,2.072492496617537,3.9049380883455127,-2.418803839250424,-2.8906978354781856,-2.1985958417663443,-2032.5568239984166,-0.12734241545489844,0.2952375,750,0.21928,still
434.0886902809143,2.0605274534774867,3.914316267852331,-3.168041150053546,-2.7312797933872055,-2.4727683075123292,-2032.8309964641624,-0.1273595927281865,0.2952375,750,0.219128,backward
434.25629138946533,2.0653781465151537,3.9257964546224233,-3.3649357188221884,-2.2103170711932134,-2.6910190681725963,-2033.0492472248227,-0.12737326643152863,0.2952375,750,0.219128,backward
434.39115953445435,2.0757262922422246,3.924017834027823,-2.7317776132893856,-2.0298345834935545,-2.627063210445198,-2032.9852913670952,-0.12736925951112701,0.29563115,751,0.21897,still
434.53259658813477,2.0737860148581317,3.908333635969901,-2.2947732039173294,-2.743572151946191,-2.177911679671885,-2032.536139836322,-0.1273411195643572,0.29563115,751,0.21882,still
434.67521715164185,2.0608508330079425,3.9148013461328643,-3.137298006601603,-2.934438736009645,-2.4034929365881803,-2032.761721093238,-0.12735525253313718,0.29563115,751,0.21882,still
434.81361722946167,2.0669950442328995,3.9243412195875003,-3.2366132322893466,-2.280904479660369,-2.6466807716890934,-2033.0049089283389,-0.12737048857769215,0.29563115,751,0.218662,still
434.94766569137573,2.0828406428890753,3.924017834027823,-2.429279463173971,-2.024969805666108,-2.5355473308114354,-2032.893775487461,-0.12736352591833025,0.2960248,752,0.218662,backward
435.0814890861511,2.0914102021215424,3.9102739489633795,-1.5358540448062412,-2.7014254566062426,-1.754597254730489,-2032.1128254113798,-0.12731459834697595,0.29641845,753,0.218503,forward
435.2396414279938,2.073300945516459,3.907201786745626,-2.135651635944089,-3.0218356606219503,-2.024955952132564,-2032.383184108782,-0.12733153668255404,0.29641845,753,0.218503,forward
435.39548420906067,2.0786367083706065,3.9256347618394414,-2.3990491890015364,-2.341617690955491,-2.371672686714705,-2032.7299008433638,-0.12735325895173685,0.29641845,753,0.218345,still
435.5382080078125,2.0931887899552235,3.9224009062492833,-1.6871720965541146,-2.1130783930648533,-2.0123755879817926,-2032.3706037446311,-0.12733074850584017,0.2968121,754,0.218345,still
435.68341302871704,2.087206267335523,3.9091420997114144,-1.5717249056153337,-2.8731849198797272,-1.746644273649027,-2032.1048724302982,-0.12731410008202754,0.2968121,754,0.218186,forward
435.83053851127625,2.0626294204392033,3.9141545750928137,-2.680354264655993,-2.9219576597850296,-2.275089292965857,-2032.633317449615,-0.12734720787237339,0.2968121,754,0.21803,forward
435.97431468963623,2.0687736317446914,3.9253113762744714,-3.114810689234465,-2.3182594927991413,-2.629535321236744,-2032.987763477886,-0.12736941439218896,0.2968121,754,0.21803,still
436.11723017692566,2.086559508149339,3.916418273756099,-2.21957318099051,-2.259937631710305,-2.3274397981466115,-2032.6856679547957,-0.1273504877018479,0.29720575,755,0.21787,backward
436.255898475647,2.077504879868783,3.9042913173859097,-2.048823915001161,-2.9552097926689784,-1.9847035753745823,-2032.3429317320235,-0.12732901481707717,0.29720575,755,0.21787,forward
436.4300374984741,2.0674801135519827,3.9202989001866126,-2.8475127908415754,-2.812491023719178,-2.367437852540971,-2032.72566600919,-0.12735299363368702,0.29720575,755,0.21787,forward
436.57583928108215,2.080415296035506,3.9211073640502585,-2.5101173940067714,-2.3116163197380644,-2.4479776357238707,-2032.806205792373,-0.1273580395592964,0.29720575,755,0.217712,still
436.7244951725006,2.0796068470940092,3.909950563461169,-2.147233437909411,-2.800255405938779,-2.0685608946361085,-2032.4267890512854,-0.12733426859077848,0.2975994,756,0.21756,still
436.8721787929535,2.060689143242618,3.9102739489633795,-3.049274760750022,-3.17312309202685,-2.3213959257677814,-2032.679624082417,-0.12735010904512434,0.2975994,756,0.21756,still
437.02329206466675,2.061335902305068,3.9191670507913883,-3.4319176375539735,-2.5486010859340573,-2.6264943948331068,-2032.9847225514825,-0.12736922387406477,0.2975994,756,0.21741,still
437.16806721687317,2.0770198105137623,3.919813821872391,-2.7407438676386495,-2.2544628690518262,-2.5725188479335994,-2032.930747004583,-0.12736584223354355,0.29799305,757,0.21726,forward
437.3198003768921,2.0862361285574123,3.917388430345889,-2.0244862585891465,-2.3891744813287024,-2.122255504498703,-2032.4804836611481,-0.12733763263021694,0.29799305,757,0.21726,forward
437.46112537384033,2.091733581725914,3.9080102504756034,-1.5661634526020964,-2.9394906545967605,-1.6610202745006108,-2032.0192484311501,-0.1273087356234581,0.2983867,758,0.217102,forward
437.5925259590149,2.0695820806214047,3.90073407720226,-2.360854173595881,-3.5603174280785885,-1.9842882571727556,-2032.3425164138223,-0.12732898879683394,0.2983867,758,0.217102,forward
437.7394676208496,2.059072245599957,3.917226737580098,-3.2597470996934668,-3.1182489642816402,-2.4029281615064506,-2032.761156318156,-0.12735521714921957,0.2983867,758,0.216943,forward
437.88581347465515,2.0665099749155518,3.9215924423724133,-3.3148193760470006,-2.496031138463861,-2.6396523109040926,-2032.9978804675538,-0.12737004823518228,0.2983867,758,0.216943,still
438.02898144721985,2.0750795331110994,3.9091420997114144,-2.7215485270371285,-2.6905735989179527,-2.3728567801601135,-2032.7310849368096,-0.1273533331367819,0.29878035000000003,759,0.216792,still
438.1757209300995,2.068935321519648,3.8989554571701652,-2.6963809370563867,-3.4719151516055806,-2.120332020739416,-2032.4785601773885,-0.12733751212137548,0.29878035000000003,759,0.216633,still
438.3370270729065,2.052442965465893,3.9104356417149795,-3.6543736971043383,-3.365984121561217,-2.432962350324904,-2032.791190506974,-0.1273570988314954,0.29878035000000003,759,0.216633,still
438.50015592575073,2.0718457375018775,3.908333635969901,-3.3190737782461777,-2.924928940235623,-2.483224016350774,-2032.8414521730003,-0.12736024779239086,0.29878035000000003,759,0.216484,still
438.63855743408203,2.0608508330079425,3.901380848132892,-3.1537683444564513,-3.2591039752060587,-2.3273661156754493,-2032.685594272325,-0.12735048308554214,0.299174,760,0.216484,backward
438.78270292282104,2.0602040739478005,3.909788870710559,-3.5026438763341976,-3.317822865140896,-2.4090992848034607,-2032.767327441453,-0.1273556037783841,0.299174,760,0.216326,backward
438.9196014404297,2.0674801135519827,3.9117291837396495,-3.1445416580692447,-2.7223172966507097,-2.5134521189442944,-2032.8716802755937,-0.12736214162362522,0.299174,760,0.216174,backward
439.07635974884033,2.0678034930990026,3.8984703789865023,-2.8831352589079997,-3.446947600543514,-2.179861864850925,-2032.5380900215005,-0.12734124174607842,0.29956765,761,0.216174,still
439.23279333114624,2.0548683118189714,3.9123759547599013,-3.640991460272537,-3.468260473203766,-2.403248616330487,-2032.7614767729801,-0.1273552372261448,0.29956765,761,0.216016,backward
439.37032079696655,2.070067149949749,3.9148013461328643,-3.2355166164795692,-2.9216009235340836,-2.4668421549126243,-2032.8250703115623,-0.12735922144676523,0.29956765,761,0.216016,backward
439.5089476108551,2.0695820806214047,3.905746552052426,-2.8884597254884508,-3.081189173407804,-2.2862899660267777,-2032.6445181226766,-0.12734790960958708,0.2999613,762,0.215857,still
439.6480484008789,2.061335902305068,3.8931345191614906,-3.1556089844083983,-3.7784705177651885,-2.1878910928387634,-2032.5461192494886,-0.12734174478799792,0.2999613,762,0.215857,forward
439.7889997959137,2.045166926665342,3.9102739489633795,-4.112202022172959,-3.4830449060116506,-2.5064755974117983,-2032.8647037540618,-0.12736170453517934,0.2999613,762,0.215706,backward
439.9225251674652,2.062467730671763,3.91835858694757,-3.789594027345609,-2.7100348267937595,-2.692144758018498,-2033.0503729146685,-0.12737333695750966,0.2999613,762,0.215547,backward
440.08984327316284,2.0661865953716174,3.9025126972741693,-3.224359862900493,-3.180082319320941,-2.3697159758282935,-2032.7279441324781,-0.12735313636117135,0.30035495,763,0.215547,still
440.2275710105896,2.0505026884144937,3.8945897536237264,-3.6672808641312007,-3.8170051113112327,-2.3183882556653184,-2032.6766164123153,-0.12734992061055211,0.30035495,763,0.215388,still
440.37762928009033,2.041771442024318,3.9044530101253163,-4.663607762536395,-3.6233475858475646,-2.5694077707566727,-2032.9276359274065,-0.1273656473203792,0.30035495,763,0.215388,still
440.5158054828644,2.0521195859554098,3.9159331954656618,-4.290176775178106,-2.981519351971069,-2.690600569064333,-2033.048828725714,-0.12737324021199728,0.30035495,763,0.21523,still
440.65069365501404,2.055191691335977,3.903806239169666,-3.6545160305195505,-3.112235446373912,-2.5171340725762796,-2032.8753622292259,-0.1273623723029664,0.3007486,764,0.21523,still
440.7826998233795,2.0558384503722915,3.8962066808352054,-3.740633416982337,-3.892702595273518,-2.31135855873137,-2032.6695867153808,-0.12734948019059586,0.3007486,764,0.215078,still
440.94116401672363,2.0572936582152317,3.8979853008057987,-3.7408761112988738,-4.033589901259591,-2.279251598589604,-2032.637479755239,-0.12734746864641214,0.3007486,764,0.215078,backward
441.08619832992554,2.061335902305068,3.906716708511594,-3.721009644513281,-3.194522907426147,-2.5105381994177973,-2032.8687663560672,-0.12736195906265246,0.3007486,764,0.214927,backward
441.2441575527191,2.078798398157356,3.9021893118035873,-2.7909733434630795,-3.388994811226643,-2.105816473418505,-2032.4640446300677,-0.12733660270283642,0.30114225,765,0.214778,still
441.3975131511688,2.0648930772035876,3.884241420247861,-2.8124303596205142,-4.215539822147115,-1.946601560732364,-2032.3048297173818,-0.1273266276746756,0.30114225,765,0.214778,forward
441.54539346694946,2.050340998661456,3.8955599099466696,-3.8014792998162767,-4.1295760608062135,-2.275363537862364,-2032.6335916945118,-0.12734722505418458,0.30114225,765,0.214626,still
441.6986653804779,2.0526046552214225,3.910759027219168,-4.1820400580343176,-3.4311258512854383,-2.550259383262459,-2032.9084875399114,-0.1273644476481797,0.30114225,765,0.214626,backward
441.8487751483917,2.0658632158284536,3.9025126972741693,-3.508528467406051,-3.3618515059901513,-2.4000200435209043,-2032.75824820017,-0.12735503495172115,0.3015359,766,0.214626,still
441.9807696342468,2.0721691170593206,3.8897389721863984,-2.7978116830647215,-3.987093137355538,-1.9623661382252473,-2032.3205942948744,-0.1273276153466328,0.3015359,766,0.214468,forward
442.15195775032043,2.0595573148907365,3.8918409774396183,-3.2308738477229944,-4.331678909852567,-2.062492307488587,-2032.4207204641377,-0.12733388838564147,0.30192955,767,0.21431,forward
442.3048038482666,2.0547066220607566,3.9086570214655176,-3.8258219787303815,-3.7045156254273435,-2.3926262934719875,-2032.750854450121,-0.1273545717233482,0.30192955,767,0.214158,still
442.47207283973694,2.0671567340057346,3.9023510045387138,-3.3218269852170597,-3.481201217958984,-2.301833485475982,-2032.6600616421251,-0.1273488834319609,0.30192955,767,0.214158,still
442.6223614215851,2.0479156523888746,3.8913558992993353,-3.7212020321271577,-3.974846359571471,-2.289929524086654,-2032.648157680736,-0.1273481376327887,0.3023232,768,0.21401,still
442.77573132514954,2.0348187832600786,3.891517592012434,-4.929406466404961,-4.219616813862988,-2.4969056625437176,-2032.8551338191926,-0.127361104965904,0.3023232,768,0.21401,still
442.93134236335754,2.0438734086969204,3.90202761906879,-4.979650472988908,-3.694898513152694,-2.6308581934676107,-2032.9890863501164,-0.12736949727191127,0.3023232,768,0.21385,still
443.07733273506165,2.0527663449771434,3.9018659263343216,-4.327324025751707,-3.5646484540433807,-2.554560563273809,-2032.9127887199227,-0.12736471712288536,0.30271685,769,0.213691,still
443.23139548301697,2.0637612488166774,3.8887688159343923,-3.656868422415687,-4.091673757528829,-2.2296273725139093,-2032.5878555291624,-0.12734435962198584,0.3031105,770,0.213691,still
443.37151551246643,2.0527663449771434,3.891517592012434,-3.533600139565349,-4.43777820205582,-2.116933239695694,-2032.475161396344,-0.12733729918317732,0.3031105,770,0.213533,forward
443.5047070980072,2.0548683118189714,3.9068784012559417,-3.860936947542689,-3.7056438869453343,-2.4024089324879006,-2032.760637089136,-0.12735518461882397,0.3031105,770,0.213533,forward
443.65808606147766,2.0626294204392033,3.8955599099466696,-3.4954752915652643,-3.7834112143082828,-2.258410682689346,-2032.6166388393374,-0.1273461629350343,0.3031105,770,0.213374,still
443.81346344947815,2.0592339353633577,3.8827861859746418,-3.439169579586591,-4.522935787746914,-2.0665899293405263,-2032.4248180859888,-0.12733414510715496,0.30350415,771,0.213374,still
443.96319341659546,2.045490306159359,3.892326055582857,-4.233587281214928,-4.525571648125294,-2.29220013143394,-2032.6504282880824,-0.12734827988938915,0.30350415,771,0.213215,still
444.09663367271423,2.05551507085375,3.9021893118035873,-4.13973399403862,-3.8325764201232415,-2.4452489437110136,-2032.8034771003595,-0.12735786860307619,0.30350415,771,0.213057,still
444.2457580566406,2.058102107023588,3.8976619153536403,-3.945624060141841,-3.7148542601927437,-2.4300173849537114,-2032.788245541602,-0.12735691432545873,0.30350415,771,0.213057,still
444.3985631465912,2.052442965465893,3.8829478786703557,-3.7786610625486383,-4.680259073610317,-2.135776253243587,-2032.4940044098919,-0.12733847972328882,0.3038978,772,0.212905,still
444.54933619499207,2.0443584779336446,3.8994405353567885,-4.458610339588657,-4.224656292021313,-2.4160981082854254,-2032.774326264934,-0.12735604226407704,0.3038978,772,0.212905,still
444.72287249565125,2.0626294204392033,3.8945897536237264,-3.7819556798385485,-3.8834932122472035,-2.327331644831253,-2032.6855598014797,-0.12735048092589737,0.3038978,772,0.212747,still
444.8614823818207,2.065054766973917,3.889092201350415,-3.1848185561947333,-4.172967319066943,-2.0185501425411903,-2032.3767782991895,-0.12733113534997784,0.30429145,773,0.212747,still
445.01387453079224,2.0538981732725605,3.8876369669886497,-3.719557148251447,-4.596710297452648,-2.1300188965015714,-2032.48824705315,-0.1273381190171548,0.30429145,773,0.212588,still
445.16069293022156,2.0514728269367435,3.8795523321291827,-4.068590665854604,-4.924750373020523,-2.1688525230973212,-2032.5270806797457,-0.1273405519960281,0.30429145,773,0.21243,still
445.29812145233154,2.049370860147253,3.881654337113825,-4.281884055459304,-5.0511374131097675,-2.200370669812102,-2032.5585988264606,-0.12734252665025964,0.30429145,773,0.21243,still
445.44347405433655,2.045813685654141,3.8866668107622373,-4.444385847151041,-4.894579326006705,-2.268922935967809,-2032.6271510926163,-0.12734682154182383,0.30429145,773,0.212278,forward
445.5846469402313,2.031746678336936,3.886181732653459,-4.960621176839218,-4.746797738262457,-2.410119132711113,-2032.7683472893596,-0.12735566767322545,0.30429145,773,0.212278,backward
445.73715901374817,2.0383759574675,3.8897389721863984,-5.049899155304311,-4.535688878426765,-2.4739498121907206,-2032.8321779688392,-0.12735966675104168,0.30429145,773,0.212126,backward
445.877201795578,2.0365973703522604,3.8966917590050576,-5.012737988141282,-4.186941574658618,-2.554763790320778,-2032.9129919469692,-0.12736472985533284,0.30429145,773,0.212126,backward
446.0327160358429,2.0427415804845843,3.898793764441949,-4.823293300772117,-3.8157895391032874,-2.6294453177512254,-2032.9876734743998,-0.12736940875334965,0.30429145,773,0.211968,backward
446.1819088459015,2.052928034733056,3.8984703789865023,-4.224411367502089,-3.683592564897816,-2.545605023950787,-2032.9038331805991,-0.12736415604631635,0.3046851,774,0.211812,backward
446.33327651023865,2.0618209716039253,3.8955599099466696,-3.816246011542892,-3.8176553634421118,-2.3625552072047644,-2032.7207833638533,-0.12735268772939756,0.3046851,774,0.211812,still
446.47165274620056,2.0548683118189714,3.895721602668311,-3.154888763353472,-4.041823975504646,-1.9789830432380446,-2032.3372111998867,-0.12732865641805413,0.30507875,775,0.211812,forward
446.61225938796997,2.044843547172089,3.890870821162007,-4.308770268047372,-4.219419888648292,-2.3894646358233507,-2032.7476927924722,-0.12735437364124927,0.30507875,775,0.211653,forward
446.7540261745453,2.0576170377379976,3.8884454305196825,-3.9618791297824965,-4.616475977414357,-2.178626567049133,-2032.536854723698,-0.12734116435301165,0.30507875,775,0.211653,still
446.8925042152405,2.0471072036409197,3.880845873651642,-4.1537542321485885,-4.96150395208609,-2.165387862932917,-2032.5236160195818,-0.1273403349304146,0.3054724,776,0.211494,still
447.05196261405945,2.0369207498260433,3.8837563421538372,-4.775086418835999,-4.841355008082856,-2.350435676855796,-2032.7086638335047,-0.1273519284245405,0.3054724,776,0.211343,still
447.20546317100525,2.040801303570925,3.8879603524000785,-4.916941299208385,-4.594323923971717,-2.439766089752381,-2032.7979942464012,-0.1273575250949103,0.3054724,776,0.211343,still
447.3463945388794,2.053736483515497,3.893296211878203,-4.397212277341238,-4.130870735671952,-2.4471823101159926,-2032.8054104667647,-0.12735798973107862,0.3054724,776,0.211187,backward
447.4993944168091,2.0673184237787625,3.8858583472492465,-3.4332326143624194,-4.471766237998315,-1.9916676672411253,-2032.3498958238897,-0.12732945112678778,0.30586605,777,0.211028,still
447.6743528842926,2.047268893390128,3.8855349618463464,-3.720231231871654,-4.828620859256767,-2.0405751438561737,-2032.3988033005046,-0.12733251524589748,0.3062597,778,0.211028,forward
447.80986404418945,2.045166926665342,3.8947514463433954,-4.492625211514015,-4.302107100157986,-2.4264620376912767,-2032.7846901943396,-0.12735669157817667,0.3062597,778,0.21087,still
447.95452404022217,2.067641803325396,3.892811133729052,-3.5902733033908216,-4.147167346694007,-2.1463473841099256,-2032.5045755407582,-0.12733914201883828,0.30665335,779,0.21087,still
448.09905314445496,2.049370860147253,3.879875717507832,-3.8523560862101602,-4.935044700152525,-2.0638320145590336,-2032.422060171207,-0.12733397232008906,0.30665335,779,0.21071,still
448.2463219165802,2.0399928548650137,3.8902240503168324,-4.770541582088114,-4.460180583326993,-2.4546968163474054,-2032.8129249729952,-0.1273584605249886,0.30665335,779,0.21071,still
448.3969044685364,2.0547066220607566,3.887151888873967,-4.259273968657098,-4.238803680365958,-2.3826997194421815,-2032.7409278760897,-0.12735394981015027,0.30665335,779,0.210552,backward
448.53663873672485,2.045651995906654,3.881654337113825,-4.467685309270049,-4.898818794608489,-2.261057057601074,-2032.6192852142485,-0.1273463287339775,0.307047,780,0.210393,backward
448.68353056907654,2.0411246830546257,3.89588329539028,-4.771435439010407,-4.345534101708176,-2.4919176483843684,-2032.8501458050316,-0.1273607924601162,0.307047,780,0.210393,still
448.8230674266815,2.058587176310908,3.8921643628681157,-4.072194112162657,-4.224313233578093,-2.322248430304513,-2032.6804765869517,-0.12735016245567865,0.307047,780,0.210393,still
448.9654629230499,2.05600014013185,3.880360795578263,-3.739269360953552,-4.646668713440043,-2.062647240675191,-2032.420875397322,-0.1273338980924136,0.30744065,781,0.210242,still
449.10321283340454,2.0332018859235443,3.8790672540636635,-4.8627904520392145,-5.205272542080969,-2.295002463399319,-2032.653230620046,-0.1273484554592512,0.30744065,781,0.210093,still
449.28594398498535,2.0369207498260433,3.891194206586564,-5.614776621309383,-4.675307638663659,-2.5707731028818155,-2032.9290012595284,-0.12736573286027073,0.30744065,781,0.210093,still
449.42470717430115,2.052442965465893,3.89588329539028,-4.403686898354147,-4.093432271823875,-2.488209858443238,-2032.84643801509,-0.1273605601620955,0.3078343,782,0.209934,still
449.56815242767334,2.0556767606129247,3.8882837378128197,-4.074377427896145,-4.416282524716402,-2.2532769913144817,-2032.611505147961,-0.12734584130237325,0.3078343,782,0.209934,forward
449.7381658554077,2.057131968454137,3.8745398589275553,-4.076551251998523,-5.220299549282829,-2.0586679857064807,-2032.416896142353,-0.12733364878674425,0.30822795,783,0.209773,forward
449.88361859321594,2.0333635756563417,3.8834329567594614,-5.036681823336492,-4.992282728347216,-2.383575468850748,-2032.7418036254971,-0.1273540046770271,0.30822795,783,0.209773,still
450.02448892593384,2.0422565112535915,3.8887688159343923,-4.819480003379912,-4.482460570367152,-2.4729977450054696,-2032.8312259016518,-0.12735960710275343,0.30822795,783,0.209617,backward
450.17888951301575,2.049209170395556,3.8821394151950663,-4.333296898377961,-4.649536819307099,-2.2754975633153403,-2032.6337257199616,-0.12734723345105903,0.3086216,784,0.209456,still
450.3308391571045,2.0335252653893288,3.8780970979414673,-4.869395414318335,-5.276322691490674,-2.2767063624930177,-2032.6349345191393,-0.12734730918395135,0.3086216,784,0.209456,still
450.46341133117676,2.031584988606042,3.878905561375812,-5.285592958371786,-5.282783281856785,-2.372672770600325,-2032.7309009272467,-0.1273533216083356,0.3086216,784,0.209297,still
450.6111640930176,2.0322317475307603,3.8913558992993353,-5.341600494559784,-4.553356115162286,-2.573194660974551,-2032.9314228176208,-0.12736588457413822,0.3086216,784,0.209297,still
450.7549605369568,2.04807734213904,3.881007566343423,-4.871763431883552,-4.481286693049589,-2.4912269431960197,-2032.8494550998423,-0.12736074918650825,0.3086216,784,0.209138,still
450.929292678833,2.0399928548650137,3.87470155160657,-4.698343891169121,-5.231423888584168,-2.2339596461115314,-2032.592187802758,-0.12734463104474636,0.30901525,785,0.20899,still
451.0674409866333,2.0267342967675988,3.873893088214766,-5.480791345276985,-5.584432521690875,-2.3480907805944122,-2032.7063189372411,-0.12735178151363957,0.30901525,785,0.20899,still
451.20072627067566,2.031746678336936,3.8897389721863984,-5.645391125588127,-5.010539295104119,-2.5099318065410072,-2032.8681599631877,-0.12736192107132396,0.30901525,785,0.20883,backward
451.3421947956085,2.0419331317672182,3.886990196169729,-5.041931857088784,-4.649035977782837,-2.4836990010698883,-2032.8419271577168,-0.1273602775508214,0.3094089,786,0.20883,still
451.5225145816803,2.040477924087988,3.8690423080355947,-4.7764249682752125,-5.460541964522941,-2.199522965049347,-2032.5577511216961,-0.1273424735404174,0.3094089,786,0.208672,still
451.67536997795105,2.029644711850142,3.868233844700994,-5.121549953031081,-5.781148980829346,-2.227267498225842,-2032.5854956548726,-0.12734421177269145,0.3094089,786,0.208672,still
451.8201892375946,2.0353038524647515,3.880360795578263,-5.406155541284383,-5.1874086985128285,-2.4218942568599666,-2032.7801224135067,-0.12735640540057136,0.3094089,786,0.20852,still
451.967791557312,2.054221552787263,3.8795523321291827,-4.573620723552843,-5.034278472737104,-2.2328835248220082,-2032.5911116814686,-0.12734456362430197,0.30980255,787,0.208372,still
452.1250491142273,2.049370860147253,3.857077051516752,-4.323682800843526,-5.874250319255082,-1.9836163158065,-2032.3418444724532,-0.1273289466988045,0.30980255,787,0.208372,still
452.287305355072,2.0267342967675988,3.876156785732426,-5.147213154825444,-5.740791396429169,-2.241440806598602,-2032.5996689632452,-0.12734509974950067,0.30980255,787,0.208213,still
452.4378762245178,2.0377291985138353,3.880684180960188,-5.187410001492599,-5.11280744971011,-2.397383898651424,-2032.7556120552981,-0.12735486979370364,0.30980255,787,0.208213,still
452.5959622859955,2.0506643781677227,3.8619278309712453,-4.3788906540577175,-5.578240369160164,-2.0425488680658064,-2032.4007770247126,-0.12733263890237048,0.3101962,788,0.208062,still
452.73760652542114,2.030129781036551,3.864999991444235,-5.106277337977243,-6.130490422972914,-2.1604252968877438,-2032.5186534535346,-0.12734002401898528,0.3101962,788,0.207903,still
452.8852982521057,2.0218836051000006,3.8719527761077934,-5.9054541757674475,-5.801370835136151,-2.3965651790789932,-2032.754793335726,-0.12735481849982264,0.3101962,788,0.207903,still
453.0234594345093,2.030453160495107,3.8758334003688346,-5.725494035086648,-5.269671856481724,-2.482851018621826,-2032.8410791752688,-0.1273602244235819,0.3101962,788,0.207754,still
453.17656540870667,2.031261609144824,3.865646762085139,-5.491731607962698,-5.776856567032277,-2.3143398920063962,-2032.6725680486531,-0.12734966697513034,0.31058985,789,0.207754,still
453.3287651538849,2.0207517770687757,3.863544757521294,-5.904426565485731,-6.142292328143303,-2.329555755658227,-2032.687783912305,-0.12735062026942834,0.31058985,789,0.207593,still
453.46587347984314,2.028351194028081,3.878743868688288,-5.8184003733197205,-5.4591289312018985,-2.4573007650310026,-2032.8155289216775,-0.12735862366587153,0.31058985,789,0.207593,still
453.6424968242645,2.0369207498260433,3.868233844700994,-5.333006586830399,-5.695923625140144,-2.2917202615415055,-2032.649948418188,-0.12734824982489565,0.3109835,790,0.207437,still
453.7821216583252,2.038699336945477,3.8582089000298945,-5.066534376592405,-6.285747927675632,-2.1105205929556625,-2032.4687487496021,-0.12733689742224452,0.3109835,790,0.207285,still
453.9263620376587,2.027704435121609,3.85998751915424,-5.5476112185601485,-6.651101427613742,-2.1698152982639427,-2032.5280434549106,-0.1273406123151855,0.3109835,790,0.207285,still
454.06671047210693,2.025279089249395,3.8711443127437835,-5.813152060586817,-6.181454160941604,-2.3062293181320253,-2032.6644574747786,-0.12734915883678177,0.3109835,790,0.207134,still
454.22878098487854,2.028027814574465,3.8688806153680213,-5.954417313235044,-5.899739515898665,-2.3918034410956412,-2032.7500315977425,-0.1273545201705413,0.3109835,790,0.207134,still
454.363831281662,2.0361123011430156,3.867263688710252,-5.438916292291105,-5.767715798871113,-2.304630209762317,-2032.6628583664092,-0.12734905865049426,0.31137715,791,0.206978,still
454.52936124801636,2.0393460959037193,3.8595024412073253,-5.030489509606019,-6.354798974132629,-2.0814600756077337,-2032.4396882322544,-0.12733507674179428,0.31137715,791,0.20682,still
454.675568819046,2.022530363979154,3.8538431987100132,-5.6579101793854925,-6.892932696270567,-2.154661472463586,-2032.5128896291103,-0.1273396629076423,0.31137715,791,0.20682,still
454.8197932243347,2.024147261190306,3.8706592347292994,-6.148182091876873,-6.240239177647834,-2.365558115892436,-2032.723786272539,-0.1273528758656607,0.31137715,791,0.20666,still
454.9626233577728,2.0388610266847516,3.8567536662302153,-5.339631238780962,-6.262619230106973,-2.1777964142192894,-2032.5360245708657,-0.12734111234282153,0.3117708,792,0.20666,still
455.11376786231995,2.0273810556695127,3.8444650263065583,-5.456344654238553,-7.034983130430367,-2.0875781086027145,-2032.4458062652495,-0.12733546004478008,0.3117708,792,0.206511,still
455.2609920501709,2.015092637051766,3.8662935327312664,-6.3723208858310985,-6.447444409028887,-2.3720845512399227,-2032.7303127078867,-0.1273532847556025,0.3117708,792,0.206353,still
455.39868426322937,2.031746678336936,3.8614427530125917,-5.8382464447359,-6.185460486362744,-2.3156041327777257,-2032.6738322894248,-0.127349746181513,0.3117708,792,0.206353,still
455.53946471214294,2.0191348798974085,3.850609346033501,-5.930897175475342,-7.033883121378828,-2.1875555305995222,-2032.5457836872463,-0.12734172376457267,0.31216445,793,0.206353,still
455.67910170555115,2.0053912547037243,3.8552984324569244,-6.935527402415349,-6.936890320360466,-2.383046209837563,-2032.7412743664843,-0.12735397151823896,0.31216445,793,0.2062,backward
455.82839179039,2.0291596426654444,3.8632213722086743,-6.345429095421478,-6.334567725677224,-2.3910567544632286,-2032.74928491111,-0.1273544733896207,0.31216445,793,0.206052,backward
455.96708393096924,2.0197816387636833,3.84818395661152,-6.082454071979471,-7.070766970189245,-2.2090933063364164,-2032.567321462983,-0.1273430731351553,0.3125581,794,0.206052,still
456.1033568382263,1.997791839004558,3.855136739817076,-7.199861728482981,-7.06635105168313,-2.403126071353504,-2032.761354228,-0.12735522954853717,0.3125581,794,0.205894,backward
456.25030040740967,2.019296569613693,3.8646766061257414,-7.096440399076055,-6.534739734241517,-2.479808889385008,-2032.8380370460318,-0.12736003383009858,0.3125581,794,0.205894,backward
456.3956878185272,2.0249557098029927,3.854651661899485,-6.171338132682669,-6.81952410177381,-2.2633073772118224,-2032.6215355338586,-0.12734646971952404,0.31295175,795,0.205735,still
456.5375373363495,2.016062775323942,3.849962575513817,-6.305039913062554,-7.329846763066267,-2.2097495142335593,-2032.5679776708803,-0.1273431142474616,0.31295175,795,0.205735,still
456.67741441726685,2.003774357711672,3.8548133545383565,-7.169975251597604,-7.064730665079029,-2.401261407195649,-2032.7594895638424,-0.1273551127248228,0.31295175,795,0.205579,still
456.8165512084961,2.020590087350787,3.8585322853222963,-6.717705486398185,-6.6671817888447675,-2.3978501067035984,-2032.7560782633502,-0.1273548990022644,0.31295175,795,0.205579,still
456.96535301208496,2.01767967245936,3.8443033336885035,-6.325541330430455,-7.354103205432691,-2.206335499716275,-2032.564563656363,-0.12734290035486584,0.3133454,796,0.20542,still
457.1017425060272,1.997791839004558,3.8459202598836773,-7.140992113710169,-7.611197193698383,-2.313367291533977,-2032.6715954481808,-0.1273496060404042,0.3133454,796,0.205261,still
457.2385594844818,2.0044211165062347,3.854004891347256,-7.551900136621624,-7.315616406370927,-2.418894597399934,-2032.7771227540468,-0.12735621746787662,0.3133454,796,0.205261,still
457.3973262310028,2.0249557098029927,3.8525496576237863,-6.659428305488499,-6.960188419536195,-2.3338035550372322,-2032.6920317116842,-0.12735088639976572,0.31373905,797,0.20511,still
457.5320963859558,2.0319083680680206,3.8473754934871196,-5.6140813125794145,-7.176165267087948,-2.0601918337568343,-2032.4184199904037,-0.1273337442578717,0.3141327,798,0.20511,still
457.6762900352478,2.017517982744967,3.842201329683341,-6.092514462937542,-7.782829179281862,-2.094095906760077,-2032.4523240634069,-0.12733586839359032,0.3141327,798,0.20495,forward
457.8389551639557,2.0089484281525163,3.8444650263065583,-6.798898588801995,-7.6740373867296325,-2.248025075070845,-2032.6062532317176,-0.12734551226276544,0.3141327,798,0.20495,still
457.9804654121399,2.023823881746559,3.8552984324569244,-6.35635649277131,-7.011346429857947,-2.2678337001896867,-2032.6260618568365,-0.12734675329973902,0.3141327,798,0.204792,still
458.1177878379822,2.0319083680680206,3.842363022297174,-5.737509627628392,-7.352287602737516,-2.0628755574093787,-2032.4211037140562,-0.1273339123967637,0.31452635,799,0.204792,still
458.2678020000458,2.02317712286134,3.8404227109526037,-5.936061411612203,-7.77413443168543,-2.056668912721208,-2032.4148970693682,-0.1273335235421363,0.31452635,799,0.204644,still
458.4300410747528,1.9986002874634645,3.848345649237376,-7.034816052739133,-7.786191350684803,-2.276644080129105,-2032.6348722367761,-0.12734730528187763,0.31452635,799,0.204485,still
458.57873153686523,2.0053912547037243,3.855783510378423,-7.57405028800609,-7.196032186427691,-2.4592711204016626,-2032.8174992770487,-0.12735874711128242,0.31452635,799,0.204485,backward
458.71642994880676,2.024147261190306,3.8430097927557543,-6.467696026618998,-7.314929190772799,-2.2391357645541223,-2032.597363921201,-0.12734495533552012,0.31492,800,0.204326,still
458.88403248786926,2.012505601692547,3.8312062327038077,-6.64117260987746,-7.986361649398799,-2.1728912165964163,-2032.531119373243,-0.12734080502560108,0.31492,800,0.204326,still
459.0313413143158,2.0083016693368627,3.840584403562866,-7.063722719950447,-7.8802031454986325,-2.2666837600137444,-2032.62491191666,-0.1273466812544422,0.31492,800,0.204167,still
459.1687755584717,2.0152543267633227,3.8525496576237863,-6.923254280755169,-7.290211401417789,-2.337931389989399,-2032.6961595466357,-0.12735114501417052,0.31492,800,0.204167,still
459.3080768585205,2.029968091307558,3.8462436451266115,-6.047905099793925,-7.255569812349288,-2.1453088313316724,-2032.5035369879781,-0.1273390769521115,0.31531365,801,0.20401,still
459.4735884666443,2.009433497266236,3.8378356292325435,-6.396067065420518,-7.9948521431129835,-2.1180404572499274,-2032.4762686138963,-0.12733736855184435,0.31531365,801,0.20401,still
459.61139011383057,1.9986002874634645,3.8358953179969966,-7.4513434699930565,-8.043825252219099,-2.3099725640810616,-2032.6682007207276,-0.12734939335616896,0.31531365,801,0.20385,still
459.7467107772827,1.9910008721348347,3.85125611655839,-8.053477943008698,-7.490203640164917,-2.4884096440570325,-2032.846637800703,-0.12736057267893255,0.31531365,801,0.2037,still
459.8893117904663,2.0063613929079898,3.8530347355286803,-7.688264881709539,-7.179424241883695,-2.4942320075313438,-2032.8524601641775,-0.12736093745782567,0.31531365,801,0.2037,still
460.04732275009155,2.014769257629219,3.837350551419279,-6.796662144293117,-7.7809837326948585,-2.225784915732021,-2032.5840130723782,-0.12734411888690655,0.3157073,802,0.20355,still
460.181503534317,1.9947197349034909,3.8388057848678323,-7.549624081089375,-8.054661913434755,-2.3219306920489036,-2032.6801588486949,-0.12735014254895002,0.3157073,802,0.20355,still
460.3269929885864,1.9981152183875577,3.852387964989473,-7.882056350437857,-7.469006122267281,-2.4720419461569576,-2032.8302701028028,-0.12735954722067158,0.3157073,802,0.20339,still
460.47847628593445,2.012667291401082,3.85448996926094,-7.14082652568823,-7.140049117588904,-2.413498156235578,-2032.7717263128814,-0.1273558793735883,0.31610095,803,0.203232,still
460.6146607398987,2.0204283976329873,3.8312062327038077,-6.492974326421107,-7.876494321972689,-2.135993766607466,-2032.4942219232532,-0.1273384933507931,0.31610095,803,0.203232,still
460.7814521789551,2.0074932208215355,3.838967477474849,-6.8556314828749825,-7.996389826060014,-2.199024528275755,-2032.5572526849217,-0.12734244231268388,0.3164946,804,0.203232,still
460.92004656791687,2.0178413621739417,3.852387964989473,-6.896276466598854,-7.235266717604582,-2.3464764203339223,-2032.70470457698,-0.12735168037180056,0.3164946,804,0.203074,still
461.05453395843506,2.0265726070425947,3.8426864075258145,-6.0429626736081,-7.512191499462757,-2.069488578440627,-2032.427716735087,-0.12733432671141487,0.31688825,805,0.202915,still
461.20280504226685,2.0152543267633227,3.8388057848678323,-6.29473546145621,-7.94883426772591,-2.073432208792559,-2032.4316603654388,-0.12733457378515406,0.31688825,805,0.202915,still
461.3584051132202,1.9981152183875577,3.8472138008632144,-7.4348680848881745,-7.699139339810656,-2.366766711835113,-2032.7249948684814,-0.12735295158582005,0.31688825,805,0.202756,still
461.5106701850891,2.0116971531527037,3.8452734894017087,-7.235113834597378,-7.412396625075741,-2.3851341250002625,-2032.7433622816468,-0.1273541023289287,0.31688825,805,0.202756,still
461.6567678451538,2.022368674259081,3.85448996926094,-6.44058213368768,-7.082010505317551,-2.2705375777617762,-2032.6287657344083,-0.12734692270130113,0.3172819,806,0.202598,still
461.81963896751404,2.025279089249395,3.843979948453367,-5.942602075196697,-7.412944394055468,-2.043901392253798,-2032.4021295489003,-0.12733272363982776,0.31767555,807,0.202449,still
461.959269285202,2.0230154331405092,3.8397759405148006,-6.054405883924457,-7.677594962254193,-2.036684549122398,-2032.3949127057688,-0.12733227149491083,0.31767555,807,0.202449,still
462.0908353328705,2.02366219202497,3.8344400846009776,-6.067405245476988,-7.928244037532781,-2.00404356585989,-2032.3622717225062,-0.12733022649346123,0.31767555,807,0.202449,forward
462.2608423233032,2.030129781036551,3.8375122440233755,-5.790088770577421,-8.034893380596735,-1.9071933208881517,-2032.2654214775346,-0.12732415869551017,0.31767555,807,0.202297,forward
462.4049611091614,2.0239855714683377,3.839937633123765,-5.940816045756726,-8.051468278312067,-1.9513467478089255,-2032.3095749044553,-0.1273269249670202,0.31767555,807,0.202139,forward
462.54198360443115,2.0155777061870035,3.8376739366277977,-6.442988571525349,-7.961849378148438,-2.1071863802828155,-2032.4654145369293,-0.12733668852934155,0.31767555,807,0.202139,forward
462.70070576667786,2.025279089249395,3.836218703199678,-6.202068926640425,-7.931030333384572,-2.043926544466772,-2032.4021547011132,-0.1273327252156477,0.31767555,807,0.201987,forward
462.8524398803711,2.02317712286134,3.8413928666190453,-6.048734732860733,-7.9540089480315075,-1.9946216903462939,-2032.352849846993,-0.12732963620030346,0.3180692,808,0.201836,forward
463.00217175483704,2.01670953417584,3.8381590144430087,-6.372034907646135,-8.028422341408147,-2.078578996508698,-2032.4368071531555,-0.12733489623831845,0.3180692,808,0.201836,still
463.14500069618225,2.0044211165062347,3.8443033336885035,-7.046667940746997,-7.733277728894142,-2.3046916283503847,-2032.6629197849973,-0.12734906249845132,0.3180692,808,0.201677,still
463.30530834198,1.9973067699314666,3.8552984324569244,-7.590379879197819,-7.34877605598332,-2.501676767530857,-2032.8599049241777,-0.1273614038820406,0.3180692,808,0.201677,still
463.4472334384918,2.000378874089582,3.8569153588733207,-7.749461601063304,-7.07253108871114,-2.5969133844565766,-2032.9551415411036,-0.12736737058402695,0.3180692,808,0.201526,still
463.58089995384216,2.0058763238050097,3.8585322853222963,-7.480163397739412,-6.7467702149068876,-2.6449611877727004,-2033.0031893444195,-0.1273703808434496,0.3180692,808,0.201526,backward
463.7324872016907,2.0244706406348114,3.856268588302853,-6.5423052212260435,-6.777391640605359,-2.418139063767372,-2032.7763672204142,-0.12735617013267958,0.31846285,809,0.201377,still
463.88599586486816,2.0259258481444764,3.8434948706030987,-5.880165538990797,-7.431242005034431,-1.9888745334228546,-2032.3471026900697,-0.1273292761332018,0.3188565,810,0.201226,forward
464.0449149608612,2.010888704617578,3.84818395661152,-6.575849687875637,-7.524287958076975,-2.2173174428815647,-2032.5755455995284,-0.12734358838835774,0.3188565,810,0.201226,forward
464.1903841495514,2.010080256087169,3.8548133545383565,-6.949214477478858,-7.126757864812854,-2.427235264236563,-2032.7854634208834,-0.12735674002185834,0.3188565,810,0.201067,still
464.3612983226776,2.0257641584204213,3.854651661899485,-6.281641713384407,-6.945329433857056,-2.272296239924467,-2032.6305243965712,-0.12734703288384816,0.3188565,810,0.201067,still
464.51472330093384,2.009756876676325,3.84753718611135,-6.4972198511445995,-7.585776684080347,-2.1764735516435203,-2032.5347017082904,-0.12734102946370413,0.31925015,811,0.200916,still
464.6633508205414,2.0123439119842006,3.8620895236247823,-7.018863453220016,-7.010529925702385,-2.484913810690307,-2032.843141967337,-0.12736035366027604,0.31925015,811,0.200764,backward
464.810099363327,2.0215602256615606,3.8444650263065583,-6.37007114504337,-7.343410494495125,-2.187324070112041,-2032.545552226759,-0.12734170926326221,0.3196438,812,0.200764,still
464.94842052459717,2.0063613929079898,3.8455968746420433,-6.874046845126679,-7.5893883931935555,-2.286310294844309,-2032.6445384514914,-0.12734791088321465,0.3196438,812,0.200613,still
465.106290102005,2.0141224987863926,3.8591790559110115,-6.981980416968313,-6.814429922775137,-2.5483148871171486,-2032.9065430437643,-0.1273643258228839,0.3196438,812,0.200457,still
465.24187564849854,2.022853743419868,3.8455968746420433,-6.3013636507913855,-7.129864137021814,-2.2158624652827026,-2032.5740906219298,-0.12734349723205665,0.32003745,813,0.200457,still
465.38597297668457,2.0188115004654064,3.8394525552978465,-6.229646440226887,-7.740640124897726,-2.0408318936340635,-2032.3990600502814,-0.1273325313316159,0.32003745,813,0.200298,still
465.5230464935303,2.0052295650036718,3.85448996926094,-6.907011881835177,-7.361713439988523,-2.3563773038187366,-2032.7146054604661,-0.1273523006754513,0.32003745,813,0.200298,still
465.6755323410034,2.014769257629219,3.857562129449001,-6.969087121158536,-6.916517716096868,-2.5175364454099407,-2032.8757646020572,-0.1273623975121648,0.32003745,813,0.20014,backward
465.8144702911377,2.0257641584204213,3.8527113502584256,-6.216416169350945,-6.786767147454338,-2.301056585822457,-2032.6592847424697,-0.12734883475815384,0.3204311,814,0.20014,backward
465.954487323761,2.0302914707657336,3.8455968746420433,-5.664473798764074,-7.366468744597354,-1.8409666138238372,-2032.1991947704712,-0.12732000950334713,0.32082475,815,0.20014,still
466.085684299469,2.0183264313188225,3.8397759405148006,-6.146022783104027,-7.808113950564358,-1.988498095845717,-2032.3467262524928,-0.12732925254888192,0.32082475,815,0.19998,still
466.21880865097046,2.013475739946588,3.856106895661051,-6.636836885726312,-7.2241169124762035,-2.3187586765091304,-2032.6769868331562,-0.12734994381791542,0.32082475,815,0.19982,still
466.3665590286255,2.026895986492792,3.8577238220937353,-6.186872954772587,-6.801957093548811,-2.28948445681661,-2032.6477126134637,-0.12734810974872623,0.32082475,815,0.19982,backward
466.5329341888428,2.0322317475307603,3.8438182558362857,-5.566637240612507,-7.309876459166101,-1.7809717680314112,-2032.1391999246785,-0.12731625074566424,0.3212184,816,0.199663,still
466.67145347595215,2.0247940200800763,3.8394525552978465,-5.793122404206417,-7.702074551303597,-1.8487750999820285,-2032.2070032566292,-0.12732049871549445,0.3212184,816,0.199663,forward
466.81343173980713,2.011858842860295,3.8473754934871196,-6.620317288468929,-7.603792987876305,-2.2102004613151096,-2032.5684286179621,-0.12734314249990203,0.3212184,816,0.199504,forward
466.9602382183075,2.019296569613693,3.8580472073841823,-6.608772196734954,-6.937395524988537,-2.4270131648994657,-2032.7852413215467,-0.12735672610703655,0.3212184,816,0.199504,forward
467.1146059036255,2.0307765399544233,3.84980088288471,-5.842996449092202,-6.957147805960458,-2.026188270310105,-2032.3844164269574,-0.12733161388894315,0.32161205,817,0.199346,forward
467.2678384780884,2.0273810556695127,3.8388057848678323,-5.690162478529802,-7.673545152580055,-1.791361213174904,-2032.149589369822,-0.12731690165835913,0.32161205,817,0.199346,forward
467.40255308151245,2.0128289811098052,3.8459202598836773,-6.376784481756676,-7.739640923751128,-2.0894529691585886,-2032.4476811258055,-0.1273355775073125,0.32161205,817,0.199187,still
467.5385458469391,2.0123439119842006,3.8476988787359043,-6.762990326797267,-7.356994717647353,-2.337577656299466,-2032.6958058129464,-0.12735112285227973,0.32161205,817,0.199036,still
467.701468706131,2.030453160495107,3.8564302809449815,-6.051158567364181,-6.807679772614394,-2.230097342134784,-2032.5883254987816,-0.12734438906621381,0.32161205,817,0.199036,still
467.8399188518524,2.035950611406982,3.8493158049993386,-5.367526036405938,-7.243047906822134,-1.6167733948162102,-2031.9750015514633,-0.12730596349700674,0.3220057,818,0.198877,forward
467.9854030609131,2.0267342967675988,3.8417162518437893,-5.607282680206874,-7.691575290294201,-1.7352743979600431,-2032.093502554607,-0.1273133877440418,0.3220057,818,0.198877,forward
468.1222994327545,2.009433497266236,3.849962575513817,-6.629017367231998,-7.5218701867887745,-2.248200415575776,-2032.606428572223,-0.12734552324808363,0.3220057,818,0.198718,forward
468.27160716056824,2.02317712286134,3.8491541123715316,-6.414139805147285,-7.082483040613506,-2.3143390734552454,-2032.6725672301022,-0.12734966692384703,0.3220057,818,0.198567,still
468.4174098968506,2.0286745734824563,3.842201329683341,-5.838195628384177,-7.43477855264407,-1.8908232148319906,-2032.2490513714788,-0.12732313308637502,0.32239935,819,0.198567,forward
468.5734715461731,2.0189731901813124,3.8417162518437893,-6.068940839311089,-7.780785743805191,-1.9463294858986875,-2032.3045576425457,-0.1273266106288216,0.32239935,819,0.19841,forward
468.711101770401,2.0079782899301666,3.8491541123715316,-6.882550918017934,-7.636720693031939,-2.307687945195878,-2032.6659161018429,-0.1273492502217268,0.32239935,819,0.19841,still
468.8521718978882,2.0178413621739417,3.8556218177375983,-6.777672863259517,-7.102354263288378,-2.46211966805687,-2032.8203478247037,-0.1273589255766196,0.32239935,819,0.198254,backward
468.98671221733093,2.026249227593156,3.8510944239266798,-6.119535385211149,-7.290597259443561,-2.0847728068913116,-2032.4430009635382,-0.12733528428885937,0.322793,820,0.198254,still
469.1279230117798,2.02317712286134,3.8375122440233755,-5.945593432567419,-8.017735197065162,-1.8417083147462734,-2032.1999364713934,-0.12732005597190627,0.322793,820,0.198096,forward
469.2713055610657,2.00652308260936,3.840907788784364,-6.801171359754787,-7.858841589908692,-2.2221422049334976,-2032.5803703615807,-0.12734389066618165,0.322793,820,0.198096,still
469.41549277305603,2.0141224987863926,3.855136739817076,-6.9475144857629685,-7.273918223419774,-2.4606205485299357,-2032.8188487051773,-0.1273588316547674,0.322793,820,0.197937,backward
469.5551407337189,2.026895986492792,3.8486690344900625,-6.148063570886495,-7.29829499795669,-2.095076193891739,-2032.453304350539,-0.127335929809896,0.32318665,821,0.197778,still
469.7079768180847,2.0202667079153773,3.8333082364222255,-6.088894891212294,-7.970124940229153,-1.9041089271365952,-2032.2623370837837,-0.12732396545409827,0.32318665,821,0.197778,forward
469.85865235328674,2.0045828062053457,3.840746096173453,-6.90689753833739,-7.925412469842665,-2.242255929887833,-2032.600484086535,-0.12734515081806977,0.32318665,821,0.197778,still
470.0156443119049,2.014284188496816,3.8595024412073253,-6.970334269309101,-7.182931346674401,-2.517080709853986,-2032.8753088665012,-0.12736236895972003,0.32318665,821,0.19763,backward
470.16452622413635,2.02366219202497,3.8433331779869926,-6.2489738023763985,-7.49002641562929,-2.085013872099091,-2032.4432420287465,-0.1273352993919185,0.3235803,822,0.197478,backward
470.3071331977844,2.0123439119842006,3.834116699405428,-6.5489968079116,-8.120813274506377,-2.0638173031032214,-2032.4220454597505,-0.12733397139839653,0.3235803,822,0.197478,still
470.44346737861633,2.0026425298284294,3.8444650263065583,-7.223246239402088,-7.954339331049108,-2.33361491209777,-2032.6918430687451,-0.12735087458103217,0.3235803,822,0.19732,still
470.58940625190735,1.9976301493133397,3.84899241974405,-7.729944454847136,-7.550897278160675,-2.58064648534897,-2032.938874641996,-0.12736635144094574,0.3235803,822,0.19732,backward
470.75599670410156,1.9851800436521827,3.8593407485590054,-8.374772334133885,-7.017932847128582,-2.85035489625897,-2033.2085830529063,-0.12738324903520157,0.3235803,822,0.197168,backward
470.90199089050293,1.9990853565410616,3.8514178091904254,-8.080488237303555,-7.073025861953547,-2.799227644970111,-2033.1574558016175,-0.1273800458442266,0.3235803,822,0.19701,backward
471.05735754966736,2.0112120840310626,3.840584403562866,-7.325724457266977,-7.509542389908277,-2.492108636364616,-2032.850336793012,-0.12736080442576975,0.32397395,823,0.19701,backward
471.1972391605377,1.9942346658410892,3.832176388259351,-7.7738672732435665,-8.11115890718528,-2.4205144492856343,-2032.778742605933,-0.12735631895377333,0.32397395,823,0.19686,still
471.3425576686859,1.9910008721348347,3.8472138008632144,-8.10749446364538,-7.751270412108105,-2.5886875162389003,-2032.9469156728865,-0.12736685522233293,0.32397395,823,0.19686,backward
471.49274706840515,1.9998938050074786,3.85448996926094,-7.949427367092033,-7.259695771707342,-2.7217053363382524,-2033.079933492986,-0.1273751889674514,0.32397395,823,0.196702,backward
471.65532660484314,2.0199433284807253,3.8400993257330533,-6.827018855385052,-7.5603140430439675,-2.2931269671044516,-2032.651355123752,-0.12734833795688894,0.3243676,824,0.196543,still
471.8143935203552,1.997791839004558,3.8413928666190453,-7.148516392722138,-7.870876895272701,-2.3102586890482737,-2032.6684868456957,-0.12734941128228258,0.32476125,825,0.196543,still
471.9715964794159,2.0071698414167236,3.8533581208002365,-7.382589235395344,-7.287966550438292,-2.5994211639286875,-2032.9576493205761,-0.1273675276997797,0.32476125,825,0.196384,backward
472.1137623786926,2.0116971531527037,3.8381590144430087,-6.880780214533063,-7.738677663845243,-2.2489734971177917,-2032.6072016537655,-0.1273455716826808,0.3251549,826,0.196384,backward
472.2621879577637,1.9940729761539966,3.8476988787359043,-7.730406138541274,-7.733970829717698,-2.5208615935334935,-2032.879089750181,-0.1273626058371616,0.3251549,826,0.196233,backward
472.40513586997986,2.005067875303808,3.8478605713607847,-7.652661050082786,-7.38560022910878,-2.6288485250885274,-2032.9870766817362,-0.12736937136348758,0.3251549,826,0.196074,backward
472.5485739707947,2.0133140502371094,3.8350868549959665,-6.918098005677035,-7.755513767568498,-2.251044138566962,-2032.6092722952146,-0.12734570141114918,0.32554855,827,0.196074,backward
472.6870188713074,1.9953664936559838,3.839614247906162,-7.4109236527517295,-8.030493590643347,-2.3405965529495547,-2032.6988247095971,-0.1273513119902103,0.32554855,827,0.195916,backward
472.82501912117004,1.9895456649914518,3.8507710386642353,-8.235738720756327,-7.523130102996648,-2.695220065836666,-2033.0534482224841,-0.12737352962967552,0.32554855,827,0.195916,backward
472.9658327102661,2.0149309473403982,3.8452734894017087,-7.102546081231939,-7.410205398690221,-2.460517649986283,-2032.8187458066338,-0.12735882520803546,0.3259422,828,0.195767,still
473.1136872768402,2.0105653252048485,3.833955006808139,-6.724213102587598,-8.032457866027618,-2.0701447001871998,-2032.4283728568348,-0.12733436781832375,0.3259422,828,0.195767,still
473.24794840812683,2.000055494701325,3.8394525552978465,-7.482106503163617,-8.004674572733666,-2.3677393421280137,-2032.7259674987756,-0.12735301252241457,0.3259422,828,0.195608,backward
473.4112141132355,2.0021574607384323,3.8515795018227865,-7.6935502704547964,-7.390846320953186,-2.6513197452685047,-2033.0095479019162,-0.12737077921561854,0.3259422,828,0.195608,backward
473.5615153312683,2.013637429656256,3.8352485475955236,-6.936514046726064,-7.7827538511469205,-2.2356237792400635,-2032.5938519358879,-0.12734473530492246,0.32633585,829,0.19546,still
473.6958029270172,2.0076549105242245,3.8381590144430087,-6.962504107963747,-8.180757071383127,-2.1269110885670273,-2032.4851392452147,-0.1273379243088128,0.32633585,829,0.195305,still
473.8334233760834,1.9976301493133397,3.84365656321953,-7.563404194246922,-8.000667326975764,-2.3949142868209408,-2032.7531424434687,-0.12735471506920498,0.32633585,829,0.195305,still
473.9867923259735,2.0091101178569013,3.8486690344900625,-7.469628909973919,-7.454910696123521,-2.57684196762858,-2032.9350701242763,-0.1273661130827998,0.32633585,829,0.195146,backward
474.1330199241638,2.0079782899301666,3.8459202598836773,-7.217213538074985,-7.4796032910390915,-2.4818967646433805,-2032.8401249212911,-0.12736016463828834,0.3267295,830,0.195146,still
474.28454971313477,2.005552944403964,3.8412311740071603,-7.11620968331814,-8.005768667487503,-2.232475423058902,-2032.5907035797068,-0.12734453805617835,0.3267295,830,0.194988,forward
474.4615776538849,1.9897073546733017,3.840907788784364,-7.975362639916876,-8.050237712548883,-2.489742061249858,-2032.8479702178977,-0.12736065615665967,0.3267295,830,0.194988,forward
474.5953166484833,1.9961749421008192,3.8451117967820285,-8.100166305643501,-7.559449475489904,-2.6864308155567382,-2033.0446589722046,-0.12737297897133848,0.3267295,830,0.194832,still
474.73214960098267,2.0133140502371094,3.8438182558362857,-7.28352999523788,-7.361273302001814,-2.5682752267098423,-2032.9265033833576,-0.12736557636497314,0.32712315,831,0.194673,still
474.906316280365,2.0105653252048485,3.8313679252955883,-6.979211243726156,-8.185134518563855,-2.107010886910542,-2032.4652390435583,-0.1273366775344461,0.32712315,831,0.194673,forward
475.0477511882782,1.987120319786148,3.8400993257330533,-8.03754360286662,-8.147678745295948,-2.474781982835198,-2032.8330101394831,-0.1273597188876504,0.32712315,831,0.194673,forward
475.18991017341614,1.998276908079339,3.846081952504982,-8.021313337203903,-7.907689342168693,-2.549093524808178,-2032.907321681456,-0.12736437460558128,0.32712315,831,0.194514,still
475.32576870918274,2.0084633590404937,3.843979948453367,-7.388977871399341,-7.576679953862159,-2.501650295214092,-2032.8598784518622,-0.12736140222351447,0.3275168,832,0.194355,backward
475.49517846107483,2.015092637051766,3.836057010598175,-6.851254979974844,-7.975035549972534,-2.0891456214336594,-2032.4473737780818,-0.12733555825156476,0.32791045,833,0.194355,forward
475.6335530281067,2.005552944403964,3.832823158636192,-6.993411229685441,-8.407337544967385,-2.0449681244888587,-2032.4031962811366,-0.12733279047203538,0.32791045,833,0.194204,forward
475.77247428894043,1.9973067699314666,3.8428481001406216,-7.6378544523486145,-8.109126904783617,-2.3799263980655785,-2032.7381545547134,-0.1273537760578405,0.32791045,833,0.194045,still
475.9103055000305,2.0089484281525163,3.8514178091904254,-7.346276734010934,-7.434982272928207,-2.573545341420999,-2032.9317734980687,-0.1273659065447394,0.32791045,833,0.194045,still
476.05050683021545,2.0181647416036728,3.842524714911332,-6.680546136076194,-7.624220199486363,-2.101387010668746,-2032.4596151673163,-0.12733632519104474,0.3283041,834,0.194045,still
476.19118094444275,2.016547844462582,3.8344400846009776,-6.426714993171845,-7.969169748502403,-1.807062209354328,-2032.165290366002,-0.12731788534686173,0.32869775,835,0.19389,forward
476.3265326023102,2.011535463445301,3.836542088403657,-6.772146727793316,-8.206901751177599,-1.9751551576771516,-2032.333383314325,-0.1273284165958815,0.32869775,835,0.19389,forward
476.47842288017273,2.0045828062053457,3.852064579721822,-7.207059468790724,-7.7631496334162104,-2.3595454216911493,-2032.717773578339,-0.1273524991622919,0.32869775,835,0.19373,still
476.62005496025085,2.013475739946588,3.84818395661152,-7.016575117090006,-7.411441898259703,-2.460018331622056,-2032.8182464882698,-0.12735879392506919,0.32869775,835,0.193572,backward
476.77171754837036,2.025279089249395,3.841877944456648,-6.312829039249631,-7.737351220373203,-1.7363755783832195,-2032.094603735031,-0.12731345673447464,0.3290914,836,0.193572,forward
476.9106488227844,2.0063613929079898,3.836057010598175,-6.7363192160307355,-8.160369793895516,-1.9613732701951059,-2032.3196014268428,-0.12732755314211686,0.3290914,836,0.19342,forward
477.07164120674133,2.000540563783993,3.8473754934871196,-7.5733882556234215,-7.8147984805838595,-2.4899218402508736,-2032.8481499968984,-0.12736066742005558,0.3290914,836,0.193262,still
477.2342746257782,2.012505601692547,3.8446267189249386,-7.071812157203588,-7.385550288444438,-2.5219899410199713,-2032.8802180976672,-0.1273626765296474,0.3290914,836,0.193262,backward
477.3797881603241,2.014445878207428,3.837350551419279,-6.676187237447322,-7.832749470497935,-2.0054379475497974,-2032.3636661041971,-0.12733031385334734,0.32948505,837,0.193113,forward
477.5305027961731,2.009918566381653,3.84365656321953,-6.899531889917791,-7.998669996075579,-2.098268630181324,-2032.4564967868287,-0.1273361298203181,0.32948505,837,0.193113,forward
477.67196106910706,2.0141224987863926,3.850447653403092,-6.813169851579155,-7.583409147266871,-2.228962851935001,-2032.5871910085825,-0.12734431798887882,0.32948505,837,0.192954,forward
477.809711933136,2.019296569613693,3.85012426814325,-6.513049821815004,-7.1562233185886255,-2.2752626102857607,-2032.6334907669334,-0.12734721873093618,0.32948505,837,0.192954,still
477.98086404800415,2.0084633590404937,3.838967477474849,-6.891494709938438,-7.7529183702848,-2.1937467920106406,-2032.5519749486584,-0.12734211165541715,0.32948505,837,0.192803,still
478.1212577819824,2.00021718439536,3.8394525552978465,-7.317360558183246,-8.06725494025313,-2.2900322581492794,-2032.648260414797,-0.12734814406921563,0.32948505,837,0.192803,forward
478.25894379615784,2.003612668013502,3.842039637069832,-7.514492269500446,-7.8426421328653495,-2.468241945844892,-2032.8264701024927,-0.12735930914554744,0.32948505,837,0.192644,still
478.4275813102722,2.0057146341043928,3.8443033336885035,-7.396709567534746,-7.516919805835624,-2.6000995676194347,-2032.9583277242673,-0.12736757020268227,0.32948505,837,0.192488,backward
478.5622675418854,2.014445878207428,3.85448996926094,-6.980767647960566,-7.05240175218006,-2.837201461572285,-2033.1954296182198,-0.1273824249548488,0.32948505,837,0.192488,backward
478.7198922634125,2.0180030518887127,3.8548133545383565,-6.546543231824993,-6.969650209413368,-2.686956816016169,-2033.0451849726637,-0.12737301192597383,0.3298787,838,0.19234,still
478.8566813468933,2.018488121034161,3.84980088288471,-6.418865294709065,-7.191139244766443,-2.0119478250380034,-2032.3701759816854,-0.127330721705917,0.3298787,838,0.19234,forward
479.0087866783142,2.022368674259081,3.8514178091904254,-6.212799660179295,-7.158015680902614,-1.4697663729783585,-2031.8279945296258,-0.12729675330960702,0.33027235,839,0.19218,forward
479.1475636959076,2.0267342967675988,3.8473754934871196,-6.021113461255512,-7.501805301503805,-1.2473145385279651,-2031.6055426951752,-0.12728281640334846,0.33027235,839,0.19203,forward
479.2953796386719,2.0285128837551736,3.8449501041626735,-5.762415339497926,-7.534093897604562,-0.9662983713886398,-2031.324526528036,-0.1272652103629746,0.330666,840,0.19203,forward
479.4386546611786,2.025117399526099,3.8375122440233755,-5.840038999624833,-7.7426483133358275,-1.1531754361529525,-2031.5114035928002,-0.12727691846212305,0.330666,840,0.19188,forward
479.5880801677704,2.025440778972881,3.8391291700821903,-5.96446457912737,-7.7747965369269965,-1.2854829944229194,-2031.64371115107,-0.12728520770838378,0.330666,840,0.19188,forward
479.72349667549133,2.029321332393487,3.840261018342666,-5.757535811170325,-7.899894751749094,-1.1415865616173564,-2031.4998147182644,-0.1272761924035655,0.330666,840,0.19172,forward
479.8647060394287,2.020590087350787,3.8352485475955236,-6.059507582146619,-8.090789988920067,-1.4340386692979914,-2031.7922668259448,-0.12729451492097668,0.330666,840,0.19172,forward
480.0210015773773,2.0120205325680747,3.8459202598836773,-6.561929279116694,-7.924138352556513,-1.8836802329085114,-2032.2419083895554,-0.12732268556896204,0.330666,840,0.19157,forward
480.17321968078613,2.0018340813460407,3.8455968746420433,-7.252721789142542,-7.689267912921167,-2.481932164002242,-2032.8401603206491,-0.12736016685610566,0.330666,840,0.19157,still
480.31214475631714,2.000702253478591,3.846567030370846,-7.58435585286131,-7.417864232271764,-2.775790024157402,-2033.1340181808043,-0.12737857744579778,0.330666,840,0.19141,backward
480.4675853252411,2.012667291401082,3.860957675056873,-7.174336745329814,-6.8303669151857935,3.0575927894506334,-2033.5838206743758,-0.12740675817626138,0.330666,840,0.191262,backward
480.6215374469757,2.026249227593156,3.850447653403092,-6.317097121712845,-7.058942198906039,-1.909982657862617,-2032.2682108145095,-0.1273243334512187,0.33105965,841,0.191262,forward
480.75797057151794,2.027219365943749,3.8449501041626735,-5.855882515340004,-7.550510635678207,-1.0053382988555593,-2031.3635664555025,-0.1272676562668746,0.3314533,842,0.191104,forward
480.9023427963257,2.0170329136029235,3.835733625396142,-6.168353521864446,-8.007757446710878,-1.4884014691262295,-2031.8466296257732,-0.1272979208234141,0.3314533,842,0.191104,forward
481.04453134536743,2.011050394324226,3.85125611655839,-6.810766313494702,-7.38623173897181,-2.4475277306290377,-2032.805755887276,-0.12735801137213767,0.3314533,842,0.190945,still
481.1801154613495,2.029968091307558,3.8493158049993386,-6.056482244730681,-6.994520571279913,-0.30024062258720147,-2036.9416540864136,-0.12761713095026475,0.3314533,842,0.190945,backward
481.33038902282715,2.02317712286134,3.8404227109526037,-5.82784922904263,-7.6499737090894415,-1.0282231784394866,-2037.669636642266,-0.1276627400353229,0.33184695,843,0.190796,backward
481.48440194129944,2.0152543267633227,3.856268588302853,-6.523957810680187,-7.264176033639861,-2.257716540650255,-2038.8991300044765,-0.127739769446103,0.33184695,843,0.190637,backward
481.66216683387756,2.034010334589432,3.85125611655839,-5.7877074152115435,-7.0339500096513,-0.1922820174792755,-2036.8336954813058,-0.12761036719862875,0.33184695,843,0.190637,backward
481.8101885318756,2.0257641584204213,3.8449501041626735,-5.739760852017008,-7.565813922849655,-0.8792587188319334,-2037.5206721826585,-0.12765340721181737,0.3322406,844,0.190486,backward
481.95393347740173,2.0129906708187177,3.850285960773008,-6.503833582323916,-7.3600094578588235,-2.1253637922115307,-2038.766777256038,-0.1277314773686175,0.3322406,844,0.190486,backward
482.0938353538513,2.0180030518887127,3.8574004368045918,-6.605332088025868,-6.892946586858188,2.9701989616564215,-2039.95439980935,-0.12780588351697303,0.3322406,844,0.190334,backward
482.23748755455017,2.027704435121609,3.8530347355286803,-6.002585657290331,-6.767849881380619,0.6276673959885828,-2042.2969313750177,-0.1279526462663975,0.33263425,845,0.190334,backward
482.3670382499695,2.027704435121609,3.84365656321953,-5.708889334611958,-7.418733680631684,-0.7099058221203203,-2043.6345045931264,-0.12803644702533848,0.33263425,845,0.190176,backward
482.50215792655945,2.0209134667869537,3.8451117967820285,-6.100147403001651,-7.454446113968831,-1.2825392826295205,-2044.2071380536356,-0.1280723232808855,0.33263425,845,0.190027,backward
482.63898944854736,2.0128289811098052,3.851902887088485,-6.631968731316465,-7.263394585815792,-2.475697039542686,-2045.4002958105489,-0.12814707621718233,0.33263425,845,0.190027,backward
482.78912258148193,2.021721915380686,3.8653233767640343,-6.403971938741579,-6.6208667804479004,1.9893570808742242,-2047.2184269973118,-0.12826098457841612,0.33263425,845,0.189875,backward
482.9307596683502,2.03061485022467,3.859017363263344,-5.794090538956649,-6.667196613355963,0.5689738021377789,-2048.6388102760484,-0.12834997349889818,0.3330279,846,0.189875,backward
483.077529668808,2.0344954037912486,3.844141641070772,-5.391537334800636,-7.300206337859947,-0.38077639419656273,-2049.5885604723826,-0.1284094766245437,0.33342155,847,0.189717,backward
483.2377223968506,2.0256024686965564,3.850609346033501,-5.669250068371687,-7.413753318823968,-0.6708733336507443,-2049.8786574118367,-0.12842765158750166,0.33342155,847,0.189717,backward
483.40934014320374,2.016871223889287,3.8582089000298945,-6.287377950738939,-7.0370643747304085,-2.224105714792272,-2051.4318897929784,-0.128524963682712,0.33342155,847,0.189558,backward
483.5622308254242,2.027057676218176,3.8586939779689864,-6.027706497271072,-6.565701575670514,1.0950686468219708,-2054.3959007385433,-0.12871066295015018,0.33342155,847,0.1894,backward
483.7064905166626,2.0343337140571194,3.850609346033501,-5.503715875408888,-6.889821303062157,0.09917530379847686,-2055.3917940815672,-0.12877305700592206,0.3338152,848,0.1894,backward
483.84283113479614,2.029968091307558,3.8375122440233755,-5.4980893940292725,-7.490370042988209,-0.6299034555195351,-2056.1208728408856,-0.12881873476959996,0.3338152,848,0.1894,backward
483.9800601005554,2.0210751565053213,3.848345649237376,-5.965958321458978,-7.390381593083383,-1.0369575035474763,-2056.5279268889135,-0.1288442372525242,0.3338152,848,0.18924,backward
484.11780548095703,2.0183264313188225,3.866455225393614,-6.372332946047772,-6.793254182718479,2.2944161062352055,-2059.47973858631,-0.12902917222067678,0.3338152,848,0.189092,backward
484.2776589393616,2.029968091307558,3.8659701474075496,-6.0283987437574496,-6.218471448140619,1.323861570101188,-2060.4502931224442,-0.12908997876615824,0.3338152,848,0.189092,backward
484.42897629737854,2.0385376472063936,3.8569153588733207,-5.169700451702083,-6.598939439537344,0.3339321233336889,-2061.4402225692115,-0.12915199917581807,0.33420885,849,0.18894,backward
484.57319808006287,2.029321332393487,3.84818395661152,-5.417028977234357,-7.161232821255637,-0.2523438083951001,-2062.0264985009403,-0.12918873015051355,0.33420885,849,0.18879,backward
484.7167992591858,2.014445878207428,3.8565919735874354,-6.300271246236223,-7.065686002270006,-2.3558702124209745,-2064.130024904966,-0.129320518905494,0.33420885,849,0.18879,backward
484.87304973602295,2.013152360527819,3.85998751915424,-6.7783437990345385,-6.5637047475842065,2.540500399529124,-2065.516839600196,-0.1294074047091251,0.33420885,849,0.18879,backward
485.0208086967468,2.0260875378687215,3.8582089000298945,-6.234220252697288,-6.477096647194841,1.6332618928083706,-2066.424078106917,-0.12946424442030832,0.33420885,849,0.18863,backward
485.16033601760864,2.031584988606042,3.848830727116894,-5.581019924991385,-6.862948231203661,0.14075190448460576,-2067.916588095241,-0.1295577521760373,0.3346025,850,0.188481,backward
485.33213448524475,2.016547844462582,3.84818395661152,-6.103688438654424,-7.25098619822561,-1.2706077415319437,-2069.327947741257,-0.12964617575380755,0.3346025,850,0.188481,backward
485.4909429550171,2.0139608090761585,3.8645149134669845,-6.661574355180787,-6.5370982108278035,2.4104335221822124,-2071.9300917847218,-0.12980920357371592,0.3346025,850,0.188323,backward
485.63914608955383,2.0319083680680206,3.8651616841039713,-5.985733502880294,-6.205339165795961,1.2879348992566295,-2073.0525904076476,-0.12987952962034863,0.3346025,850,0.188174,backward
485.80516958236694,2.0319083680680206,3.8538431987100132,-5.458377138659714,-6.770065266717295,0.22793359016555143,-2074.1125917167387,-0.129945940126314,0.33499615,851,0.188174,backward
485.9566638469696,2.018649810749689,3.8619278309712453,-6.0029839648108485,-6.738166204396643,0.8247801238590429,-2073.515745183045,-0.1299085468892054,0.33499615,851,0.188015,backward
486.091787815094,2.0257641584204213,3.86160444566515,-6.096477262511269,-6.333808123476693,1.4171852897293893,-2072.9233400171747,-0.12987143190975725,0.33499615,851,0.188015,backward
486.2311849594116,2.038214267728798,3.8596641338559707,-5.35832633196424,-6.272118675703773,0.6710196870977335,-2073.669505619807,-0.1299181801871223,0.3353898,852,0.187856,backward
486.37723660469055,2.030129781036551,3.8510944239266798,-5.296313984911241,-6.8522800572377145,0.0822193859551374,-2074.258305920949,-0.12995506931695266,0.3353898,852,0.187698,backward
486.53055000305176,2.0230154331405092,3.8622512162786453,-5.918366943704194,-6.712043182291914,0.7000409796476816,-2073.640484327256,-0.12991636196415832,0.3353898,852,0.187698,backward
486.6708538532257,2.025117399526099,3.8751866296455773,-6.030521301117875,-5.849728028250306,1.4417374568555839,-2072.8987878500484,-0.12986989368350466,0.3353898,852,0.187698,backward
486.82263350486755,2.034010334589432,3.8543282766227196,-5.4932294125901,-6.42904189970498,0.6208423854517416,-2073.719682921452,-0.12992132386247598,0.33578345,853,0.187546,backward
486.96122884750366,2.028189504301178,3.854004891347256,-5.565796501606443,-6.996704338082026,-0.14811943287372553,-2074.488644739777,-0.12996950035337745,0.33578345,853,0.187395,backward
487.105211019516,2.0209134667869537,3.855945203019574,-6.0771794665538845,-7.03035507788299,-0.9974669541510397,-2075.3379922610548,-0.13002271311655492,0.33578345,853,0.187395,backward
487.2538459300995,2.0204283976329873,3.8658084547461815,-6.2280743743065585,-6.449169187089189,1.7285138373885474,-2072.612011469515,-0.12985192675802373,0.33578345,853,0.187244,backward
487.3927354812622,2.0244706406348114,3.8698507713783625,-6.170056453220343,-6.066535615214127,1.587636854679533,-2072.752888452224,-0.1298607528902373,0.33578345,853,0.187095,backward
487.5335500240326,2.0319083680680206,3.8716293907612083,-5.762926302147074,-5.798244333727707,1.2272033310918902,-2073.113321975812,-0.1298833345346778,0.33578345,853,0.187095,backward
487.68060302734375,2.0385376472063936,3.8586939779689864,-5.238883665576389,-6.1707126161956705,0.6643382172024892,-2073.6761870897017,-0.12991859879018677,0.3361771,854,0.186943,backward
487.83399868011475,2.033848644855874,3.854651661899485,-5.198046229383853,-6.675585463338351,0.21178272034649404,-2074.1287425865576,-0.12994695200000436,0.33657075,855,0.186943,backward
487.9861373901367,2.0256024686965564,3.858855670616002,-5.6819445160914235,-6.7656611401883895,0.2422795356135162,-2074.0982457712907,-0.12994504133356008,0.33657075,855,0.186785,backward
488.13367104530334,2.0220452948195047,3.870012464047896,-6.096322698349573,-6.224118414857093,1.5207058732463075,-2072.8198194336583,-0.12986494620613576,0.33657075,855,0.186785,backward
488.2831914424896,2.0438734086969204,3.8716293907612083,-5.29540127550746,-5.668725676520891,0.9634335288167536,-2073.3770917780885,-0.1298998600671251,0.33657075,855,0.186633,backward
488.4281997680664,2.039831165124404,3.8554601250970983,-4.7341135471701286,-6.470128136742423,0.27232901647474167,-2074.0681962904305,-0.12994315869321726,0.3369644,856,0.186633,backward
488.56583166122437,2.0257641584204213,3.855136739817076,-5.562146012352525,-6.811347784012742,0.07821515749832168,-2074.262310149407,-0.12995532018724462,0.3369644,856,0.186484,backward
488.70334219932556,2.0285128837551736,3.8698507713783625,-5.8697058381490566,-6.076591799225636,1.2803694461955615,-2073.0601558607095,-0.12988000360614602,0.3369644,856,0.186333,backward
488.8679778575897,2.0399928548650137,3.852387964989473,-5.052440044880473,-6.411556402955321,0.39170707200252697,-2073.9488182349023,-0.12993567949767212,0.33735805,857,0.186333,backward
489.0081286430359,2.0188115004654064,3.8585322853222963,-5.787850719807482,-6.719355551602514,0.3838294197355794,-2073.9566958871696,-0.1299361730431691,0.33735805,857,0.186174,backward
489.1503939628601,2.024147261190306,3.8732463175072103,-6.1834846526279135,-5.902327875056247,1.6755150141972823,-2072.665010292708,-0.12985524720549266,0.33735805,857,0.186174,backward
489.3050878047943,2.036759060089057,3.8659701474075496,-5.425067512865596,-5.997791719640425,0.8993158421688981,-2073.441209464736,-0.12990387712632592,0.3377517,858,0.186016,still
489.4429168701172,2.0325551269942608,3.8552984324569244,-5.3019853703642825,-6.600250430495848,0.27714714205859026,-2074.063378164846,-0.12994285683117698,0.3377517,858,0.186016,forward
489.5803463459015,2.022853743419868,3.863868142835219,-5.824058964782412,-6.33682847898412,1.0977895531354551,-2073.242735753769,-0.12989144248171455,0.3377517,858,0.185867,backward
489.7219169139862,2.0343337140571194,3.868233844700994,-5.578357931321017,-5.951583706501489,1.0531127706715313,-2073.2874125362323,-0.12989424154215234,0.3377517,858,0.185708,still
489.87680530548096,2.049855929403493,3.8591790559110115,-4.6142674732657145,-6.0958164022180785,0.4539744614830835,-2073.8865508454205,-0.1299317783620743,0.33814535,859,0.185708,still
490.0705509185791,2.0348187832600786,3.846405337748566,-4.848184989216275,-6.731741873162308,0.05248300600218159,-2074.2880423009015,-0.12995693234110298,0.33814535,859,0.185557,still
490.20535707473755,2.025117399526099,3.866455225393614,-5.694307986104946,-6.3450917844376535,0.9197911245489041,-2073.420734182354,-0.12990259432237924,0.33814535,859,0.185557,backward
490.34252977371216,2.0330401961909383,3.8709826200719615,-5.570728777976772,-5.7964851817945275,1.1344401550050398,-2073.2060851518977,-0.12988914627227277,0.33814535,859,0.185398,still
490.495982170105,2.04144806253909,3.8627362942421923,-4.96760517701676,-6.118770651621668,0.5558366960437057,-2073.784688610859,-0.1299253965562426,0.338539,860,0.18524,forward
490.63265895843506,2.0314232988753376,3.8591790559110115,-5.17334819411604,-6.666034668440496,0.125428430029781,-2074.215096876873,-0.12995236221229647,0.338539,860,0.18524,forward
490.79061579704285,2.0210751565053213,3.870497542058458,-5.871793506104231,-6.181458988666867,1.3430151286620253,-2072.997510178241,-0.12987607876998442,0.338539,860,0.185088,backward
490.944922208786,2.028351194028081,3.870174156717757,-6.034161738127752,-5.803415881939936,1.5971435919449115,-2072.743381714958,-0.12986015728037673,0.338539,860,0.185088,still
491.0869882106781,2.0430649599728676,3.8603109044538133,-4.951914849522229,-6.1350353640186155,0.5312645471690864,-2073.8092607597337,-0.12992693603437855,0.33893265,861,0.18493,backward
491.22797679901123,2.0383759574675,3.854166583984825,-4.951085097356257,-6.666586463276727,0.0790071226379172,-2074.261518184265,-0.12995527056956457,0.33893265,861,0.184773,backward
491.3749952316284,2.0207517770687757,3.864029835492671,-5.699658051713165,-6.538928035667695,0.6330611146540113,-2073.7074641922486,-0.12992055834267735,0.33893265,861,0.184773,forward
491.51687121391296,2.0267342967675988,3.876803556463537,-5.880457495026713,-5.841762084612018,1.4570665506400975,-2072.8834587562624,-0.12986893329518667,0.33893265,861,0.184614,forward
491.6740040779114,2.040477924087988,3.8693656933717215,-5.2583981363299666,-5.784335030986058,0.9206539922375839,-2073.419871314665,-0.1299025402625594,0.33893265,861,0.184614,backward
491.81978130340576,2.0411246830546257,3.8515795018227865,-4.871331231081403,-6.56337998782038,0.14774256095935034,-2074.1927827459435,-0.12995096420201813,0.3393263,862,0.184614,backward
491.95745396614075,2.0233388125823604,3.8582089000298945,-5.594442478895551,-6.693742714000208,0.08602172055804455,-2074.2545035863445,-0.12995483109558184,0.3393263,862,0.184463,backward
492.1023998260498,2.022853743419868,3.8724378541301223,-6.10782079452641,-5.991842572397049,1.7684169930270228,-2072.5721083138756,-0.12984942677171912,0.3393263,862,0.184314,forward
492.2574317455292,2.039831165124404,3.8716293907612083,-5.504870630747976,-5.662081935422056,1.1609249625999725,-2073.179600344303,-0.12988748696349867,0.3393263,862,0.184314,still
492.4359633922577,2.0395077856437567,3.8622512162786453,-4.961874050216926,-6.116615227825999,0.5345483481718111,-2073.805976958731,-0.12992673029983445,0.33971995,863,0.184155,still
492.5789260864258,2.0259258481444764,3.857077051516752,-5.509533146136843,-6.567195481805688,0.29547857930615745,-2074.045046727597,-0.1299417083420078,0.33971995,863,0.184155,still
492.73707842826843,2.02317712286134,3.8727612394799764,-5.978849934890118,-5.9824288760285835,1.6206013067166563,-2072.7199240001864,-0.1298586876230344,0.33971995,863,0.184004,still
492.87614130973816,2.039669475383985,3.8753483223259013,-5.388029524951921,-5.558441923172565,1.1143922950939444,-2073.2261330118095,-0.12989040229762752,0.33971995,863,0.183848,still
493.0222170352936,2.038699336945477,3.860634289754691,-4.987556318194884,-6.134533000832718,0.5209986185724262,-2073.819526688331,-0.12992757920859588,0.3401136,864,0.183848,still
493.1612730026245,2.027704435121609,3.8628979868973596,-5.51497984619194,-6.39170815451504,0.6017618666264367,-2073.738763440277,-0.12992251928261214,0.3401136,864,0.183696,backward
493.3039462566376,2.0244706406348114,3.8698507713783625,-6.006350707247189,-5.956156994831808,1.6830929059365207,-2072.657432400967,-0.12985477244039534,0.3401136,864,0.183696,forward
493.4582951068878,2.040477924087988,3.869527386040275,-5.323945585347511,-5.697517285999012,1.01329378499091,-2073.3272315219133,-0.129896736255096,0.3401136,864,0.183538,forward
493.5940103530884,2.0374058190381468,3.8633830648648213,-4.903491241937117,-6.184053051539975,0.4342521520797606,-2073.9062731548247,-0.12993301399125243,0.34050725,865,0.183386,forward
493.7284119129181,2.0378908882519657,3.868718922700774,-5.179853897957801,-6.334037193242436,0.41059517999838613,-2073.929930126906,-0.12993449613233288,0.34050725,865,0.183386,backward
493.8658330440521,2.0310999194145003,3.8724378541301223,-5.453953770526944,-5.939039926185645,1.0071638766288624,-2073.3333614302755,-0.1298971203020895,0.34050725,865,0.183237,backward
494.01191806793213,2.049855929403493,3.868557230033854,-4.703321378892558,-5.772995226166457,0.6283336735567853,-2073.7121916333476,-0.1299208545232128,0.34050725,865,0.183237,still
494.1519877910614,2.0446818574257497,3.856268588302853,-4.464938852071944,-6.2914846515706015,0.23629055609281333,-2074.104234750812,-0.12994541655117237,0.3409009,866,0.183079,still
494.3247356414795,2.0285128837551736,3.865646762085139,-5.308858793573559,-6.363058216137366,0.4446758236515268,-2073.895849483253,-0.12993236093422583,0.3409009,866,0.183079,backward
494.4729242324829,2.0416097522816083,3.876156785732426,-5.1587701030644855,-5.671740724559914,0.932999000814656,-2073.40752630609,-0.12990176683118854,0.3409009,866,0.18292,backward
494.61050152778625,2.0440350984423037,3.860957675056873,-4.626181274910979,-6.1957966776084366,0.3302542000633148,-2074.010271106841,-0.1299395296026517,0.34129455,867,0.18276,backward
494.75559401512146,2.0309382296843665,3.8586939779689864,-5.1279402670036385,-6.624110159282796,-0.013146027595462809,-2074.3536713344997,-0.12996104408822057,0.34129455,867,0.18276,still
494.9099726676941,2.0235005023035706,3.863059679552854,-5.926186673676913,-6.270209116563466,1.8151183006695142,-2072.525407006235,-0.12984650087205932,0.34129455,867,0.18276,forward
495.0444827079773,2.0341720243231807,3.870012464047896,-5.569413501205614,-5.939703809010699,1.1849549439229137,-2073.1555703629815,-0.12988598145288827,0.34129455,867,0.182603,still
495.20402002334595,2.0430649599728676,3.8688806153680213,-4.996165332126439,-5.814843921885473,0.7516106257092678,-2073.588914681195,-0.1299131310565566,0.3416882,868,0.18245,still
495.34344482421875,2.0416097522816083,3.8724378541301223,-4.8177697241854,-5.746743428305108,0.696916941750747,-2073.6436083651533,-0.12991655768932925,0.3416882,868,0.18245,forward
495.48634600639343,2.0411246830546257,3.8692040007034945,-4.72991294850187,-5.894559768997566,0.5649778717552785,-2073.775547435149,-0.12992482384930457,0.34208185,869,0.182292,forward
495.6415047645569,2.0422565112535915,3.8593407485590054,-4.8212472532450175,-6.33247962429892,0.24426986431809966,-2074.0962554425864,-0.12994491663679303,0.34208185,869,0.182134,backward
495.7793650627136,2.0433883394619157,3.857562129449001,-4.830227421731586,-6.551396555070631,0.02578688569468598,-2074.3147384212098,-0.12995860488890248,0.34208185,869,0.182134,backward
495.9177758693695,2.0412863727967623,3.8591790559110115,-4.793900202281372,-6.609527056232133,-0.03365760154687929,-2074.3741829084515,-0.12996232916588282,0.34208185,869,0.182134,backward
496.05197262763977,2.049855929403493,3.8533581208002365,-4.462545237079929,-6.98722273638278,-0.3018047692860931,-2074.6423300761917,-0.12997912894615674,0.34208185,869,0.181975,backward
496.20108366012573,2.042094821510309,3.8514178091904254,-4.55570662591889,-7.02846321049842,-0.35463098719711267,-2074.6951562941026,-0.12998243857967284,0.3424755,870,0.181816,backward
496.34181666374207,2.0319083680680206,3.8522262723554843,-5.24497351055531,-7.040048243170794,-0.7299040764034017,-2075.0704293833087,-0.13000594994283401,0.3424755,870,0.181816,backward
496.5081925392151,2.024147261190306,3.8564302809449815,-5.803464139281258,-6.879474968672978,-1.75605959305447,-2076.0965848999604,-0.13007023996443634,0.3424755,870,0.181816,backward
496.6547167301178,2.024632330357349,3.864191528150449,-5.924121151370195,-6.646975391655391,-2.8393507463542846,-2077.1798760532606,-0.1301381096104277,0.3424755,870,0.181658,backward
496.8089988231659,2.0286745734824563,3.8688806153680213,-5.847954225515604,-6.1657767420727465,1.7918787863989105,-2078.831831827687,-0.13024160685884725,0.3424755,870,0.1815,backward
496.97029399871826,2.036759060089057,3.8627362942421923,-5.392603168434012,-6.216885853672607,0.8002898503179012,-2079.823420763768,-0.13030373123774183,0.3424755,870,0.181348,backward
497.1077718734741,2.040154544605814,3.8604725971040894,-5.017790358445434,-6.321705769579904,0.3443401201965049,-2080.279370493889,-0.13033229710083313,0.34286915,871,0.181348,backward
497.27248644828796,2.0393460959037193,3.8569153588733207,-4.896323756462113,-6.7442705547878905,-0.1904765383480504,-2080.814187152433,-0.13036580408293588,0.34286915,871,0.181199,backward
497.41042828559875,2.0285128837551736,3.8536815060730953,-5.406918287969152,-6.933113830195359,-0.8205555178058971,-2081.444266131891,-0.13040527937741433,0.34286915,871,0.181199,backward
497.56596517562866,2.023823881746559,3.8645149134669845,-5.924426943383714,-6.387025791927659,2.3419689894961966,-2084.5649269317682,-0.13060079296866048,0.34286915,871,0.181038,backward
497.71972465515137,2.0370824395632203,3.8567536662302153,-5.377923328548079,-6.475416041367163,0.29600478394158564,-2086.6108911373226,-0.13072897537458064,0.34286915,871,0.181038,backward
497.8632869720459,2.0157393958991277,3.8515795018227865,-6.002165987700011,-7.1102967125235415,-2.051406566244624,-2088.9583024875087,-0.13087604384906043,0.3432628,872,0.180881,backward
498.0312728881836,2.028351194028081,3.8722761614556855,-6.122797080249938,-6.23307079827785,2.4034234350232686,-2090.78665779342,-0.13099059276509345,0.3432628,872,0.180728,backward
498.196270942688,2.0288362632099286,3.8433331779869926,-5.5938861973124805,-6.913918085210475,-1.167995551575269,-2094.3580767800186,-0.13121434696226283,0.34365645,873,0.180728,backward
498.34413170814514,2.0173562930307636,3.8586939779689864,-6.229678390587957,-6.865034450418738,-2.6312558496249343,-2095.8213370780677,-0.13130602218560358,0.34365645,873,0.180571,backward
498.4850044250488,2.0357889216711387,3.864191528150449,-5.720067546061578,-6.342874181442701,1.4911908312194764,-2097.982075704403,-0.1314413953631677,0.34365645,873,0.180413,backward
498.626380443573,2.0412863727967623,3.8510944239266798,-5.030099944488627,-6.820198468125418,-0.3184492291205313,-2099.791715764743,-0.13155477174392458,0.3440501,874,0.180413,backward
498.76530408859253,2.027866124847942,3.8548133545383565,-5.445175003115726,-7.068130674124676,-1.0319070464932427,-2100.505173582116,-0.13159947083460524,0.3440501,874,0.180264,backward
498.90936040878296,2.016871223889287,3.860957675056873,-6.248143241944345,-6.681652415376005,-2.9768437593388586,-2102.4501102949616,-0.1317213237323921,0.3440501,874,0.180264,backward
499.06722116470337,2.0259258481444764,3.8675870740391924,-6.089180431221328,-6.145735734429832,2.238738887296615,-2103.517712955506,-0.1317882104732372,0.3440501,874,0.180112,backward
499.20848655700684,2.0346570935255683,3.8535198134365034,-5.4619205670056,-6.588368492082799,0.006623675751887662,-2105.749828167051,-0.13192805548974829,0.34444375,875,0.180112,backward
499.35744619369507,2.025117399526099,3.849962575513817,-5.696036798752539,-7.196782930979828,-1.5080507975822202,-2107.2645026403848,-0.13202295188023777,0.34444375,875,0.17996,backward
499.5032751560211,2.016871223889287,3.864029835492671,-6.341430577410324,-6.871005469936564,-2.7199955126556206,-2108.476447355458,-0.13209888184470076,0.34444375,875,0.17996,backward
499.64472484588623,2.026249227593156,3.8648382987848247,-6.173189803100909,-6.445170912243132,2.79508923548091,-2109.2445479145013,-0.13214700437655127,0.34444375,875,0.179802,backward
499.7826883792877,2.036759060089057,3.8556218177375983,-5.434832111409112,-6.417380046334391,0.5272535158762766,-2111.5123836341054,-0.13228908733087733,0.3448374,876,0.179644,backward
499.92065024375916,2.031584988606042,3.850285960773008,-5.370949484875086,-6.901965357294348,-0.6896295545064822,-2112.7292667044885,-0.13236532668993442,0.3448374,876,0.179644,backward
500.06319880485535,2.0180030518887127,3.855136739817076,-5.9472245483082435,-7.1470563317122355,-1.9378820697613803,-2113.977519219743,-0.1324435313868528,0.3448374,876,0.179644,backward
500.21020007133484,2.008625048744313,3.866455225393614,-6.762914804887022,-6.556359541206451,3.0926539560589346,-2115.230168501102,-0.13252201154707402,0.3448374,876,0.179492,backward
500.3494620323181,2.027704435121609,3.8653233767640343,-6.3058550908062765,-6.209940053529509,2.522549386631129,-2115.8002730705302,-0.13255772936419757,0.3448374,876,0.179333,backward
500.4890384674072,2.031261609144824,3.8614427530125917,-5.652556764245815,-6.412433740330427,1.0697849193078706,-2117.2530375378537,-0.13264874700964382,0.34523105,877,0.179333,backward
500.6484248638153,2.0202667079153773,3.8446267189249386,-6.063823738163314,-7.21045885912772,-2.0400194799866527,-2120.362841937148,-0.1328435804328095,0.34523105,877,0.179185,backward
500.79532289505005,2.013152360527819,3.8611193677084534,-6.473492742772133,-6.825608484249094,-2.84421664661778,-2121.1670391037787,-0.1328939644656157,0.34523105,877,0.179185,backward
500.9392442703247,2.022368674259081,3.868072152035053,-6.339477575851931,-6.3161673127690205,2.6717650178563046,-2121.9342427464844,-0.13294203080445277,0.34523105,877,0.179026,backward
501.09456157684326,2.0322317475307603,3.8522262723554843,-5.686241085313715,-6.539650849840247,0.6539945077041064,-2123.9520132566367,-0.13306844683748204,0.3456247,878,0.178875,backward
501.24441742897034,2.027866124847942,3.8430097927557543,-5.649701529519492,-7.14679443597852,-1.3554737039735685,-2125.961481468314,-0.133194342720359,0.3456247,878,0.178875,backward
501.40537214279175,2.014445878207428,3.8548133545383565,-6.321436199996228,-7.023760989966734,-2.498686625597011,-2127.104694389938,-0.13326596654563164,0.3456247,878,0.178716,backward
501.5421121120453,2.013637429656256,3.8617661383180346,-6.768956756196813,-6.36293533015927,2.8958262924751232,-2127.993366779045,-0.1333216430646056,0.3456247,878,0.178716,backward
501.68645691871643,2.0288362632099286,3.8585322853222963,-6.116385439129002,-6.348612072587756,2.476656186182291,-2128.412536885338,-0.1333479046348562,0.3456247,878,0.17856,backward
501.8344931602478,2.0265726070425947,3.84947749762747,-5.839198277863998,-6.985255467458087,-1.7084727685711254,-2126.314480532912,-0.13321645858595665,0.34601835,879,0.17856,backward
501.9700472354889,2.018488121034161,3.8538431987100132,-6.199348486857189,-7.137113908805144,-2.2354877518262066,-2126.8414955161666,-0.13324947678262217,0.34601835,879,0.1784,backward
502.1100800037384,2.011858842860295,3.866455225393614,-6.732649441418624,-6.506763235136411,3.0260214074639324,-2127.863171664056,-0.1333134861657542,0.34601835,879,0.1784,backward
502.2666223049164,2.0286745734824563,3.8709826200719615,-6.08943713663467,-5.9916022420968105,2.00395696070348,-2128.885236110816,-0.13337751987633206,0.34601835,879,0.17825,backward
502.40446949005127,2.028027814574465,3.855945203019574,-5.653146727981736,-6.540736483108552,0.42402955523719854,-2130.4651635162822,-0.13347650445067702,0.346412,880,0.17809,backward
502.55648732185364,2.016224465036633,3.8538431987100132,-6.093820972645557,-6.994356533335588,-2.2210614442138463,-2133.1102545157332,-0.13364222295507067,0.346412,880,0.17809,backward
502.6922359466553,2.016224465036633,3.8620895236247823,-6.555737233659781,-6.554700717815154,3.063882225930935,-2134.108496152768,-0.1337047641346169,0.346412,880,0.17809,backward
502.8501703739166,2.029321332393487,3.8703358493879443,-5.979637743168045,-6.041528477783139,1.8551811866952705,-2135.3171971920037,-0.1337804908784313,0.346412,880,0.177932,backward
502.9892954826355,2.032393437262415,3.855136739817076,-5.535114255731056,-6.699561043325096,-0.31858719997234575,-2137.490965578671,-0.1339166803879837,0.34680565,881,0.177773,backward
503.13698744773865,2.021236846223878,3.8491541123715316,-5.824987438945376,-7.168378283735406,-1.5971030077958321,-2138.769481386495,-0.13399678112083568,0.34680565,881,0.177773,backward
503.3063733577728,2.0207517770687757,3.867101996046271,-6.277442811440594,-6.4431253030771165,2.789070135773844,-2140.666493550105,-0.1341156314812336,0.34680565,881,0.177622,backward
503.44101095199585,2.03627399087924,3.8582089000298945,-5.608550917236974,-6.440231332346641,0.6926312849577139,-2142.762932400921,-0.1342469761914844,0.34680565,881,0.177463,backward
503.6040229797363,2.0344954037912486,3.854166583984825,-5.274739436761952,-6.929880262653585,-0.5330986492356014,-2143.9886623351144,-0.13432376981844363,0.3471993,882,0.177463,backward
503.7512090206146,2.028351194028081,3.854651661899485,-5.635997508949277,-7.074892180078837,-1.211312060791323,-2144.6668757466705,-0.13436626079975433,0.3471993,882,0.177312,backward
503.9001750946045,2.0197816387636833,3.868557230033854,-6.1883116034447125,-6.562048841657685,2.9860366479686005,-2146.75271234509,-0.13449694126465,0.3471993,882,0.177312,backward
504.03694128990173,2.022692053699416,3.857238744160509,-6.213025670786446,-6.364846524376116,2.5750096105480784,-2147.1637393825113,-0.13452269266069686,0.3471993,882,0.177163,backward
504.1839060783386,2.032878506458522,3.8679104593694404,-5.692409637782845,-6.09596198153098,1.339250642338459,-2148.3994983507205,-0.13460011462010965,0.3471993,882,0.177004,backward
504.33638978004456,2.038214267728798,3.8585322853222963,-5.186440108900464,-6.514622189975597,0.15542930374637937,-2149.5833196893127,-0.1346742826172566,0.34759295,883,0.177004,backward
504.4819893836975,2.034010334589432,3.8522262723554843,-5.198078851536392,-6.980466721914894,-0.5435758621291696,-2150.2823248551886,-0.13471807622990603,0.34759295,883,0.177004,backward
504.6204237937927,2.0204283976329873,3.8478605713607847,-5.8609526768950975,-7.198617282079684,-1.6742454450677455,-2151.412994438127,-0.13478891419815997,0.34759295,883,0.176846,backward
504.7780337333679,2.018649810749689,3.864191528150449,-6.359243303266697,-6.61166442749493,3.122043604812609,-2152.899890695426,-0.13488207024609908,0.34759295,883,0.176846,backward
504.91459941864014,2.0346570935255683,3.8693656933717215,-5.798548181464593,-6.198535165935943,1.5480414099382886,-2154.4738928903007,-0.13498068359804086,0.34759295,883,0.176687,backward
505.0964047908783,2.0322317475307603,3.8470521082396347,-5.361004759839421,-7.108496052083444,-0.8327316689140888,-2156.8546659691533,-0.13512984222963803,0.3479866,884,0.176528,backward
505.2394368648529,2.021721915380686,3.859017363263344,-5.903508251738775,-6.814371699770123,-2.0597095434456234,-2158.0816438436846,-0.13520671404173584,0.3479866,884,0.176528,backward
505.38849925994873,2.0267342967675988,3.8624129089328347,-6.044472704055956,-6.301294555083123,2.2096419377335565,-2160.095477669685,-0.13533288343621466,0.3479866,884,0.17637,backward
505.5279197692871,2.0319083680680206,3.8507710386642353,-5.5808211031394945,-6.970612477301876,-0.9982862911253408,-2163.3034058985436,-0.135533864449117,0.34838025,885,0.17637,backward
505.6606664657593,2.013637429656256,3.8496391902559273,-6.266448990921339,-7.229376719513642,-2.224667674179618,-2164.5297872815972,-0.13561069889022245,0.34838025,885,0.176218,backward
505.7990839481354,2.0196199490468305,3.865485069424423,-6.536326499867923,-6.367107296697429,2.794471697910388,-2165.793833216687,-0.13568989306610957,0.34838025,885,0.176067,backward
505.9318826198578,2.0322317475307603,3.856106895661051,-5.782893265809001,-6.463731076084879,1.367945941519304,-2167.220358973078,-0.13577926682106817,0.3487739,886,0.176067,backward
506.06730556488037,2.0247940200800763,3.851902887088485,-5.802419631583477,-7.062626516811753,-1.5419160441163575,-2170.130220958714,-0.1359615735834259,0.3487739,886,0.17591,backward
506.2095103263855,2.0196199490468305,3.8622512162786453,-6.172145997835175,-6.778652668496663,-2.747164567098184,-2171.335469481696,-0.13603708402245906,0.3487739,886,0.17591,backward
506.34945917129517,2.031746678336936,3.8643532208085536,-5.885782665901079,-6.2541030100650765,1.7450032588031508,-2173.126486962974,-0.1361492936736211,0.3487739,886,0.175752,backward
506.48942494392395,2.0430649599728676,3.84899241974405,-4.9437791173477725,-6.769114419334283,-0.16194197113108003,-2175.0334321929085,-0.1362687663539678,0.34916755,887,0.175752,backward
506.64619183540344,2.0235005023035706,3.8530347355286803,-5.607736672561371,-7.18688185830422,-1.2235976259936723,-2176.095087847771,-0.1363352805069181,0.34916755,887,0.175752,backward
506.7788097858429,2.012667291401082,3.8598258265049425,-6.589176269607069,-6.762288921768279,-2.979812553404911,-2177.851302775183,-0.13644530973132846,0.34916755,887,0.175593,backward
506.9332411289215,2.026895986492792,3.8604725971040894,-6.178276042612928,-6.503074971983212,2.7893159809357977,-2178.3653595480223,-0.13647751607870404,0.34916755,887,0.175435,backward
507.0789713859558,2.029321332393487,3.85287304289339,-5.708368362152747,-6.73935229674628,-0.7578043501433668,-2181.9124798791013,-0.1366997479324636,0.3495612,888,0.175435,backward
507.2402925491333,2.016062775323942,3.8491541123715316,-6.137996239052254,-7.219173100473921,-2.0719635512180803,-2183.226639080176,-0.13678208177178422,0.3495612,888,0.175283,backward
507.3780462741852,2.015092637051766,3.8625746015873506,-6.651493103717597,-6.746435225335528,-3.0161429212500153,-2184.1708184502077,-0.1368412358776783,0.3495612,888,0.175125,backward
507.54271173477173,2.027704435121609,3.8745398589275553,-6.201098898140219,-6.1197149462879485,2.186340702431553,-2185.251520133706,-0.13690894328990805,0.3495612,888,0.175125,backward
507.69815135002136,2.029806401578755,3.858855670616002,-5.76317735306797,-6.546546359655066,0.9099069156227464,-2186.527953920515,-0.13698891358134654,0.34995485,889,0.174968,backward
507.84177446365356,2.029806401578755,3.851902887088485,-5.628370888242399,-7.013557291859187,-1.0738599326606977,-2188.511720768798,-0.13711319923928095,0.34995485,889,0.174968,backward
507.98324036598206,2.012667291401082,3.8627362942421923,-6.3073166383309385,-6.7507307378329555,-2.9162114843620413,-2190.354072320499,-0.13722862503891453,0.34995485,889,0.174817,backward
508.1390013694763,2.0244706406348114,3.8651616841039713,-6.265734531215219,-6.235225984082641,2.383412589962143,-2191.337633553355,-0.13729024647141808,0.34995485,889,0.174666,backward
508.2839493751526,2.0314232988753376,3.863059679552854,-5.767082007435083,-6.222885471283805,1.3942503369219856,-2192.326795806395,-0.1373522188153603,0.3503485,890,0.174666,backward
508.43699622154236,2.0294830221217195,3.8538431987100132,-5.525433014116203,-6.699280499267592,-0.20811744556076925,-2193.9291635888776,-0.1374526093094706,0.3503485,890,0.174517,backward
508.5803792476654,2.0170329136029235,3.85287304289339,-6.108624262532378,-7.038240732518536,-2.1643221914833926,-2195.8853683348,-0.1375751681646666,0.3503485,890,0.174517,backward
508.7452721595764,2.017194603316749,3.867425381374559,-6.5204148581740915,-6.356537021370144,2.749576334896232,-2197.2546551155997,-0.13766095582091253,0.3503485,890,0.174355,backward
508.9062020778656,2.0288362632099286,3.863544757521294,-6.023436388906533,-6.1227827550316425,1.9041194134692676,-2198.1001120370265,-0.1377139248327829,0.3503485,890,0.174207,backward
509.047239780426,2.035950611406982,3.8632213722086743,-5.439808848351693,-6.196244419336161,0.8147824209883997,-2199.1894490295076,-0.13778217325872066,0.35074215,891,0.174207,backward
509.1830503940582,2.032070057799295,3.85287304289339,-5.4350657770919995,-6.864161595624165,-0.5284016346779135,-2200.5326330851744,-0.13786632554417194,0.3511358,892,0.174055,backward
509.34742641448975,2.0218836051000006,3.858855670616002,-5.89776296185284,-6.800872628349883,-1.8994911247548363,-2201.9037225752513,-0.13795222614257577,0.3511358,892,0.174055,backward
509.48926424980164,2.0188115004654064,3.8646766061257414,-6.331976511376902,-6.264626373261026,2.502554646613817,-2203.7848621110625,-0.1380700820615196,0.3511358,892,0.173904,backward
509.6318325996399,2.0335252653893288,3.865485069424423,-5.764917426220001,-6.064412200505288,1.427694764271933,-2204.8597219934045,-0.13813742347705935,0.3511358,892,0.173904,backward
509.79399371147156,2.0361123011430156,3.8533581208002365,-5.2386189851327165,-6.712156191190297,-0.15118906032599336,-2206.4386058180025,-0.13823634266966103,0.35152945,893,0.173755,backward
509.93337512016296,2.022368674259081,3.859017363263344,-5.752937726244289,-6.8001370920596695,-1.128935278347949,-2207.4163520360244,-0.13829759978367365,0.35152945,893,0.173596,backward
510.08219599723816,2.0196199490468305,3.868233844700994,-6.281333293904563,-6.2624395699410265,2.4577058544317527,-2210.1128962104244,-0.1384665418985974,0.35152945,893,0.173596,backward
510.22515177726746,2.0344954037912486,3.8662935327312664,-5.628699081583443,-5.981667819770166,1.2483375420421692,-2211.322264522814,-0.13854231044797122,0.35152945,893,0.173435,backward
510.36538195610046,2.0343337140571194,3.8548133545383565,-5.248483073447754,-6.518379440698707,0.15972440690022288,-2212.4108776579556,-0.13861051352327428,0.3519231,894,0.173435,backward
510.5378177165985,2.019296569613693,3.864029835492671,-5.970993658707195,-6.513646611123024,2.5156981287269047,-2210.0549039361285,-0.13846290860470892,0.3519231,894,0.173276,backward
510.6774754524231,2.021236846223878,3.8706592347292994,-6.275008910706772,-6.099661288149607,2.2794010280612103,-2210.2912010367945,-0.1384777129354949,0.3519231,894,0.173276,backward
510.8277804851532,2.031261609144824,3.865485069424423,-5.75453103990424,-5.967162275037044,1.4383337778504006,-2211.1322682870054,-0.13853040692856675,0.3519231,894,0.173118,backward
510.9841136932373,2.0285128837551736,3.8527113502584256,-5.615860613461319,-6.710910580189087,-0.4596612236162726,-2213.0302632884723,-0.13864931886507667,0.35231675,895,0.172966,backward
511.1350495815277,2.013475739946588,3.867263688710252,-6.370572429160343,-6.3733415383930785,2.7360638460214592,-2216.117723526014,-0.13884275239649257,0.35231675,895,0.172966,backward
511.28217911720276,2.0257641584204213,3.873408010183608,-6.190123867763484,-5.801346300590736,1.9816626980178633,-2216.8721246740174,-0.13889001664183834,0.35231675,895,0.17281,backward
511.44924211502075,2.0380525779902863,3.8601492118038636,-5.356501951931551,-6.137538209048525,0.7489373573952347,-2218.10485001464,-0.13896724854040762,0.3527104,896,0.17281,backward
511.6129207611084,2.0343337140571194,3.8586939779689864,-5.191960382470642,-6.500882999133519,0.13392876030341605,-2218.719858611732,-0.1390057796551861,0.35310405,897,0.17265,backward
511.7559597492218,2.0325551269942608,3.855783510378423,-5.411165517953059,-6.8668730554481625,-0.5829456927930543,-2219.436733064829,-0.13905069280268456,0.35310405,897,0.1725,backward
511.9079101085663,2.027219365943749,3.859017363263344,-5.679051432346312,-6.746664999338173,-0.8011067867885442,-2219.6548941588244,-0.1390643608882897,0.35310405,897,0.1725,backward
512.0450260639191,2.0256024686965564,3.8617661383180346,-5.823023001469284,-6.5530908159501315,0.0,-2219.4790125576274,-0.13905334166970446,0.35310405,897,0.172341,still
512.2053008079529,2.0243089509124643,3.8622512162786453,-5.998468475635026,-6.507184317048738,2.675342329718139,-2216.178445042318,-0.13884655668105914,0.35310405,897,0.172341,backward
512.3478198051453,2.0202667079153773,3.8658084547461815,-6.131313741121443,-6.195709953545015,2.2227366892424953,-2216.6310506827936,-0.1388749130324419,0.35310405,897,0.17219,backward
512.4871685504913,2.0222069845391983,3.870497542058458,-6.163001039133088,-5.9411865841668705,2.043699724209855,-2216.810087647826,-0.13888612993881017,0.35310405,897,0.172034,backward
512.6368939876556,2.024632330357349,3.870012464047896,-6.0466451265313035,-5.793355768569973,1.832643868995835,-2217.02114350304,-0.1388993528716608,0.35310405,897,0.172034,backward
512.79274725914,2.028027814574465,3.8714676980884066,-5.910343340092562,-5.7714399551087165,1.6607699737663548,-2217.1930173982696,-0.1389101210020834,0.35310405,897,0.171882,backward
512.9364092350006,2.029806401578755,3.8706592347292994,-5.72833899668038,-5.69847061237668,1.4441699326627173,-2217.4096174393735,-0.13892369128562781,0.3534977,898,0.171882,backward
513.0819013118744,2.0344954037912486,3.870174156717757,-5.438770237777736,-5.656968273079533,1.1529507598326607,-2217.700836612203,-0.13894193655801432,0.3534977,898,0.171724,backward
513.2339260578156,2.03627399087924,3.865485069424423,-5.224408321019259,-5.798616910361992,0.8873604527606841,-2217.966426919275,-0.1389585761475326,0.35389135,899,0.171724,backward
513.3739161491394,2.0409629933126796,3.860957675056873,-4.9593713634972545,-6.004930305047735,0.551029265152158,-2218.302758106883,-0.13897964774824614,0.35389135,899,0.171565,backward
513.5197937488556,2.038214267728798,3.8569153588733207,-4.9848438833905355,-6.536207793755837,-0.0032736775966626976,-2218.857061049632,-0.13901437557223117,0.35389135,899,0.171406,backward
513.6800243854523,2.030129781036551,3.854004891347256,-5.383093208361634,-6.738282077839711,-0.44752480156251867,-2219.301312173598,-0.13904220850193155,0.35389135,899,0.171406,backward
513.8242809772491,2.026895986492792,3.8624129089328347,-5.76981907061553,-6.519231480611532,0.0,-2219.54764090026,-0.13905764132756215,0.35389135,899,0.171248,still
513.9854502677917,2.0257641584204213,3.8772886345153057,-5.936366860095856,-5.775013344396544,1.7401247878662327,-2217.113662584169,-0.13890514931637885,0.35389135,899,0.171248,backward
514.1293516159058,2.040154544605814,3.8633830648648213,-5.273921524513062,-5.752976009851704,0.9665373408398673,-2217.887250031196,-0.13895361560913233,0.354285,900,0.17109,backward
514.2705833911896,2.0427415804845843,3.857077051516752,-4.759536729618744,-6.338377124972423,0.1711073990739219,-2218.6826799729615,-0.13900345036352327,0.354285,900,0.17109,backward
514.4231128692627,2.0249557098029927,3.8593407485590054,-5.4813838504575445,-6.510878704342909,0.021489046149827266,-2218.8322983258854,-0.13901282415432348,0.354285,900,0.170938,backward
514.5605487823486,2.0322317475307603,3.8795523321291827,-5.73001456523277,-5.604795910514395,1.5061279425119987,-2217.347659429523,-0.1389198095330795,0.354285,900,0.170938,backward
514.6963264942169,2.0380525779902863,3.8624129089328347,-5.169495130260378,-5.989696156438514,0.6966671410294305,-2218.157120231005,-0.13897052333968002,0.35467865,901,0.17078,backward
514.8404338359833,2.0239855714683377,3.869527386040275,-5.696688153883855,-6.334544766701882,1.108321677099786,-2217.745465694935,-0.13894473262999987,0.35467865,901,0.17078,backward
514.9842038154602,2.032070057799295,3.8780970979414673,-5.759770707774163,-5.610477956346113,1.5462525582571636,-2217.3075348137777,-0.13891729567200173,0.35467865,901,0.17062,still
515.1384658813477,2.044843547172089,3.864029835492671,-4.877359304389594,-5.947759367703662,0.5424810440708882,-2218.311306327964,-0.13898018330578008,0.3550723,902,0.170461,still
515.274580001831,2.0353038524647515,3.8598258265049425,-5.033664215149101,-6.494862180228547,-0.009420028578542353,-2218.863207400613,-0.13901476064937682,0.3550723,902,0.170461,still
515.4216816425323,2.025279089249395,3.8722761614556855,-5.704663169009274,-6.1047211080608195,1.417102879626723,-2217.4366844924075,-0.13892538707286087,0.3550723,902,0.170461,forward
515.5594413280487,2.0370824395632203,3.8737313955373867,-5.488290224668857,-5.559698779406461,1.2800846280740774,-2217.57370274396,-0.13893397145038383,0.3550723,902,0.170303,forward
515.704409122467,2.045166926665342,3.868718922700774,-4.763144575632154,-5.707825269548263,0.6546901207940664,-2218.1990972512394,-0.13897315325638743,0.35546595,903,0.170144,backward
515.8586330413818,2.0365973703522604,3.855136739817076,-4.941117012437627,-6.471208928908952,-0.006059378062442641,-2218.8598467500965,-0.13901455010010744,0.35546595,903,0.170144,backward
515.9999008178711,2.025440778972881,3.874378166248867,-5.604668700266517,-6.0778523183823445,1.2291019888687211,-2217.624685383166,-0.13893716558121752,0.35546595,903,0.169985,backward
516.1553792953491,2.030453160495107,3.8750249369655814,-5.735397519296295,-5.515885367169807,1.5633143577332078,-2217.2904730143014,-0.1389162267273446,0.35546595,903,0.169985,backward
516.2979347705841,2.04500523691862,3.8688806153680213,-4.932167117064994,-5.606688118559565,0.8063630758590866,-2218.0474242961754,-0.13896365074200312,0.3558596,904,0.169827,backward
516.4543504714966,2.0462987548977485,3.863059679552854,-4.474360634597681,-6.02386880290478,0.3211324632814078,-2218.532654908753,-0.1389940510917147,0.35625325,905,0.169668,backward
516.5943241119385,2.040154544605814,3.856268588302853,-4.720635599292587,-6.543507937655741,-0.10468720739389122,-2218.958474579428,-0.13902072926610656,0.35625325,905,0.169668,backward
516.7594208717346,2.0275427453954658,3.8696890787091553,-5.4857700921521175,-5.965446480829759,1.1268366706538235,-2217.7269507013802,-0.13894357264078155,0.35625325,905,0.16951,still
516.8985986709595,2.0344954037912486,3.875995093050467,-5.483217051151225,-5.463506872272611,1.3416359239186073,-2217.512151448115,-0.13893011517901435,0.35625325,905,0.169358,forward
517.0402007102966,2.0445201676796017,3.873408010183608,-4.880798236003694,-5.48587145757998,0.8482806070047566,-2218.005506765029,-0.13896102455236695,0.3566469,906,0.169358,forward
517.1991181373596,2.040639613829361,3.8659701474075496,-4.724798895355301,-6.169266598918707,0.24730371552007482,-2218.6064836565142,-0.13899867656193965,0.3566469,906,0.169358,forward
517.339542388916,2.030453160495107,3.8582089000298945,-5.221698016519805,-6.405434115364637,0.015357908680248986,-2218.838429463354,-0.13901320827832211,0.3566469,906,0.1692,forward
517.4767796993256,2.032393437262415,3.8735697028603338,-5.484690520743813,-5.682089541607976,1.304826422446638,-2217.548960949587,-0.13893242134372955,0.3566469,906,0.1692,backward
517.6162691116333,2.0425798907407287,3.877450327199883,-5.03608881724966,-5.273307183154633,1.0518360913668088,-2217.801951280667,-0.13894827152782577,0.3566469,906,0.16905,still
517.7575342655182,2.048885790892737,3.874378166248867,-4.438575605883442,-5.50668988585342,0.6217634277733319,-2218.23202394426,-0.1389752161579372,0.35704055,907,0.1689,forward
517.9235095977783,2.038699336945477,3.863059679552854,-4.695383675966719,-5.997521430514325,0.38033322226339994,-2218.4734541497705,-0.13899034208463723,0.35704055,907,0.1689,forward
518.0729053020477,2.0285128837551736,3.873893088214766,-5.43450848841804,-5.808597253348459,1.2062309001147558,-2217.647556471919,-0.13893859848565174,0.35704055,907,0.16874,backward
518.2194924354553,2.0335252653893288,3.880684180960188,-5.521304614655393,-5.2250440577143,1.457967099959854,-2217.3958202720733,-0.13892282687456206,0.35704055,907,0.16859,forward
518.4051685333252,2.045651995906654,3.8713060054159314,-4.824997408832377,-5.436539725340939,0.8430154119367449,-2218.0107719600965,-0.13896135442391092,0.3574342,908,0.16859,still
518.5415482521057,2.038214267728798,3.867101996046271,-4.883442821944004,-5.873161189896645,0.5654831774158748,-2218.2883041946166,-0.138978742191226,0.3574342,908,0.16843,backward
518.6894285678864,2.029806401578755,3.8724378541301223,-5.4380892375318775,-5.893669891807432,1.165673005950354,-2217.688114366082,-0.13894113949220444,0.3574342,908,0.16843,forward
518.8249933719635,2.0390227164242165,3.8835946494564855,-5.238928827603419,-5.190106123541833,1.2423662307640304,-2217.6114211412682,-0.13893633455864415,0.3574342,908,0.168271,forward
518.9683268070221,2.0540598630298157,3.878905561375812,-4.34488776551918,-5.114098124489401,0.7597596423635204,-2218.0940277296686,-0.1389665705097161,0.35782785,909,0.168271,backward
519.1058084964752,2.050340998661456,3.8667786107192894,-4.104329006630704,-5.922450918186504,0.2581329296715022,-2218.5956544423602,-0.1389979980971255,0.3582215,910,0.168113,backward
519.2416980266571,2.0369207498260433,3.873084624831139,-4.784264651902263,-5.914970934854951,0.45920390731903105,-2218.394583464713,-0.1389854007302676,0.3582215,910,0.168113,backward
519.3848156929016,2.0374058190381468,3.878582176001092,-5.101587361830997,-5.369565116046318,1.0920475101626566,-2217.761739861869,-0.13894575222842015,0.3582215,910,0.167954,forward
519.5275208950043,2.0505026884144937,3.879228946751842,-4.612434257840977,-5.072997930284378,0.9008264290584292,-2217.9529609429733,-0.1389577324860278,0.3582215,910,0.167803,still
519.6789906024933,2.0501793089086098,3.867425381374559,-4.137053539939587,-5.630496473581062,0.4303759422705263,-2218.423411429761,-0.13898720684100385,0.35861515,911,0.167803,backward
519.828935623169,2.0390227164242165,3.868557230033854,-4.7048791220293085,-5.98790725173097,0.3341025196969407,-2218.5196848523346,-0.1389932385002568,0.35861515,911,0.167803,backward
519.9631748199463,2.0433883394619157,3.886181732653459,-4.79562686771653,-5.201698915558237,0.9587766094459744,-2217.8950107625856,-0.13895410182937926,0.35861515,911,0.167644,forward
520.1243607997894,2.059719004654714,3.8717910834343376,-3.8814128948048663,-5.20676676774913,0.5682799381902636,-2218.2855074338413,-0.13897856697040642,0.3590088,912,0.167488,forward
520.2735204696655,2.0508260679211436,3.8666169180562884,-3.9276748374909887,-5.836792904516754,0.2582315325475478,-2218.595555839484,-0.13899799191952283,0.3590088,912,0.167488,backward
520.416609287262,2.03627399087924,3.8666169180562884,-4.7315736148492284,-5.824924019097899,0.5036462870914229,-2218.3501410849403,-0.13898261635547324,0.3590088,912,0.16733,backward
520.5746757984161,2.0353038524647515,3.8821394151950663,-5.206094979506293,-5.26074579512791,1.2768844816506848,-2217.576902890381,-0.13893417194385604,0.3590088,912,0.16733,forward
520.7342681884766,2.0388610266847516,3.8811692590355324,-5.125711561346756,-5.096000221263983,1.2522380495579806,-2217.601549322473,-0.13893571607593536,0.3590088,912,0.16717,forward
520.8719732761383,2.045975375401819,3.8840797275495254,-4.742547411370682,-4.851127988596859,1.0682754203256986,-2217.785511951705,-0.13894724158178257,0.3590088,912,0.16702,forward
521.0159969329834,2.054221552787263,3.880684180960188,-4.160094171258221,-4.892378148447642,0.7817238444767777,-2218.072063527554,-0.13896519442294802,0.35940245,913,0.16702,backward
521.1648344993591,2.046783824143077,3.8708209274004672,-4.219685430185105,-5.487200392096197,0.5161593997957478,-2218.3376279722347,-0.13898183239215278,0.3597961,914,0.16687,backward
521.2977783679962,2.036759060089057,3.873408010183608,-4.805570929362205,-5.781817760057792,0.5604041578564586,-2218.293383214174,-0.13897906039862415,0.3597961,914,0.16687,still
521.4434151649475,2.0330401961909383,3.8858583472492465,-5.233973151530896,-5.287620771791681,1.3273054555651254,-2217.526481916466,-0.13893101300210733,0.3597961,914,0.166711,forward
521.5823721885681,2.0484007216399442,3.883271264062765,-4.758808185889365,-4.916949989024609,1.066436443885155,-2217.7873509281458,-0.13894735679612696,0.3597961,914,0.166711,still
521.7186985015869,2.0521195859554098,3.869527386040275,-4.125396521143051,-5.352970308349558,0.5519062253079725,-2218.3018811467236,-0.13897959280551409,0.36018975,915,0.166553,backward
521.8893966674805,2.036435680615655,3.8706592347292994,-4.7531982223864375,-5.819624810373016,0.4640528988753387,-2218.3897344731568,-0.1389850969344327,0.36018975,915,0.166394,backward
522.0556452274323,2.0475922728891183,3.8811692590355324,-4.773243065369926,-5.016296964028179,1.0478392017697113,-2217.8059481702626,-0.13894852193832816,0.36018975,915,0.166394,forward
522.1919119358063,2.0540598630298157,3.8750249369655814,-4.055941952020803,-5.241449727571997,0.5833390748282778,-2218.2704482972035,-0.13897762349526638,0.3605834,916,0.166243,backward
522.3475213050842,2.0378908882519657,3.873084624831139,-4.731444664046277,-5.588097903419787,0.6796058361264341,-2218.1741815359055,-0.1389715922533513,0.3605834,916,0.166243,backward
522.4891364574432,2.041771442024318,3.8877986596942,-4.994792639849201,-4.973004241586457,1.231111523549858,-2217.6226758484827,-0.13893703968117013,0.3605834,916,0.166091,forward
522.6272065639496,2.0545449323027336,3.881330951727969,-4.20712746000555,-4.883167711787699,0.8029072068188295,-2218.050880165214,-0.1389638672568408,0.36097705,917,0.165942,forward
522.7685658931732,2.047268893390128,3.8659701474075496,-4.241446286688468,-5.663711072766049,0.3680809984273559,-2218.4857063736054,-0.1389911097029195,0.36097705,917,0.165942,still
522.9072878360748,2.03627399087924,3.879875717507832,-4.916639616802362,-5.320056098958078,1.0402530778441497,-2217.8135342941882,-0.1389489972191829,0.36097705,917,0.165784,still
523.0425689220428,2.046783824143077,3.8902240503168324,-4.743836380338189,-4.715029978669226,1.1437433366884466,-2217.7100440353447,-0.1389425134154429,0.36097705,917,0.165784,still
523.1907906532288,2.059719004654714,3.875995093050467,-3.9078007442695073,-5.016407538696832,0.6304106914422285,-2218.2233766805907,-0.13897467439525202,0.3613707,918,0.165625,still
523.3338406085968,2.0506643781677227,3.8714676980884066,-3.975866250538589,-5.619812945675834,0.3165423424708761,-2218.5372450295613,-0.13899433866894947,0.3613707,918,0.165625,still
523.4885680675507,2.038214267728798,3.886181732653459,-4.752252358773437,-5.355278772963802,0.8833415647163312,-2217.9704458073156,-0.13895882793626713,0.3613707,918,0.165625,still
523.6382021903992,2.0440350984423037,3.8874752742834278,-4.810897151581461,-4.76464584078272,1.188420676204005,-2217.665366695828,-0.138939714320105,0.3613707,918,0.165474,forward
523.7883002758026,2.0582637967858357,3.880199102887792,-3.9440795717291706,-4.947822455628777,0.6710681987109987,-2218.1827191733214,-0.1389721271478044,0.36176435,919,0.165315,forward
523.9388790130615,2.046622134394443,3.8721144687815765,-4.031528970674561,-5.582600763503043,0.33962522560970454,-2218.5141621464227,-0.1389928924953125,0.36176435,919,0.165315,still
524.1212391853333,2.040154544605814,3.8834329567594614,-4.701921031994257,-5.260661662320832,0.9118927274429922,-2217.941894644589,-0.13895703916756813,0.36176435,919,0.165159,backward
524.2636818885803,2.0508260679211436,3.891032513874121,-4.456712436904669,-4.625049891910771,1.03159180113301,-2217.8221955708987,-0.13894953985980393,0.36176435,919,0.165,backward
524.4142990112305,2.0598806944188843,3.87793540525558,-3.731407339306757,-4.889794123236593,0.6245407010904608,-2218.229246670941,-0.13897504215803289,0.362158,920,0.165,backward
524.5566899776459,2.049855929403493,3.868233844700994,-4.006408498696864,-5.590064850976683,0.31268050839039474,-2218.5411068636413,-0.13899458061804237,0.362158,920,0.164841,backward
524.7009029388428,2.034980472994779,3.877612019884788,-4.922749192994477,-5.436914172841947,1.031659193620616,-2217.8221281784113,-0.13894953563757406,0.362158,920,0.164841,forward
524.8404970169067,2.0419331317672182,3.8900623576063595,-4.919658546658164,-4.7591724531906205,1.305525555307956,-2217.548261816724,-0.1389323775421165,0.362158,920,0.16468,forward
524.9871265888214,2.0568085889325234,3.884241420247861,-4.164996444023465,-4.635128499652541,0.8903956480132211,-2217.9633917240185,-0.13895838598847246,0.36255165,921,0.16468,backward
525.1306371688843,2.055191691335977,3.8745398589275553,-3.813243944020887,-5.249657018287399,0.4640654981370926,-2218.389721873895,-0.138985096145072,0.36255165,921,0.164531,backward
525.2752707004547,2.0430649599728676,3.8714676980884066,-4.362502508110127,-5.60576592234618,0.38659068924592843,-2218.467196682786,-0.13898995004592468,0.36255165,921,0.16437,backward
525.4121389389038,2.039831165124404,3.885696654547633,-4.814919121396803,-5.178173520742201,1.0935908928479963,-2217.760196479184,-0.1389456555334216,0.36255165,921,0.16437,forward
525.5541617870331,2.0513111371825556,3.889092201350415,-4.432350862192046,-4.562083993715037,1.0571826498023063,-2217.7966047222294,-0.13894793655875737,0.36255165,921,0.164214,still
525.7019908428192,2.0592339353633577,3.8831095713663966,-3.7425109840634225,-4.809018327117981,0.6546682502475306,-2218.199119121784,-0.13897315462660642,0.3629453,922,0.164214,still
525.847925901413,2.0511494474285605,3.8758334003688346,-3.9716324701712167,-5.450957063727718,0.3686108522895612,-2218.4851765197423,-0.13899107650686318,0.3629453,922,0.164055,still
525.990389585495,2.0399928548650137,3.878905561375812,-4.606581532507673,-5.324951231826613,0.803831977964812,-2218.0499553940663,-0.1389638093186861,0.3629453,922,0.164055,backward
526.1320643424988,2.0435500292067257,3.88941558676775,-4.7813642029285415,-4.860255874418317,1.2148893153463525,-2217.638898056685,-0.13893805602430603,0.3629453,922,0.1639,forward
526.2999398708344,2.0556767606129247,3.885696654547633,-4.129796224267394,-4.736465586958579,0.8419812197985311,-2218.0118061522326,-0.13896141921743752,0.36333895,923,0.163748,forward
526.460827589035,2.053251414245457,3.873893088214766,-3.9165767366700375,-5.379449775921603,0.3897734703242684,-2218.464013901707,-0.13898975064041452,0.36333895,923,0.163748,backward
526.6383664608002,2.035950611406982,3.879228946751842,-4.82416640920067,-5.4630490986621965,0.9214866307547633,-2217.9323007412763,-0.13895643809663766,0.36333895,923,0.16359,backward
526.7748637199402,2.0435500292067257,3.8877986596942,-4.870661263146455,-4.710888399354311,1.342452697830916,-2217.5113346742005,-0.13893006400703137,0.36333895,923,0.16359,forward
526.9153690338135,2.0568085889325234,3.876156785732426,-4.156282811110716,-4.830280259595648,0.8120293338071977,-2218.0417580382245,-0.13896329574333072,0.3637326,924,0.16343,forward
527.0555391311646,2.0545449323027336,3.8703358493879443,-3.825360890452546,-5.460356684816014,0.2956841429685526,-2218.5581032290634,-0.13899564546316812,0.3637326,924,0.16343,backward
527.1899836063385,2.0403162343468058,3.875510015006552,-4.521346077708382,-5.473213496337603,0.5697453086601342,-2218.2840420633715,-0.13897847516297795,0.3637326,924,0.163271,backward
527.335884809494,2.0425798907407287,3.88957727947691,-4.800841455999034,-4.911587572787101,1.2517714290312527,-2217.602015943,-0.13893574531033817,0.3637326,924,0.163271,forward
527.4950194358826,2.0582637967858357,3.8831095713663966,-4.061155605583549,-4.838323625058734,0.7637730322471423,-2218.090014339784,-0.13896631906544843,0.36412625,925,0.163113,forward
527.6387028694153,2.0479156523888746,3.8692040007034945,-4.0346720940317775,-5.509872458807602,0.29358703392638935,-2218.5602003381046,-0.1389957768498667,0.36412625,925,0.162954,backward
527.7928328514099,2.0378908882519657,3.881007566343423,-4.737274082289122,-5.311177025901828,0.977015729470794,-2217.876771642561,-0.1389529591240082,0.36412625,925,0.162954,still
527.9317202568054,2.0487241011416146,3.8866668107622373,-4.627970903424668,-4.683504281105193,1.1899062935850178,-2217.663881078447,-0.13893962124418036,0.36412625,925,0.162795,forward
528.0838515758514,2.058102107023588,3.8782587906276813,-3.8791569601675895,-4.9489037367738185,0.6227085721742712,-2218.231078799858,-0.13897515694337076,0.3645199,926,0.162795,forward
528.2477016448975,2.053413104001945,3.8693656933717215,-3.8651729170457734,-5.608435194194028,0.1596761937516257,-2218.6941111782803,-0.13900416654389258,0.3645199,926,0.162637,backward
528.3924250602722,2.046622134394443,3.8751866296455773,-4.325873586589965,-5.622084792399837,0.24008859143752626,-2218.613698780595,-0.13899912859915572,0.3645199,926,0.162637,backward
528.5317461490631,2.0435500292067257,3.881654337113825,-4.655117726331549,-5.321509401974987,0.8827088157944277,-2217.971078556238,-0.1389588675788371,0.3645199,926,0.162478,still
528.732631444931,2.044843547172089,3.886020039951189,-4.666263308338327,-4.745022279193244,1.2245583935392053,-2217.629228978493,-0.13893745024356838,0.3645199,926,0.16232,forward
528.8715720176697,2.045651995906654,3.8968534517289997,-4.520097512897445,-4.428700667016581,1.2038511329885522,-2217.6499362390437,-0.13893874758125896,0.3645199,926,0.16232,forward
529.0105028152466,2.047268893390128,3.890709128450221,-4.372169474533809,-4.3714145728959295,1.1278771724155177,-2217.725910199617,-0.13894350745194833,0.3645199,926,0.162168,still
529.1529240608215,2.0521195859554098,3.8874752742834278,-4.182134323651668,-4.4150105476446955,1.0072246493355055,-2217.846562722696,-0.1389510664945976,0.36491355,927,0.162168,still
529.2957353591919,2.0519578962004554,3.886020039951189,-4.056175157413134,-4.437944867736544,0.9338767197801463,-2217.9199106522515,-0.13895566184091604,0.36491355,927,0.16201,still
529.4462099075317,2.058748866073732,3.8945897536237264,-3.7598208450785906,-4.402652877695627,0.8145438646439886,-2218.0392435073877,-0.13896313820459588,0.3653072,928,0.16201,forward
529.5891377925873,2.059072245599957,3.8902240503168324,-3.646467908417143,-4.399967832889257,0.7717930354044089,-2218.0819943366273,-0.138965816601477,0.3653072,928,0.16185,still
529.7200455665588,2.0645696976635075,3.885696654547633,-3.3579540986992673,-4.677117237971036,0.5625594492869351,-2218.2912279227444,-0.1389789253667208,0.3653072,928,0.16185,backward
529.8650033473969,2.056323519651543,3.882624493279257,-3.5842822507430205,-4.885590551427958,0.5278159295523208,-2218.325971442479,-0.1389811020949048,0.36570085,929,0.161692,backward
530.0081343650818,2.0595573148907365,3.8708209274004672,-3.5896329681686336,-5.295501490948028,0.27709993076756323,-2218.576687441264,-0.13899680978902754,0.36570085,929,0.161533,still
530.1484146118164,2.0547066220607566,3.878582176001092,-3.7652994561945454,-5.344040923700722,0.2787700847891165,-2218.5750172872426,-0.13899670515163454,0.36570085,929,0.161533,backward
530.3127100467682,2.04144806253909,3.8771269418310554,-4.388775858160607,-5.599407224792632,0.1447478487285495,-2218.7090395233035,-0.13900510182476225,0.36570085,929,0.161375,backward
530.4552631378174,2.034980472994779,3.884888191044481,-5.080443679151178,-5.11650044176142,1.8436654571893414,-2217.0101219148423,-0.13889866235435439,0.36570085,929,0.161375,forward
530.603675365448,2.043226649717296,3.886343425356057,-4.941343824763511,-4.738071286716729,1.5874971816393764,-2217.266290190392,-0.1389147116409407,0.36570085,929,0.161216,forward
530.7669587135315,2.058748866073732,3.880522488269062,-4.374844899225848,-4.752959877249578,1.024414885408911,-2217.8293724866226,-0.1389499895032151,0.36570085,929,0.161057,forward
530.9051783084869,2.0572936582152317,3.869527386040275,-3.692173681664368,-5.313481455403917,0.26779384271657625,-2218.585993529315,-0.13899739282794527,0.3660945,930,0.161057,backward
531.0635256767273,2.048239031889396,3.881977722500992,-4.204440553382688,-5.296307295116858,0.4630604230302473,-2218.3907269490014,-0.13898515911437762,0.3660945,930,0.160906,backward
531.2028639316559,2.056646899172004,3.884403112946524,-4.03623858749476,-4.670039797383179,0.8436044624584083,-2218.0101829095734,-0.13896131751910434,0.3660945,930,0.160906,forward
531.3469972610474,2.055030001577378,3.873408010183608,-3.7720714399067954,-5.293257706213697,0.29380817519954766,-2218.559979196832,-0.1389957629950689,0.36648815,931,0.160747,backward
531.4858195781708,2.0409629933126796,3.895074831783719,-4.6526830563377475,-4.9497034684210455,1.2471068895102277,-2217.606680482521,-0.13893603755000528,0.36648815,931,0.160747,still
531.6279146671295,2.054221552787263,3.8931345191614906,-4.174648754188837,-4.433978624847014,1.035908046307152,-2217.817879325724,-0.1389492694412455,0.36648815,931,0.160588,forward
531.7724032402039,2.0462987548977485,3.8713060054159314,-4.212600002210438,-5.362609614858843,0.36142255647387334,-2218.4923648155573,-0.1389915268632524,0.3668818,932,0.160588,forward
531.9552688598633,2.045490306159359,3.8858583472492465,-4.594687892446569,-5.010560443879181,1.145376949466876,-2217.7084104225637,-0.13894241106740768,0.3668818,932,0.16044,forward
532.0928156375885,2.0547066220607566,3.8884454305196825,-4.338233048486097,-4.511503622305079,1.1215131531997056,-2217.7322742188308,-0.13894390616630117,0.3668818,932,0.16044,forward
532.2388467788696,2.0568085889325234,3.879228946751842,-3.768018173522612,-4.894804130751494,0.5690147815147747,-2218.284772590516,-0.1389785209314849,0.36727545,933,0.16028,backward
532.3986706733704,2.0487241011416146,3.873408010183608,-4.178163620684925,-5.411828885295492,0.25510620386352745,-2218.5986811681673,-0.13899818772556327,0.36727545,933,0.160122,backward
532.5557181835175,2.0416097522816083,3.882301107889469,-4.639231437432726,-5.0912840325310125,1.182542026643005,-2217.671245345388,-0.13894008262539695,0.36727545,933,0.160122,still
532.6931958198547,2.0526046552214225,3.8931345191614906,-4.3755991342879765,-4.422062164394405,1.189175554210806,-2217.66461181782,-0.1389396670259837,0.36727545,933,0.159963,still
532.829952955246,2.06311448974268,3.884403112946524,-3.6603791166385604,-4.667425414867084,0.653686183990612,-2218.2001011880398,-0.13897321615437663,0.3676691,934,0.159963,still
533.032755613327,2.046945513891903,3.869527386040275,-4.06915868476943,-5.531384550581586,0.037579852078573985,-2218.816207519952,-0.1390118160437162,0.3676691,934,0.159963,backward
533.1847219467163,2.0411246830546257,3.883271264062765,-4.612723831104317,-5.085613569836964,1.166062067315716,-2217.687725304715,-0.13894111511698712,0.3676691,934,0.159653,forward
533.353357553482,2.0545449323027336,3.891194206586564,-4.294835767608468,-4.685567779806812,1.0318877576938728,-2217.821899614337,-0.13894952131772775,0.3676691,934,0.159653,forward
533.5033452510834,2.0661865953716174,3.8714676980884066,-3.4604382458287177,-5.050477599801918,0.3512451139374174,-2218.502542258093,-0.13899216449369908,0.36806275,935,0.159495,still
533.6550922393799,2.05551507085375,3.869527386040275,-3.5824797289390427,-5.593735724781214,-0.044000035048517405,-2218.897787407079,-0.13901692713323488,0.36806275,935,0.159346,backward
533.8051195144653,2.0475922728891183,3.8858583472492465,-4.19421020846411,-5.357766654657957,0.3033924688830305,-2218.5503949031477,-0.13899516252619454,0.36806275,935,0.159346,still
533.9393856525421,2.056485209411678,3.888930508642239,-3.9883721541716626,-4.6950454003418285,0.8188325625202421,-2218.0349548095105,-0.13896286951191267,0.36806275,935,0.159187,forward
534.0799040794373,2.0608508330079425,3.8845648056455144,-3.6513455675971676,-4.7520039685172755,0.6078946201784469,-2218.2458927518524,-0.13897608505736347,0.3684564,936,0.159187,backward
534.2243113517761,2.055191691335977,3.870012464047896,-3.6836335403198674,-5.442733858758156,0.074263093531345,-2218.779524278499,-0.13900951778936083,0.3684564,936,0.159028,backward
534.3647117614746,2.0429032702286305,3.8745398589275553,-4.339955312321812,-5.615102391858241,-0.2230735415615687,-2219.0768609135926,-0.13902814632897603,0.3684564,936,0.159028,backward
534.5146770477295,2.0427415804845843,3.8845648056455144,-4.865177517241788,-5.206111994660973,1.9319384199427705,-2223.205034259268,-0.13928678193465652,0.3684564,936,0.158877,backward
534.6637389659882,2.0543832425449025,3.881816029807245,-4.218214652272844,-4.844615855761378,0.9079272827840473,-2224.2290453964265,-0.13935093760800293,0.36885005,937,0.158877,backward
534.8015611171722,2.0598806944188843,3.8690423080355947,-3.702074074213047,-5.397922830715241,0.11027529662446556,-2225.026697382586,-0.13940091157646012,0.36885005,937,0.158726,backward
534.9548358917236,2.0453286164122546,3.8692040007034945,-4.192034012621563,-5.815594539419781,-0.5139286712590537,-2225.6509013504697,-0.13944001879357126,0.3692437,938,0.158567,backward
535.1073896884918,2.0393460959037193,3.879875717507832,-4.858538275267356,-5.392217435192,2.3966711775807927,-2229.0234868088087,-0.13965131580309256,0.3692437,938,0.158567,backward
535.2598695755005,2.04807734213904,3.884726498344833,-4.601476716310704,-4.967086338269329,1.3453968180034332,-2230.074761168386,-0.13971717955394752,0.3692437,938,0.158418,backward
535.4089641571045,2.0535747937586253,3.8717910834343376,-4.036373512909852,-5.226226059206565,0.3862497300447359,-2231.0339082563446,-0.1397772714074766,0.36963735,939,0.158418,backward
535.5508813858032,2.041771442024318,3.868233844700994,-4.414287574334167,-5.765709869528967,-0.7122220897662197,-2232.132380076155,-0.13984609214261776,0.36963735,939,0.158267,backward
535.6890480518341,2.0383759574675,3.883271264062765,-4.9967895835076614,-5.264942406718665,2.4315248239252094,-2235.271818469643,-0.14004278217532845,0.36963735,939,0.158267,backward
535.8367648124695,2.0508260679211436,3.8840797275495254,-4.469266431015814,-4.825163169320024,1.219702990406804,-2236.4836403031613,-0.14011870444109698,0.36963735,939,0.158108,backward
535.9873774051666,2.0526046552214225,3.87567170768753,-4.015941867770298,-5.314850094301339,0.2562320850992783,-2237.447111208469,-0.14017906718759132,0.370031,940,0.158108,backward
536.1244053840637,2.0365973703522604,3.8711443127437835,-4.708505098502172,-5.753845962735217,-1.5761684791199537,-2239.2795117726882,-0.14029386954449152,0.370031,940,0.15795,backward
536.2616031169891,2.038214267728798,3.8829478786703557,-5.064377483716441,-5.180328176860343,2.410408726694321,-2241.576119874053,-0.1404377551271862,0.370031,940,0.15779,backward
536.4215800762177,2.0538981732725605,3.876156785732426,-4.374546982677141,-5.197551707075319,0.7241126194489509,-2243.2624159812985,-0.14054340384358785,0.37042465,941,0.15779,backward
536.5827193260193,2.0425798907407287,3.8653233767640343,-4.439739711382184,-5.884772029553043,-0.9712960369568377,-2244.9578246377037,-0.14064962347343565,0.37042465,941,0.157632,backward
536.7211217880249,2.038699336945477,3.881007566343423,-4.991465653536035,-5.454000635319791,2.989235868552707,-2247.280478039374,-0.1407951408291824,0.37042465,941,0.157632,backward
536.910847902298,2.056485209411678,3.882462800584199,-4.261363348325956,-4.973107972371629,0.8624741790421593,-2249.4072397288846,-0.1409283853060116,0.37042465,941,0.157473,backward
537.0448939800262,2.0595573148907365,3.8719527761077934,-3.69819054941314,-5.482477196654283,0.008419535617726917,-2250.2612943723093,-0.14098189297671482,0.3708183,942,0.157322,backward
537.2016022205353,2.0445201676796017,3.8683955373672605,-4.202634153206369,-5.830430475131505,-0.6053871114949888,-2250.8751010194214,-0.1410203487877124,0.3708183,942,0.157322,backward
537.3890609741211,2.035950611406982,3.8721144687815765,-4.9336555552308,-5.740335798662429,-2.353152912999704,-2252.622866820926,-0.1411298486630346,0.3708183,942,0.157166,backward
537.5358049869537,2.0365973703522604,3.883271264062765,-5.201649862422302,-5.194038645895916,2.6055905540578608,-2253.9473086610483,-0.14121282672350471,0.3708183,942,0.157166,backward
537.6756558418274,2.0446818574257497,3.8918409774396183,-4.872960916016229,-4.713204296667058,1.7915420591583004,-2254.7613571559477,-0.14126382795526068,0.3708183,942,0.157007,backward
537.8290176391602,2.0545449323027336,3.8721144687815765,-4.1051243104194866,-5.161345898880991,0.49940506607027946,-2256.0534941490364,-0.1413447820736675,0.37121195,943,0.156848,backward
537.9724860191345,2.0446818574257497,3.8653233767640343,-4.259904387360604,-5.880896688411167,-0.7451559135611516,-2257.298055128668,-0.14142275549092007,0.37121195,943,0.156848,backward
538.1166207790375,2.0385376472063936,3.8742164735705065,-4.92197091982695,-5.7159039382755665,-2.3639780963754196,-2258.916877311482,-0.1415241768753151,0.37121195,943,0.15669,backward
538.2593145370483,2.0437117189517275,3.8827861859746418,-4.759056652405981,-5.112618361285165,1.7491811916138045,-2261.0869033306726,-0.1416601319205178,0.37121195,943,0.15669,backward
538.4122672080994,2.0540598630298157,3.8709826200719615,-4.141483078058244,-5.384118681716489,0.17773987386678916,-2262.658344648419,-0.14175858483006734,0.3716056,944,0.15653,backward
538.5557301044464,2.0377291985138353,3.8716293907612083,-4.636177147393405,-5.782441325206986,-1.4074766369750684,-2264.2435611592614,-0.14185790077396926,0.3716056,944,0.15638,backward
538.7065584659576,2.0399928548650137,3.878420483314223,-5.002099899510344,-5.254510499709884,2.5103557251994513,-2266.608914104266,-0.14200609331346625,0.3716056,944,0.15638,backward
538.8469536304474,2.050340998661456,3.874378166248867,-4.383262888028979,-5.219133721492946,0.7085428316295432,-2268.4107269978363,-0.14211897931171039,0.37199925,945,0.15638,backward
538.989824295044,2.0378908882519657,3.867425381374559,-4.683996316961943,-5.831099382649067,-1.568014112618466,-2270.687283942084,-0.142261608662476,0.37199925,945,0.156228,backward
539.1259481906891,2.0375675087758958,3.883271264062765,-5.126449987993986,-5.227193376363357,2.6156970839182483,-2272.7867580527272,-0.1423931435358324,0.37199925,945,0.156072,backward
539.2602248191833,2.0527663449771434,3.877612019884788,-4.432387867336181,-5.128124207537035,0.9367970747765227,-2274.4656580618694,-0.14249832887675234,0.3723929,946,0.156072,backward
539.41646027565,2.0474305831395276,3.8696890787091553,-4.189023273592464,-5.654306422154439,-0.343847230582347,-2275.7463023672285,-0.14257856296283422,0.3723929,946,0.155913,backward
539.5675048828125,2.036435680615655,3.8790672540636635,-4.895251010318153,-5.632303108120168,-2.5207410417490137,-2277.9231961783953,-0.14271494828443004,0.3723929,946,0.155913,backward
539.7127199172974,2.0474305831395276,3.883271264062765,-4.73997578609936,-4.907346712419508,1.6664445139703739,-2280.019195929856,-0.14284626548451637,0.3723929,946,0.155754,backward
539.863757610321,2.056646899172004,3.875995093050467,-3.981428179110352,-5.185793275079961,0.3895788991635534,-2281.2960615446623,-0.142926262830559,0.37278655,947,0.155596,backward
540.0386030673981,2.0377291985138353,3.8713060054159314,-4.581990811153884,-5.679172030248578,-1.1406275540425816,-2282.826267997868,-0.14302213232045233,0.37278655,947,0.155596,backward
540.2040205001831,2.0354655422000234,3.881654337113825,-5.2391830555947285,-5.185939299899793,2.666631788093513,-2285.3021939629116,-0.14317725240819282,0.37278655,947,0.155447,backward
540.368052482605,2.055191691335977,3.8831095713663966,-4.441429550112685,-4.928063768923626,1.1508129688334252,-2286.818012782172,-0.14327222049349184,0.37278655,947,0.155447,backward
540.5192384719849,2.056323519651543,3.872922932155394,-3.840226857698408,-5.519461341655461,-0.06364136294608391,-2288.0324671139515,-0.1433483076888128,0.3731802,948,0.155288,backward
540.673326253891,2.0403162343468058,3.868557230033854,-4.465596024030494,-5.854996154664432,-1.082974012026493,-2289.0517997630313,-0.14341217024859623,0.3731802,948,0.15513,backward
540.8209164142609,2.039184406163873,3.880522488269062,-4.971032007489549,-5.426026795261242,2.991021992025883,-2291.2609890661583,-0.14355057892614748,0.3731802,948,0.15513,backward
540.9563918113708,2.0547066220607566,3.8814926444207334,-4.302177540101313,-4.962350847037801,0.9387684271394312,-2293.313242631045,-0.14367915536887857,0.3731802,948,0.154978,backward
541.1110723018646,2.0519578962004554,3.8658084547461815,-3.9943992350298334,-5.706971957489169,-0.34560135359265837,-2294.5976124117774,-0.1437596228609972,0.37357385,949,0.154978,backward
541.2665331363678,2.04144806253909,3.8669403033826173,-4.528941726365401,-6.0376696488230674,-1.3412469273554573,-2295.59325798554,-0.14382200139369203,0.37357385,949,0.15482,backward
541.4199059009552,2.0370824395632203,3.8782587906276813,-5.047272227465353,-5.438124657980921,3.053130253526049,-2297.482066111838,-0.14394033776013146,0.37357385,949,0.15466,backward
541.5659167766571,2.0513111371825556,3.87793540525558,-4.566707206214977,-5.039503381952546,1.3439320322871078,-2299.191264333077,-0.1440474213247403,0.37357385,949,0.15466,backward
541.7289724349976,2.0553533810947675,3.8690423080355947,-3.950339667326637,-5.524072599289312,-0.08138615170958982,-2300.6165825170733,-0.14413671942366618,0.3739675,950,0.15451,backward
541.8759081363678,2.0445201676796017,3.8620895236247823,-4.294486018225805,-6.044236076097278,-1.00989332293443,-2301.545089688298,-0.1441948916452518,0.3739675,950,0.15451,backward
542.0119407176971,2.0356272319354853,3.867425381374559,-4.960189404785698,-5.96894387838477,-2.124637078067885,-2302.659833443431,-0.1442647318389998,0.3739675,950,0.15435,backward
542.1622149944305,2.042418200997065,3.879390639440349,-4.908426774541619,-5.248613406471353,2.4030322004999696,-2304.4153494720426,-0.14437471727646148,0.3739675,950,0.15435,backward
542.3232305049896,2.053251414245457,3.874054780892473,-4.230734725406423,-5.520986516159885,-0.10613767003897538,-2306.924519342582,-0.14453192013953942,0.37436115,951,0.154192,backward
542.4614717960358,2.045166926665342,3.864191528150449,-4.317298283128165,-5.970915661676764,-0.9725911160856751,-2307.790972788629,-0.14458620461188287,0.37436115,951,0.154192,backward
542.6061542034149,2.0354655422000234,3.8716293907612083,-4.942029954311339,-6.009166539969794,-2.075075191568536,-2308.893456864112,-0.1446552767202318,0.37436115,951,0.154033,backward
542.7492482662201,2.038699336945477,3.8821394151950663,-5.184679591648953,-5.3043853956127345,2.8079339475927854,-2310.293633032131,-0.1447429996380822,0.37436115,951,0.154033,backward
542.8965344429016,2.0519578962004554,3.8797140248183437,-4.465691823424366,-5.177885001224035,1.0055886211933864,-2312.09597835853,-0.14485591899395833,0.3747548,952,0.153875,backward
543.0428156852722,2.049694239651221,3.867263688710252,-4.146522479400809,-5.7157986374966,-0.42844716143094624,-2313.530014141154,-0.144945763262149,0.3747548,952,0.153875,backward
543.1826727390289,2.03627399087924,3.8643532208085536,-4.8051229166281555,-6.147837915321321,-1.7978130824319836,-2314.8993800621547,-0.14503155587663483,0.3747548,952,0.153716,backward
543.3334543704987,2.0365973703522604,3.878420483314223,-5.184317770577483,-5.469885967135604,3.0984946825309208,-2316.2862576043713,-0.14511844561771403,0.3747548,952,0.153557,backward
543.4827210903168,2.0538981732725605,3.881654337113825,-4.390355181367867,-5.107597704537102,0.9590557213782634,-2318.425696565524,-0.1452524843426416,0.37514845,953,0.153557,backward
543.623557806015,2.052442965465893,3.864191528150449,-4.039865830912606,-5.747383471452141,-0.39802819454458965,-2319.782780481447,-0.14533750747301027,0.37514845,953,0.153408,backward
543.794828414917,2.031746678336936,3.867425381374559,-4.9048346073768885,-6.055282056937344,-1.9961921372437312,-2321.3809444241456,-0.1454376345909109,0.37514845,953,0.153408,backward
543.9378638267517,2.0357889216711387,3.8782587906276813,-5.285660176579716,-5.527514011931222,-3.0940657233146576,-2322.4788180102164,-0.14550641784590468,0.37514845,953,0.15325,backward
544.0861053466797,2.0514728269367435,3.876480171097327,-4.480724861097789,-5.324727942391266,0.7659837572465128,-2324.9019538368343,-0.14565823056055724,0.3755421,954,0.153098,backward
544.2325434684753,2.0453286164122546,3.863706450178093,-4.3485734606288835,-6.036224012228751,-1.052504811999753,-2326.7204424060806,-0.14577216131228374,0.3755421,954,0.153098,backward
544.3831214904785,2.0335252653893288,3.8724378541301223,-5.077345184006136,-6.016780870979404,-2.2595792317353807,-2327.9275168258155,-0.14584778614620125,0.3755421,954,0.15294,backward
544.5234735012054,2.047268893390128,3.881654337113825,-4.860769020236382,-5.1908900178928885,2.138009193272953,-2329.8131137079868,-0.14596592132388236,0.3755421,954,0.15279,backward
544.6720867156982,2.0508260679211436,3.872922932155394,-4.235854155960893,-5.483891905802019,0.04648228804133691,-2331.904640613218,-0.14609695829414382,0.37593575,955,0.15279,backward
544.8076601028442,2.0430649599728676,3.863059679552854,-4.456945010055291,-6.101918406153964,-1.249577822365476,-2333.2007007236243,-0.1461781582011207,0.37593575,955,0.15264,backward
544.9596378803253,2.0377291985138353,3.865485069424423,-4.878292941333465,-6.039480869933844,-1.9710903065369436,-2333.9222132077957,-0.14622336192749646,0.37593575,955,0.15264,backward
545.1039597988129,2.0375675087758958,3.8714676980884066,-5.037284371713008,-5.849016842559723,-2.4222456608871883,-2334.373368562146,-0.14625162741650521,0.37593575,955,0.15264,backward
545.2439556121826,2.03627399087924,3.8771269418310554,-5.105181457995386,-5.418538109959865,2.9205563390705316,-2335.3137518693684,-0.14631054369396485,0.37593575,955,0.15248,backward
545.3887751102448,2.0419331317672182,3.879390639440349,-4.9713903173476846,-5.189711450079859,2.323190444882033,-2335.911117763557,-0.14634796946970613,0.37593575,955,0.15233,backward
545.5405359268188,2.0474305831395276,3.880845873651642,-4.586828022660805,-5.109469407860962,1.3718507174030852,-2336.8624574910355,-0.1464075721816131,0.3763294,956,0.15233,backward
545.691251039505,2.051796206445693,3.878743868688288,-4.276498440070501,-5.103539372525512,0.804167512620785,-2337.430140695818,-0.14644313829698888,0.3763294,956,0.15218,backward
545.8307611942291,2.052442965465893,3.8795523321291827,-4.129040607887725,-5.252728706162639,0.44202953291259556,-2337.7922786755257,-0.14646582672789496,0.3763294,956,0.15218,backward
545.9895668029785,2.055191691335977,3.8719527761077934,-3.969797092883933,-5.416202028563068,0.12498694402182849,-2338.109321264417,-0.14648568987198754,0.37672305,957,0.15203,backward
546.135059595108,2.056970278693234,3.875995093050467,-3.7780522095603573,-5.528654635009624,-0.030153202639090666,-2338.264461411078,-0.1464954096105831,0.37672305,957,0.15187,backward
546.2964336872101,2.0584254865482756,3.8713060054159314,-3.676806903489993,-5.701270976631774,-0.2018414219151737,-2338.4361496303545,-0.1465061661081578,0.3771167,958,0.15187,backward
546.4456779956818,2.054221552787263,3.868557230033854,-3.8731173336731177,-5.839815900809989,-0.4144600165909327,-2338.6487682250304,-0.14651948694873507,0.3771167,958,0.151711,backward
546.5871858596802,2.045813685654141,3.8659701474075496,-4.284265248805985,-6.086550791387794,-1.0379060893632068,-2339.2722142978023,-0.14655854668269933,0.3771167,958,0.151711,backward
546.7446575164795,2.0354655422000234,3.8693656933717215,-4.908802687965551,-5.937430415458106,-2.166609003482552,-2340.400917211921,-0.1466292614365098,0.3771167,958,0.151553,backward
546.8870570659637,2.031746678336936,3.876156785732426,-5.337792984444259,-5.825957609787301,-2.735885635029932,-2340.9701938434678,-0.1466649273822129,0.3771167,958,0.151553,backward
547.0238792896271,2.029806401578755,3.878743868688288,-5.556060001556694,-5.43821422496548,3.0494714878477125,-2341.4680220277696,-0.14669611698671597,0.3771167,958,0.151396,backward
547.1702907085419,2.039184406163873,3.8831095713663966,-5.232114177915655,-4.979832467787371,2.3979339655508385,-2342.119559550067,-0.1467369366877296,0.3771167,958,0.151245,backward
547.3132634162903,2.0505026884144937,3.8827861859746418,-4.549553058768343,-4.914922464912219,1.4091495229392152,-2343.108343992679,-0.14679888536134097,0.37751035,959,0.151245,backward
547.4676029682159,2.0513111371825556,3.866455225393614,-4.1300445373024965,-5.618792006931776,-0.20650287919786728,-2344.7239963948155,-0.14690010815471846,0.377904,960,0.151094,backward
547.6180186271667,2.036759060089057,3.8721144687815765,-4.716357423872569,-5.893219042773886,-1.7682105432669057,-2346.285704058884,-0.14699795123778941,0.377904,960,0.151094,backward
547.767646074295,2.0471072036409197,3.886020039951189,-4.813977912630732,-5.069030910673908,1.936555266537509,-2348.864123556259,-0.14715949268301495,0.377904,960,0.150938,backward
547.9136276245117,2.0511494474285605,3.869527386040275,-4.19938272409889,-5.6067860068826585,-0.21208620494464753,-2351.0127650277414,-0.1472941079575768,0.37829765,961,0.15078,backward
548.0628943443298,2.0346570935255683,3.879875717507832,-4.967076440900277,-5.52040736642705,-3.1212548869154175,-2353.9219337097115,-0.14747637128352853,0.37829765,961,0.15078,backward
548.2353456020355,2.0527663449771434,3.8771269418310554,-4.5096445842294415,-5.217802715201125,1.1439932497485024,-2355.939870880227,-0.14760279775805343,0.37829765,961,0.15062,backward
548.3742454051971,2.049047480644051,3.8666169180562884,-4.169074864378006,-5.740897589028281,-0.4567765446801822,-2357.5406406746556,-0.1477030881360655,0.3786913,962,0.15062,backward
548.5080335140228,2.0354655422000234,3.867425381374559,-4.891343196840151,-5.892050673063365,-2.1616371905367244,-2359.245501320512,-0.14780989994574978,0.3786913,962,0.150461,backward
548.6527404785156,2.040639613829361,3.8886071232268735,-5.009261542352534,-5.058191024403399,2.2501836738395746,-2361.1168657633157,-0.14792714344198532,0.3786913,962,0.150461,backward
548.8279402256012,2.0584254865482756,3.873893088214766,-4.129586319204927,-5.233905426099871,0.4932955880946145,-2362.8737538490604,-0.14803721484066953,0.37908495,963,0.150303,backward
548.9714152812958,2.0485624113906837,3.869527386040275,-4.1116010386232125,-5.8574780589201385,-0.5859490888473228,-2363.9529985260024,-0.14810483096948127,0.37908495,963,0.150303,backward
549.1075401306152,2.0411246830546257,3.8716293907612083,-4.627520353580897,-5.862204063351439,-1.5567650299332405,-2364.9238144670885,-0.14816565389233408,0.37908495,963,0.150151,backward
549.2498962879181,2.0390227164242165,3.878582176001092,-4.89986478334046,-5.363133067854275,2.624037739108862,-2367.026197005226,-0.14829737098258003,0.37908495,963,0.149995,backward
549.3961925506592,2.056323519651543,3.8821394151950663,-4.172434170488546,-5.000110597547317,0.8360119094643231,-2368.814222834871,-0.14840939320274843,0.3794786,964,0.149995,backward
549.5309901237488,2.056323519651543,3.8708209274004672,-3.802027751196169,-5.591621670073636,-0.10073576931698823,-2369.750970513652,-0.14846808170320233,0.3794786,964,0.149836,backward
549.6659414768219,2.046945513891903,3.868072152035053,-4.198305748049446,-6.024699652884774,-0.8824305741184719,-2370.532665318454,-0.1485170559328114,0.3794786,964,0.149836,backward
549.805079460144,2.0395077856437567,3.8769652491471325,-4.788632180156619,-5.63632175442522,-2.5237447218874185,-2372.1739794662226,-0.14861988646902538,0.3794786,964,0.149678,backward
549.9393863677979,2.045651995906654,3.882462800584199,-4.707781731781831,-5.153754982044247,1.8072355302155076,-2374.126184521299,-0.14874219473821693,0.3794786,964,0.149678,backward
550.0769045352936,2.0592339353633577,3.878905561375812,-3.93144303922922,-5.164301945844099,0.46735932631214344,-2375.4660607252026,-0.14882613978231166,0.37987225,965,0.149517,backward
550.2358400821686,2.0556767606129247,3.8666169180562884,-3.765701576368679,-5.709528803829284,-0.23308790846992747,-2376.1665079599848,-0.14887002374251523,0.37987225,965,0.149368,backward
550.3923802375793,2.04500523691862,3.8737313955373867,-4.319650068985978,-5.877616593108104,-0.9087052234991023,-2376.842125275014,-0.1489123520748911,0.37987225,965,0.149368,backward
550.5413825511932,2.04144806253909,3.881007566343423,-4.733487900338009,-5.37382855448597,2.317217113224065,-2379.89938824547,-0.14910389370695865,0.37987225,965,0.149368,backward
550.6936466693878,2.0506643781677227,3.887313581578533,-4.4998168570937995,-4.964210150240288,1.38252848746629,-2380.8340768712283,-0.1491624532049746,0.37987225,965,0.149216,backward
550.8372497558594,2.0574553479765187,3.8758334003688346,-3.886159997726939,-5.330622564686974,0.242590104000943,-2381.9740152546938,-0.14923387187603282,0.3802659,966,0.14906,backward
550.9845423698425,2.045813685654141,3.870174156717757,-4.166677606166761,-5.835410053683407,-0.6538561271140575,-2382.8704614858093,-0.14929003543665156,0.3802659,966,0.14906,backward
551.1413414478302,2.036759060089057,3.8795523321291827,-4.874453371983569,-5.6261518029033075,-2.757267826047708,-2384.973873184743,-0.1494218170052039,0.3802659,966,0.148909,backward
551.2976562976837,2.0422565112535915,3.880037410197648,-4.961291161449162,-5.123973921217824,2.327055338380099,-2386.172735327494,-0.1494969273289365,0.3802659,966,0.148909,backward
551.4443695545197,2.0508260679211436,3.8795523321291827,-4.3711489698458506,-4.994505768349725,1.1545346151846552,-2387.34525605069,-0.1495703873273482,0.38065955,967,0.148757,backward
551.6005160808563,2.048239031889396,3.8667786107192894,-4.225961223056504,-5.743125864880427,-0.5779817298175505,-2389.0777723956926,-0.1496789318037352,0.38065955,967,0.148599,backward
551.7390429973602,2.0374058190381468,3.870497542058458,-4.837965462652066,-5.835097966526082,-2.212971783114396,-2390.7127624489895,-0.1497813661269351,0.38065955,967,0.148599,backward
551.8780162334442,2.038214267728798,3.8866668107622373,-5.100134315313117,-5.095181326459897,2.454791330983042,-2392.3281846420714,-0.14988257449740602,0.38065955,967,0.14844,backward
552.016793012619,2.0501793089086098,3.884726498344833,-4.541611643547245,-4.781661097139962,1.4903060843095908,-2393.2926698887454,-0.14994300079374961,0.38065955,967,0.14844,backward
552.1514537334442,2.0530897244891606,3.868557230033854,-4.059899573967119,-5.39791769827662,0.18199517654679787,-2394.600980796508,-0.15002496822963793,0.3810532,968,0.148281,backward
552.2945547103882,2.0422565112535915,3.8688806153680213,-4.453198455615194,-5.824583435176722,-1.1683829275345463,-2395.95135890059,-0.1501095712318866,0.3810532,968,0.148281,backward
552.4685468673706,2.0335252653893288,3.8821394151950663,-5.1410309345424325,-5.23053926205144,2.685750222860863,-2398.3804110573737,-0.15026175461257174,0.3810532,968,0.148123,backward
552.6039929389954,2.0506643781677227,3.887151888873967,-4.640252242972482,-4.803430934161002,1.6314353731924547,-2399.434725907042,-0.15032780885421532,0.3810532,968,0.148123,backward
552.7592031955719,2.0519578962004554,3.8716293907612083,-4.126099083678971,-5.472015125206169,0.03781529345437987,-2401.0283459867796,-0.15042765129299746,0.38144685,969,0.14797,backward
552.9001045227051,2.040639613829361,3.8722761614556855,-4.5497293693864815,-5.660806608508262,-1.3256612446198615,-2402.3918225248535,-0.15051307492973143,0.38144685,969,0.147815,backward
553.0567524433136,2.039831165124404,3.886181732653459,-4.970954988459999,-5.011812550724488,2.2373881841279104,-2405.1119584032854,-0.15068349509660459,0.38144685,969,0.147815,backward
553.1951756477356,2.0545449323027336,3.8837563421538372,-4.265266959284854,-4.758591701045333,1.1431383654458442,-2406.2062082219677,-0.1507520513177035,0.3818405,970,0.147654,backward
553.334201335907,2.0505026884144937,3.8753483223259013,-4.046374196245725,-5.369976355812404,0.19638566038676034,-2407.152960927027,-0.15081136664649394,0.3818405,970,0.147654,backward
553.4866855144501,2.0385376472063936,3.878420483314223,-4.792303284137512,-5.493192784129717,-3.070482454193752,-2410.4198290416075,-0.15101604032241356,0.3818405,970,0.147498,backward
553.6432361602783,2.042418200997065,3.8892538940589185,-4.8975873519400634,-4.719297604764739,1.9556077239425989,-2411.67692417065,-0.15109479902096445,0.3818405,970,0.147498,backward
553.8013854026794,2.0538981732725605,3.884403112946524,-4.24973628667575,-4.694744748445425,1.1540304844013927,-2412.4785014101913,-0.15114501891181897,0.38223415,971,0.147346,backward
553.9455239772797,2.058587176310908,3.882624493279257,-3.755767092198112,-4.661500444522687,0.7650658226959085,-2412.8674660718966,-0.1511693880703898,0.38223415,971,0.14719,backward
554.0898158550262,2.056970278693234,3.8709826200719615,-3.6654032343460115,-5.32629723379236,0.1376032976069961,-2413.494928596985,-0.15120869944048718,0.3826278,972,0.14719,backward
554.2380909919739,2.048885790892737,3.8717910834343376,-4.073056048656748,-5.64319022634319,-0.36705308950320326,-2413.999584984095,-0.1512403168410688,0.3826278,972,0.147031,backward
554.377366065979,2.0412863727967623,3.876480171097327,-4.61655684763175,-5.461001123057257,-2.997851870057525,-2416.630383764649,-0.15140513991874915,0.3826278,972,0.147031,backward
554.5315992832184,2.040639613829361,3.890709128450221,-4.902560692066905,-4.840301927740279,2.070853017586638,-2417.8448641841846,-0.15148122874850306,0.3826278,972,0.14688,backward
554.6858761310577,2.0527663449771434,3.8879603524000785,-4.420284926746912,-4.614681574848808,1.391607175291872,-2418.52411002648,-0.15152378441298647,0.3826278,972,0.14688,backward
554.827427148819,2.058102107023588,3.877612019884788,-3.7617951215232908,-4.949386124054669,0.5446222232950005,-2419.3710949784763,-0.1515768491580247,0.38302145,973,0.14672,backward
554.9809889793396,2.0435500292067257,3.87567170768753,-4.193425633781196,-5.464763575947237,-0.08209095076950093,-2419.9978081525405,-0.1516161135802738,0.38302145,973,0.14657,backward
555.1121063232422,2.0429032702286305,3.8953982172253574,-4.686169685869581,-4.769007970200416,1.762116117411693,-2418.1536010843593,-0.15150057153004012,0.38302145,973,0.14657,backward
555.2501397132874,2.060365763712548,3.887151888873967,-3.9857237482049124,-4.524779374819911,1.0059483704349073,-2418.909768831336,-0.15154794645518474,0.38302145,973,0.14642,backward
555.3886208534241,2.056485209411678,3.8688806153680213,-3.6619505008974893,-5.371445390786214,0.05493279099252606,-2419.860784410778,-0.15160752885878176,0.3834151,974,0.14642,backward
555.5284912586212,2.0461370651496877,3.884403112946524,-4.3174123950331165,-5.166908746305752,0.8430356057707464,-2419.0726815959993,-0.15155815315873944,0.3834151,974,0.14627,backward
555.6657483577728,2.055191691335977,3.891032513874121,-4.235811940083894,-4.563185946293358,1.2261180690172755,-2418.6895991327524,-0.15153415252780392,0.3834151,974,0.14627,backward
555.8236367702484,2.060689143242618,3.8835946494564855,-3.595318172535566,-4.782333781657385,0.5856734398081945,-2419.3300437619614,-0.15157427724416397,0.38380875,975,0.14612,backward
555.9596078395844,2.045490306159359,3.8758334003688346,-4.139561061830141,-5.338615821277668,0.16342392243044998,-2419.752293279339,-0.15160073174365576,0.38380875,975,0.14597,backward
556.1001522541046,2.04500523691862,3.8937812900303097,-4.5691100178930295,-4.470080858911909,1.617333439662343,-2418.2983837621073,-0.15150964235929457,0.38380875,975,0.14597,backward
556.2409858703613,2.0605274534774867,3.8886071232268735,-3.970264612906665,-4.34714958977943,1.0819673618920402,-2418.833749839878,-0.15154318376324993,0.38380875,975,0.145818,backward
556.3873002529144,2.0592339353633577,3.873408010183608,-3.5577036080130044,-5.108543873506943,0.27701050311714165,-2419.638706698653,-0.15159361539178948,0.3842024,976,0.145818,backward
556.5332040786743,2.0443584779336446,3.87793540525558,-4.2633663835367575,-5.491470259633931,-0.4231122010464343,-2420.338829402817,-0.15163747901971386,0.3842024,976,0.14567,backward
556.7087512016296,2.0427415804845843,3.8900623576063595,-4.69221490988621,-4.702623675315459,1.8348158577060947,-2418.080901344064,-0.15149601679364957,0.3842024,976,0.145518,backward
556.8498163223267,2.0579404172615328,3.893296211878203,-4.089052130648546,-4.357676495851074,1.1773831767747087,-2418.7383340249953,-0.15153720583427085,0.3842024,976,0.145518,backward
556.9949691295624,2.0576170377379976,3.884241420247861,-3.755862459522312,-4.727038937377129,0.703579994127369,-2419.2121372076426,-0.15156689024014636,0.38459605,977,0.145366,backward
557.1430280208588,2.0425798907407287,3.8797140248183437,-4.341918965458714,-5.208881051288611,0.76630571610484,-2419.1494114856655,-0.15156296038940198,0.38459605,977,0.145366,backward
557.2924032211304,2.0433883394619157,3.894913139063393,-4.704201153500645,-4.655694128663897,1.8571025998655315,-2418.0586146019045,-0.15149462049931442,0.38459605,977,0.145208,backward
557.4379687309265,2.0553533810947675,3.891517592012434,-4.18729153364917,-4.183562920085371,1.3091604721658474,-2418.6065567296037,-0.1515289498096918,0.38459605,977,0.14505,backward
557.5843987464905,2.061982661370596,3.882624493279257,-3.519994880785377,-4.643850376935974,0.6187965473351071,-2419.296920654435,-0.15157220203698155,0.3849897,978,0.14505,backward
557.7332961559296,2.052928034733056,3.879875717507832,-3.774220625046122,-5.109160998915808,0.3043280156126639,-2419.611389186157,-0.15159190391293467,0.3849897,978,0.14505,backward
557.8876583576202,2.0427415804845843,3.8892538940589185,-4.493026028527134,-4.925350078916829,1.6048503221344559,-2418.3108668796353,-0.15151042444337687,0.3849897,978,0.14489,backward
558.0305607318878,2.050017619155956,3.9018659263343216,-4.4183346289807055,-4.041479243692213,1.5226329644663714,-2418.3930842373034,-0.1515155754712813,0.3849897,978,0.144731,backward
558.1726024150848,2.0629527999746617,3.888930508642239,-3.6737222270199763,-4.244869428242094,0.9244161919055542,-2418.9913010098644,-0.15155305455569565,0.38538335,979,0.144731,backward
558.3262767791748,2.0576170377379976,3.8782587906276813,-3.5676414709509263,-4.995968061597838,0.3273831322229063,-2419.588334069547,-0.15159045947890798,0.38538335,979,0.14458,backward
558.4846134185791,2.0425798907407287,3.879228946751842,-4.332171581020197,-5.170773801630682,0.7868210435243809,-2419.1288961582454,-0.1515616750765799,0.38538335,979,0.14458,forward
558.6204206943512,2.049532549899141,3.8947514463433954,-4.420431652771669,-4.441343254865208,1.5237518782786112,-2418.3919653234916,-0.1515155053698279,0.38538335,979,0.14443,still
558.7786474227905,2.0660249055999387,3.892002670153703,-3.639803958246386,-4.274568467690875,0.8909216304383742,-2419.0247955713326,-0.1515551530349665,0.385777,980,0.14428,still
558.922491312027,2.0660249055999387,3.8831095713663966,-3.1609354967795933,-4.844573810306046,0.32519979214540723,-2419.5905174096256,-0.1515905962680969,0.385777,980,0.14428,still
559.0858376026154,2.0514728269367435,3.8831095713663966,-3.7547053392752128,-5.125708986548091,0.2179207476288304,-2419.697796454143,-0.15159731744434904,0.385777,980,0.144128,backward
559.2259030342102,2.046945513891903,3.8902240503168324,-4.301708532639686,-4.760662582297946,1.322524321880045,-2418.593192879892,-0.15152811254655504,0.385777,980,0.144128,still
559.3719131946564,2.058910555836748,3.8992788426275853,-3.9510051182848556,-4.148632393365657,1.1659421173479736,-2418.7497750844236,-0.15153792263201338,0.385777,980,0.143967,forward
559.5124552249908,2.068450252195357,3.887151888873967,-3.2192538216509625,-4.419255238007023,0.6074847669925694,-2419.308232434779,-0.15157291073521575,0.38617065,981,0.143818,forward
559.6703865528107,2.0561618298916007,3.875995093050467,-3.526492359638372,-5.156202419812419,0.10610495591510997,-2419.809612245856,-0.15160432285390738,0.38617065,981,0.143818,backward
559.8068659305573,2.045813685654141,3.8827861859746418,-4.207598388798983,-4.8657243460248925,1.0960950930747613,-2418.819622108697,-0.151542298641913,0.38617065,981,0.14366,still
559.9609704017639,2.0540598630298157,3.901057462666918,-4.210874834234485,-3.967846740698604,1.4206671592928029,-2418.4950500424784,-0.1515219637659511,0.38617065,981,0.14366,forward
560.1101944446564,2.0678034930990026,3.890870821162007,-3.428715764372119,-4.204115730635474,0.8124370747102451,-2419.1032801270608,-0.15156007019781495,0.3865643,982,0.1435,forward
560.2501380443573,2.0572936582152317,3.886505118058983,-3.489444924563841,-4.784158432486355,0.4522682619226298,-2419.463448939848,-0.15158263525776816,0.3865643,982,0.1435,backward
560.396509885788,2.045975375401819,3.887313581578533,-4.209887799869425,-4.843462379311758,1.1392680376864484,-2418.7764491640846,-0.1515395937989367,0.3865643,982,0.143342,still
560.5672316551208,2.058910555836748,3.893942982748336,-3.965686089722368,-4.185314108557506,1.1861953366782108,-2418.7295218650925,-0.15153665374061515,0.3865643,982,0.143342,forward
560.7210760116577,2.0686119419699276,3.888122045106285,-3.1547639563569856,-4.416499092634431,0.572098844856199,-2419.3436183569142,-0.15157512771077317,0.38695795,983,0.14319,still
560.8654482364655,2.053251414245457,3.87567170768753,-3.6320622158935536,-5.212873794714976,-0.023011821164694427,-2419.9387290229347,-0.15161241219344015,0.38695795,983,0.143032,backward
561.0066585540771,2.049532549899141,3.8897389721863984,-4.213994146551504,-4.687853924792593,1.2946272138374237,-2418.6210899879325,-0.15152986033784932,0.38695795,983,0.143032,still
561.1596140861511,2.0647313874334516,3.8899006648962144,-3.708443385018837,-4.339334380554611,0.9187988974973695,-2418.9969183042726,-0.1515534064867363,0.38695795,983,0.142874,forward
561.2946150302887,2.065539836286061,3.881007566343423,-3.162130611170352,-4.721847653298928,0.3681092762069312,-2419.547607925563,-0.15158790793127802,0.3873516,984,0.142874,still
561.433235168457,2.0506643781677227,3.880360795578263,-3.8183141081749237,-5.038793375977519,0.25816081987397593,-2419.6575563818965,-0.15159479634976636,0.3873516,984,0.142715,backward
561.5916826725006,2.049532549899141,3.891032513874121,-4.177823008212161,-4.618461031908817,1.2987861174971265,-2418.6169310842733,-0.15152959977694822,0.3873516,984,0.142715,backward
561.7348442077637,2.0558384503722915,3.90202761906879,-4.012838840439665,-3.867984571343267,1.3304719916434187,-2418.5852452101267,-0.15152761461436778,0.3873516,984,0.142566,forward
561.8850431442261,2.059072245599957,3.899117149898711,-3.700508615888502,-3.855469760299257,1.121085981774508,-2418.794631219995,-0.15154073292916434,0.38774525,985,0.142405,forward
562.0279939174652,2.064246318124198,3.895074831783719,-3.3869835289956063,-3.9327732745605237,0.9129174923701416,-2419.0027997094,-0.1515537749646683,0.38774525,985,0.142405,forward
562.1870291233063,2.0686119419699276,3.8996022280863207,-3.1075212890265096,-3.9122897894831734,0.7908887043364566,-2419.1248284974336,-0.15156142023216573,0.3881389,986,0.142246,backward
562.3317203521729,2.0705522192798305,3.8945897536237264,-2.8723079960633764,-4.086842798149523,0.6255687598453552,-2419.2901484419244,-0.15157177774877034,0.3881389,986,0.142246,backward
562.4734184741974,2.0705522192798305,3.890709128450221,-2.860319711783437,-4.1747620361703826,0.5793995595710686,-2419.3363176421985,-0.15157467031118882,0.3881389,986,0.14209,still
562.6155121326447,2.069420390845676,3.8877986596942,-2.898908738930934,-4.436823654507501,0.4488573817003309,-2419.4668598200697,-0.15158284895399604,0.3881389,986,0.141938,forward
562.7493257522583,2.068450252195357,3.8921643628681157,-2.9331388573719637,-4.340491988832457,0.5155241137859685,-2419.4001930879845,-0.15157867219367427,0.3881389,986,0.141938,backward
562.8896725177765,2.067965182872802,3.876803556463537,-2.961233358756026,-4.771384669570425,0.23851654777349832,-2419.677200653997,-0.15159602708980252,0.3881389,986,0.141938,backward
563.0461668968201,2.0645696976635075,3.880684180960188,-3.140158942839978,-4.90373180087984,0.15953058861472272,-2419.7561866131555,-0.15160097566624947,0.3881389,986,0.14178,backward
563.1949768066406,2.0582637967858357,3.881816029807245,-3.447006842999446,-5.013671781235196,0.08265043127711245,-2419.8330667704927,-0.15160579231138346,0.3881389,986,0.141628,still
563.3283867835999,2.0535747937586253,3.884888191044481,-3.7688019034963767,-4.860231481844725,0.4544980986541329,-2419.461219103116,-0.15158249555550143,0.3881389,986,0.141628,backward
563.4756245613098,2.049047480644051,3.8918409774396183,-4.174214673779159,-4.618468518742509,1.4941565257002039,-2418.42156067607,-0.1515173595584238,0.3881389,986,0.14147,still
563.6206107139587,2.049370860147253,3.8984703789865023,-4.336213807189739,-4.147368138656808,1.7067422786004778,-2418.2089749231695,-0.15150404077542792,0.3881389,986,0.14147,forward
563.7701313495636,2.0522812757105555,3.905746552052426,-4.208063866074712,-3.6838721526057534,1.5684703557146762,-2418.347246846055,-0.15151270369714404,0.3881389,986,0.14132,forward
563.9223320484161,2.0645696976635075,3.900248999007741,-3.543272669096271,-3.61899101236359,1.133660435675008,-2418.7820567660947,-0.1515399451227356,0.38853255,987,0.141162,still
564.0929017066956,2.0673184237787625,3.8886071232268735,-3.1043878091092543,-4.112802326951158,0.6973064263526714,-2419.2184107754165,-0.15156728328759494,0.3889262,988,0.141162,backward
564.2713010311127,2.049209170395556,3.888122045106285,-3.8066621239705936,-4.553349870308311,0.8860886129736543,-2419.0296285887957,-0.151555455830003,0.3889262,988,0.14101,still
564.4576456546783,2.061982661370596,3.892972826445107,-3.7966306273747055,-4.013858730411973,1.1978472604920682,-2418.717869941277,-0.15153592373193553,0.3889262,988,0.140852,forward
564.5973742008209,2.0616592818374473,3.879390639440349,-3.249768751035862,-4.5806601477096764,0.4298481250394691,-2419.4858690767296,-0.15158403990946184,0.38931985,989,0.140852,backward
564.7351536750793,2.0505026884144937,3.8962066808352054,-3.9664874176053626,-4.391273832676113,1.2425834100707078,-2418.673133791699,-0.15153312095206825,0.38931985,989,0.140852,still
564.8913955688477,2.0710372886116497,3.903159468219284,-3.3383339863175894,-3.6561074752956033,1.0136287417635599,-2418.902088460006,-0.1515474652696035,0.38931985,989,0.140693,forward
565.0256018638611,2.067965182872802,3.881330951727969,-2.864319134655246,-4.529355611652467,0.33696006588708327,-2419.5787571358824,-0.15158985947114875,0.3897135,990,0.140537,still
565.2365229129791,2.050017619155956,3.9026743900099543,-3.883712281053319,-4.231976524440036,1.2266990056055487,-2418.6890181961635,-0.1515341161313462,0.3897135,990,0.140537,still
565.3806991577148,2.0627911102068364,3.900248999007741,-3.6890478714923116,-3.7398474864488565,1.2125019970160258,-2418.7032152047527,-0.15153500559300587,0.3897135,990,0.140386,still
565.5147094726562,2.0697437703973263,3.8903857430276334,-3.014348953840097,-4.196896673093114,0.5938155526709799,-2419.321901649098,-0.15157376712985537,0.39010715,991,0.14023,backward
565.6565747261047,2.0568085889325234,3.8899006648962144,-3.4363505560329233,-4.489532419313099,0.5873086433811845,-2419.3284085583878,-0.15157417479646343,0.39010715,991,0.14023,backward
565.8214406967163,2.051796206445693,3.8934579045952433,-3.9891727067359626,-4.280457506919955,1.3666593890650727,-2418.5490578127037,-0.15152534742530696,0.39010715,991,0.14007,forward
565.9565646648407,2.0614975920711616,3.902836082746068,-3.740688348001611,-3.732426718244973,1.2616641737741485,-2418.6540530279945,-0.15153192551659006,0.39010715,991,0.14007,forward
566.1001226902008,2.072492496617537,3.8984703789865023,-3.049470056934951,-3.828768830035639,0.7977826705400226,-2419.1179345312285,-0.15156098831592202,0.3905008,992,0.13991,forward
566.2475004196167,2.0653781465151537,3.884888191044481,-2.9725802277701012,-4.523377460167847,0.33456962627808484,-2419.5811475754904,-0.1515900092354014,0.3905008,992,0.13991,still
566.3922293186188,2.0506643781677227,3.894913139063393,-3.7840372712539447,-4.390975982645818,1.0290852940651503,-2418.886631907703,-0.15154649689583818,0.3905008,992,0.13975,forward
566.5512280464172,2.056646899172004,3.906716708511594,-3.9051577472066623,-3.6554355913336214,1.4184043179844568,-2418.497312883784,-0.15152210553599868,0.3905008,992,0.13975,forward
566.7075419425964,2.0703905295029434,3.8955599099466696,-3.150115981821501,-3.716227630720501,0.8957272587569728,-2419.0199899430118,-0.15155485195589655,0.39089445,993,0.139595,forward
566.86017370224,2.0734626352968233,3.8921643628681157,-2.6635276190511252,-3.979668976329726,0.5671358891897347,-2419.348581312579,-0.15157543864661252,0.39089445,993,0.139443,forward
566.9955310821533,2.0595573148907365,3.8874752742834278,-3.210728521805155,-4.51331336582229,0.4009113911644766,-2419.5148058106047,-0.1515858528347112,0.39089445,993,0.139443,still
567.1839950084686,2.0568085889325234,3.8984703789865023,-3.786265889298859,-4.123389931478077,1.217351731296023,-2418.698365470473,-0.15153470175063838,0.39089445,993,0.139285,still
567.3158369064331,2.071360668167161,3.9018659263343216,-3.171182528942534,-3.50216724510239,0.9930769790685383,-2418.922640222701,-0.15154875286514452,0.39089445,993,0.139124,backward
567.4930889606476,2.0726541863969348,3.884726498344833,-2.666037882827989,-4.098378883372007,0.4988114456487979,-2419.4169057561207,-0.15157971926478395,0.3912881,994,0.139124,backward
567.6426713466644,2.0576170377379976,3.88957727947691,-3.3060254711430934,-4.549729812638948,0.3852901298371184,-2419.5304270719325,-0.1515868315277182,0.3912881,994,0.138965,backward
567.797810792923,2.0538981732725605,3.89588329539028,-3.9024284389478137,-4.086553897710052,1.4027253295844955,-2418.512991872185,-0.15152308784568436,0.3912881,994,0.138965,forward
567.9482042789459,2.0669950442328995,3.9060699375374974,-3.4402244296375466,-3.4305401212465187,1.172931898681526,-2418.742785303087,-0.15153748471282297,0.3912881,994,0.138806,forward
568.0914828777313,2.076049671808948,3.8934579045952433,-2.6489878382197727,-3.94260312443029,0.5676602696300104,-2419.348056932138,-0.15157540579347348,0.39168175,995,0.138806,backward
568.2251045703888,2.0678034930990026,3.886020039951189,-2.7863535647662143,-4.419852986373253,0.3092362195535085,-2419.6064809822146,-0.15159159640736425,0.39168175,995,0.138647,backward
568.3702499866486,2.0521195859554098,3.8992788426275853,-3.7134830890841015,-4.171722801918073,1.1509491623903942,-2418.764768039378,-0.15153886196078203,0.39168175,995,0.138499,still
568.5280480384827,2.065216456744439,3.907201786745626,-3.526934820957788,-3.548000190017854,1.2127548522169627,-2418.7029623495514,-0.15153498975128785,0.39168175,995,0.138499,still
568.6705460548401,2.0742710842015444,3.8899006648962144,-2.7854792092645257,-3.913785916467369,0.6271727600973115,-2419.2885444416706,-0.1515716772559997,0.3920754,996,0.13834,still
568.81347489357,2.0637612488166774,3.883271264062765,-2.9626740676432934,-4.48761166193611,0.27928545765547524,-2419.6364317441125,-0.15159347286283145,0.3920754,996,0.13834,backward
568.9588534832001,2.055030001577378,3.893942982748336,-3.6719418875355343,-4.217910976645582,1.083638085618126,-2418.83207911615,-0.15154307909016398,0.3920754,996,0.13834,backward
569.0915288925171,2.065216456744439,3.904129624646832,-3.5120832743685035,-3.5910426754335782,1.2032797164625058,-2418.712437485305,-0.1515355833812712,0.3920754,996,0.13818,forward
569.2328941822052,2.0768581207291428,3.893942982748336,-2.6850969908691895,-3.829077640418117,0.6286924463348826,-2419.287024755433,-0.15157158204561544,0.39246905,997,0.138022,still
569.4040076732635,2.061982661370596,3.8811692590355324,-3.001060462596989,-4.552488424059114,0.2032152021444978,-2419.7125019996233,-0.15159823876652803,0.39246905,997,0.138022,backward
569.560581445694,2.0572936582152317,3.900248999007741,-3.6332657987343406,-3.975745228956525,1.1926735603172198,-2418.7230436414507,-0.15153624787120148,0.39246905,997,0.137864,still
569.6999616622925,2.068450252195357,3.9012191553997404,-3.203937616705564,-3.5692210696388336,1.010239859822996,-2418.9054773419452,-0.15154767758760945,0.39246905,997,0.137864,still
569.8319058418274,2.0710372886116497,3.892649441013325,-2.74492736706227,-4.052970147923434,0.5159908301600208,-2419.399726371608,-0.1515786429532663,0.3928627,998,0.137705,still
569.9708166122437,2.053251414245457,3.8900623576063595,-3.4756567686236672,-4.43660475965015,0.5696709994557472,-2419.3460462023118,-0.15157527981854876,0.3928627,998,0.137546,backward
570.1048495769501,2.0535747937586253,3.9026743900099543,-3.941731997973875,-3.856405204251696,1.604369882273561,-2418.3113473194944,-0.15151045454357945,0.3928627,998,0.137546,still
570.2375619411469,2.0695820806214047,3.8986320717140606,-3.3354172566901408,-3.558341876883347,1.1041355603702985,-2418.811581641397,-0.1515417948958355,0.3928627,998,0.137546,still
570.3829233646393,2.0728158761765263,3.8931345191614906,-2.764504480866229,-4.1567603519310685,0.44036489414537466,-2419.4753523076224,-0.15158338101974958,0.39325635,999,0.137388,still
570.5306544303894,2.065539836286061,3.8899006648962144,-2.992515875180642,-4.471628083743871,0.237483413347819,-2419.6782337884197,-0.151596091817062,0.39325635,999,0.13723,still
570.6887927055359,2.0538981732725605,3.892326055582857,-3.635285908253882,-4.507617687583685,0.624991400302185,-2419.2907258014657,-0.1515718139211212,0.39325635,999,0.13723,backward
570.833963394165,2.049370860147253,3.8945897536237264,-4.145462576428448,-4.167944682079217,2.0362762978631195,-2417.8794409039047,-0.15148339502644206,0.39325635,999,0.13708,forward
570.98313331604,2.0543832425449025,3.906716708511594,-4.096445011994926,-3.404220967664278,1.732726615989143,-2418.1829905857785,-0.15150241282178437,0.39325635,999,0.136921,forward
571.1196308135986,2.068126872646794,3.90881871421382,-3.4179371722675578,-3.335076094270661,1.2307140348278878,-2418.6850031669396,-0.15153386458437176,0.39365,1000,0.136921,forward
571.2580850124359,2.073947704639076,3.895236524504374,-2.7855159473241065,-3.703872054694843,0.7134380128737001,-2419.2022791888935,-0.15156627262202896,0.39365,1000,0.136921,backward
571.3933238983154,2.0626294204392033,3.886343425356057,-3.0443784280603556,-4.383752520397528,0.3068079461167101,-2419.6089092556504,-0.151591748541957,0.39404365,1001,0.136763,backward
571.5305931568146,2.0530897244891606,3.905099781086236,-3.71272253143889,-4.125248140066574,1.2859113188391433,-2418.6298058829275,-0.15153040640037924,0.39404365,1001,0.136604,forward
571.6906430721283,2.0639229385856583,3.909627177960278,-3.5472592782004577,-3.360101005219418,1.327746353800476,-2418.5879708479665,-0.15152778537923992,0.39404365,1001,0.136604,forward
571.8294591903687,2.0705522192798305,3.8877986596942,-2.921174320431335,-3.9511081489822644,0.6224859395225881,-2419.2932312622447,-0.1515719708916047,0.3944373,1002,0.136453,backward
571.9770679473877,2.0535747937586253,3.897823608079555,-3.6363956376270252,-4.091576200734228,1.1854301563635108,-2418.7302870454037,-0.15153670168018957,0.3944373,1002,0.136453,still
572.1161198616028,2.0632761795108903,3.90526147382729,-3.6264843887482128,-3.561077887601441,1.3618583443481247,-2418.553858857419,-0.15152564821720785,0.3944373,1002,0.136294,forward
572.2647087574005,2.074432773983068,3.8937812900303097,-2.7316867255976836,-3.96441817914634,0.5203490686720394,-2419.395368133095,-0.15157836990376886,0.39483095,1003,0.136294,forward
572.4131472110748,2.055030001577378,3.892326055582857,-3.421092662144745,-4.356235291565249,0.5290223708918252,-2419.3866948308755,-0.15157782650973353,0.39483095,1003,0.136138,backward
572.565666437149,2.06311448974268,3.9102739489633795,-3.637384320650156,-3.3720184808662617,1.4126691547189436,-2418.503048047048,-0.1515224648516815,0.39483095,1003,0.136138,still
572.7143936157227,2.0750795331110994,3.8934579045952433,-2.8529950668458586,-3.84105473441381,0.6492527077715309,-2419.266464493996,-0.15157029391761684,0.3952246,1004,0.135986,still
572.8520135879517,2.0605274534774867,3.8924877482979268,-3.1649206113721835,-4.334734207260663,0.3527769113409464,-2419.5629402904265,-0.1515888685245334,0.3952246,1004,0.135986,still
573.0055696964264,2.0558384503722915,3.908495328717544,-3.7340198221936567,-3.86553719508797,1.458314837008846,-2418.4574023647588,-0.15151960508836804,0.3952246,1004,0.135828,still
573.1583409309387,2.0718457375018775,3.904776395605118,-3.1454496929362654,-3.374454650181746,1.0599097671133089,-2418.8558074346543,-0.15154456570119368,0.3952246,1004,0.13567,still
573.3116533756256,2.072492496617537,3.8918409774396183,-2.660597434579627,-3.9059597057024007,0.515777755876213,-2419.3999394458906,-0.15157865630265635,0.39561825,1005,0.13567,still
573.464305639267,2.054221552787263,3.8892538940589185,-3.4142171973813,-4.476647912347368,0.1906705494712945,-2419.7250466522955,-0.1515990247058698,0.39561825,1005,0.13551,backward
573.6220109462738,2.0556767606129247,3.9042913173859097,-3.8866807283537055,-3.7429253379216063,1.6878352047934373,-2418.227881996974,-0.15150522532900054,0.39561825,1005,0.13551,still
573.7681565284729,2.0703905295029434,3.9054231665686725,-3.183128191022301,-3.47443663400491,1.0512840279397204,-2418.8644331738274,-0.15154510611534025,0.39601190000000003,1006,0.13536,still
573.9335625171661,2.07071390905691,3.8837563421538372,-2.7057443498567064,-4.241702292278151,0.26122634577698955,-2419.65449085599,-0.15159460429045024,0.39601190000000003,1006,0.135208,still
574.0922231674194,2.053413104001945,3.891194206586564,-3.510154838022764,-4.385933447670344,0.4941530619511877,-2419.4215641398155,-0.15158001111878025,0.39601190000000003,1006,0.135208,still
574.2503924369812,2.0568085889325234,3.9023510045387138,-3.742411962223187,-3.7973627753993835,1.529631123963607,-2418.3860860778027,-0.15151513702718764,0.39601190000000003,1006,0.135051,forward
574.3967308998108,2.074756153546697,3.893942982748336,-2.9703703835220336,-3.630503668891195,0.8361407812893928,-2419.0795764204768,-0.1515585851287551,0.39640555,1007,0.134893,backward
574.5455803871155,2.0721691170593206,3.8879603524000785,-2.5812696334623864,-4.186130729034476,0.26660344682443543,-2419.649113754942,-0.1515942674078463,0.39640555,1007,0.134893,backward
574.6872625350952,2.05551507085375,3.886343425356057,-3.350459789344306,-4.636776501715289,-0.3142069744476385,-2420.229924176214,-0.15163065596096956,0.39640555,1007,0.13474,backward
574.8299562931061,2.0548683118189714,3.905908244794797,-3.8361280550427943,-3.929367128830061,1.721927077508349,-2418.1937901242577,-0.15150308942737764,0.39640555,1007,0.13474,forward
574.9936623573303,2.0668333544602575,3.9076868649826233,-3.308962709105216,-3.327193262790775,1.212241984245553,-2418.7034752175205,-0.15153502188315507,0.39640555,1007,0.13459,forward
575.1492233276367,2.0726541863969348,3.8934579045952433,-2.756052008945457,-3.921809195579133,0.5218327945257463,-2419.39388440724,-0.15157827694635087,0.3967992,1008,0.13459,backward
575.2883186340332,2.0614975920711616,3.8877986596942,-3.1799198960136312,-4.448995738718462,0.06472016262415449,-2419.8509970391415,-0.1516069156668009,0.3967992,1008,0.134438,backward
575.4341533184052,2.0535747937586253,3.8996022280863207,-3.814731110407072,-4.184089795090659,1.847411419108844,-2418.068305782657,-0.1514952276648072,0.3967992,1008,0.134287,forward
575.5923788547516,2.064408007893756,3.9029977754825116,-3.5827648582166236,-3.564465748398026,1.410824364663031,-2418.5048928371025,-0.1515225804302566,0.3967992,1008,0.134287,forward
575.7383227348328,2.074432773983068,3.894428060904386,-2.8343271331955378,-3.8954339899427057,0.5725377394861293,-2419.3431794622797,-0.15157510021343473,0.39719285,1009,0.13413,backward
575.8948268890381,2.0629527999746617,3.8897389721863984,-3.0444187744345204,-4.517581089854308,-0.07456573610693615,-2419.9902829378725,-0.15161564211546585,0.39719285,1009,0.13413,backward
576.049373626709,2.055030001577378,3.90073407720226,-3.7252569059214187,-4.081462930045234,1.60277851162511,-2418.31293869014,-0.15151055424508816,0.39719285,1009,0.133972,forward
576.1892249584198,2.064408007893756,3.9101122562121096,-3.531123590487672,-3.508946813358772,1.3817059088547663,-2418.53401129291,-0.15152440474062914,0.39719285,1009,0.133972,still
576.3371474742889,2.0750795331110994,3.8931345191614906,-2.7653829970160753,-3.7718309566799264,0.6248959973594294,-2419.2908212044053,-0.15157181989824353,0.3975865,1010,0.133813,still
576.470413684845,2.0702288397262496,3.8866668107622373,-2.6426028514706723,-4.47046135871977,-0.02034093795648789,-2419.9360581397214,-0.1516122448590189,0.3975865,1010,0.133657,backward
576.6273596286774,2.053251414245457,3.895074831783719,-3.545133914267637,-4.391652709516648,0.3820811179988427,-2419.5336360837664,-0.1515870325766204,0.3975865,1010,0.133657,backward
576.7628858089447,2.0574553479765187,3.9065550157675757,-3.7896519955660226,-3.6796052216352293,1.698635031043299,-2418.217082170722,-0.15150454870537794,0.3975865,1010,0.133506,forward
576.9019088745117,2.0718457375018775,3.8986320717140606,-3.1206695257363113,-3.5865130934300784,0.9822483498968848,-2418.9334688518684,-0.15154943129330847,0.39798015,1011,0.133506,forward
577.0343754291534,2.068288562420979,3.8886071232268735,-2.8726571495345468,-4.306655087391632,0.15585734525668296,-2419.7598598565087,-0.15160120579987998,0.39798015,1011,0.133347,still
577.1812698841095,2.0543832425449025,3.890870821162007,-3.557210101460781,-4.413297209394309,0.16949816220591413,-2419.7462190395595,-0.15160035118437376,0.39798015,1011,0.133196,backward
577.329038143158,2.057131968454137,3.9080102504756034,-3.85468429555033,-3.5653420675375496,1.7732117118889603,-2418.142505489877,-0.15149987637614057,0.39798015,1011,0.133196,forward
577.4883115291595,2.074756153546697,3.893942982748336,-2.941540679412817,-3.6710119915738213,0.7957875916004165,-2419.1199296101654,-0.1515611133102975,0.3983738,1012,0.133037,forward
577.6293103694916,2.061174212539167,3.8879603524000785,-2.971728235446516,-4.375533822235872,0.058642935578835126,-2419.8570742661873,-0.15160729641323914,0.3983738,1012,0.133037,backward
577.7664177417755,2.049532549899141,3.8945897536237264,-3.931757477868707,-4.21760586398171,2.5043885634733503,-2417.4113286382926,-0.15145406716416374,0.3983738,1012,0.133037,forward
577.927090883255,2.066348285143488,3.9091420997114144,-3.488351062572441,-3.4315950124130006,1.3915013150879725,-2418.524215886678,-0.1515237910452701,0.3983738,1012,0.132878,forward
578.0812983512878,2.073947704639076,3.890870821162007,-2.8007221405051412,-3.7900535897509022,0.6187998745785815,-2419.2969173271867,-0.151572201828525,0.39876745,1013,0.13272,forward
578.2294359207153,2.0673184237787625,3.8903857430276334,-2.8316981136217296,-4.3258150628934,0.08890285295678753,-2419.826814348809,-0.15160540058876582,0.39876745,1013,0.13272,still
578.3770995140076,2.057778727499669,3.888930508642239,-3.416210079939432,-4.449293761573228,-0.2152393982318339,-2420.1309565999973,-0.15162445550937165,0.39876745,1013,0.132563,backward
578.5475399494171,2.049694239651221,3.8968534517289997,-4.037680969196791,-4.083355985413822,2.4637328775857807,-2417.4519843241796,-0.15145661429749932,0.39876745,1013,0.132405,forward
578.7126307487488,2.056970278693234,3.904129624646832,-3.891741969119241,-3.741205402034048,1.925385775281073,-2417.9903314264843,-0.15149034246664625,0.39876745,1013,0.132405,forward
578.8715188503265,2.0614975920711616,3.90073407720226,-3.6410851524832966,-3.601093848379478,1.5572417929596902,-2418.358475408806,-0.15151340718168424,0.39876745,1013,0.132253,forward
579.0183734893799,2.0614975920711616,3.9060699375374974,-3.398863705898875,-3.289504567486888,1.343759881229426,-2418.5719573205365,-0.1515267821102347,0.3991611,1014,0.132253,still
579.153582572937,2.0618209716039253,3.906393323023887,-3.4418950809618414,-3.2391089369740698,1.3898055369449205,-2418.525911664821,-0.15152389728804877,0.3991611,1014,0.132095,backward
579.3019909858704,2.0639229385856583,3.9044530101253163,-3.328680257097588,-3.1932824850007244,1.3041629405782849,-2418.6115542611874,-0.15152926291175894,0.3991611,1014,0.131946,forward
579.4508428573608,2.0658632158284536,3.909788870710559,-3.2330600896462096,-3.1491243176182855,1.2403354253100787,-2418.6753817764557,-0.15153326179133308,0.3991611,1014,0.131946,forward
579.5901563167572,2.0671567340057346,3.9101122562121096,-3.0564704911888443,-3.204220230685259,1.09504772617818,-2418.8206694755872,-0.15154236426085563,0.39955475,1015,0.131787,still
579.7320322990417,2.071198978389309,3.903159468219284,-2.843100296877207,-3.274259824413409,0.9256633598631591,-2418.9900538419024,-0.15155297641894744,0.39955475,1015,0.131787,backward
579.8813533782959,2.074917843328801,3.8992788426275853,-2.6273381031156107,-3.468265246307742,0.7027417391860024,-2419.21297546258,-0.15156694275794422,0.39955475,1015,0.131628,still
580.0218365192413,2.0757262922422246,3.893296211878203,-2.476889284170718,-3.756747361747394,0.44878536035042893,-2419.4669318414153,-0.1515828534662301,0.3999484,1016,0.131628,forward
580.1683642864227,2.0718457375018775,3.8886071232268735,-2.595022082525589,-4.226016336566482,0.07298004224543404,-2419.8427371595203,-0.15160639817424673,0.3999484,1016,0.13147,forward
580.3255126476288,2.0618209716039253,3.8997639208161825,-3.139499735207486,-4.119047419829525,0.377903147709454,-2419.537814054056,-0.15158729433207152,0.3999484,1016,0.13147,backward
580.4938640594482,2.0527663449771434,3.8994405353567885,-3.7551182735463247,-3.9881325348075167,2.06040374509722,-2417.8553134566682,-0.15148188340946114,0.3999484,1016,0.131318,forward
580.6301131248474,2.0543832425449025,3.906393323023887,-3.959374178370221,-3.568033006318325,2.038585634017469,-2417.877131567748,-0.15148325034342963,0.3999484,1016,0.13116,forward
580.7703504562378,2.068126872646794,3.912699340272007,-3.303543843238151,-2.9539584375122754,1.3547932241739873,-2418.5609239775918,-0.15152609085647759,0.3999484,1016,0.13116,forward
580.911862373352,2.0758879820254896,3.897500222628055,-2.622478950421382,-3.6290121662763974,0.5864603320925214,-2419.3292568696734,-0.15157422794430503,0.40034205,1017,0.131003,backward
581.0508370399475,2.0579404172615328,3.892811133729052,-3.2284609695578235,-4.054367317618936,0.5424107576012728,-2419.373306444164,-0.1515769877093208,0.40034205,1017,0.131003,backward
581.1884944438934,2.0595573148907365,3.913992882333626,-3.715723418084057,-3.2623877633273715,1.7051043420095573,-2418.2106128597557,-0.1515041433943554,0.40034205,1017,0.130852,forward
581.3265857696533,2.0752412228935904,3.8970151444532704,-2.808584999185161,-3.4397287820890767,0.8121234771135617,-2419.1035937246515,-0.15156008984512526,0.40073570000000003,1018,0.130852,backward
581.4678258895874,2.057131968454137,3.897500222628055,-3.2961386813789337,-3.889153077435882,0.9152182268109189,-2419.0004989749546,-0.1515536308205646,0.40073570000000003,1018,0.130693,backward
581.6132643222809,2.0648930772035876,3.908333635969901,-3.53003395306133,-3.212780222485865,1.530943189748833,-2418.384774012017,-0.1515150548245036,0.40073570000000003,1018,0.130693,forward
581.7469830513,2.0783133287976887,3.9026743900099543,-2.6156437003800033,-3.343270053002621,0.7502582997432058,-2419.1654589020222,-0.151563965781594,0.40112935,1019,0.130535,forward
581.8889379501343,2.068288562420979,3.892972826445107,-2.7131136807984504,-4.023353648602202,0.23366444095524588,-2419.6820527608106,-0.1515963310808125,0.40112935,1019,0.130535,forward
582.0334048271179,2.058587176310908,3.8955599099466696,-3.380216696111476,-3.950456796253231,1.009228172407121,-2418.906489029359,-0.15154774097118495,0.40112935,1019,0.130376,backward
582.204095363617,2.0695820806214047,3.9148013461328643,-3.1323807361046074,-3.1649735723711308,1.1931072800213656,-2418.722609921744,-0.15153622069807926,0.40112935,1019,0.130217,backward
582.3595700263977,2.0813854347716982,3.898308686259272,-2.3593130783169953,-3.427628993499203,0.5820012674547448,-2419.3337159343105,-0.15157450731069463,0.401523,1020,0.130217,backward
582.5079040527344,2.0703905295029434,3.8916792847258623,-2.5375317838924163,-4.041024466357754,0.15955234232050003,-2419.7561648594447,-0.15160097430335026,0.401523,1020,0.130059,backward
582.6554117202759,2.056646899172004,3.9054231665686725,-3.4011367937191643,-3.821656932225072,1.257518814444261,-2418.6581983873207,-0.1515321852289205,0.401523,1020,0.130059,backward
582.7980377674103,2.061982661370596,3.909465485210327,-3.501657654866603,-3.2597039590661394,1.547535423107983,-2418.3681817786564,-0.15151401529879444,0.401523,1020,0.129902,still
582.9489057064056,2.0763730513764456,3.908333635969901,-2.7904933295582723,-3.071186121155412,0.9895792735806253,-2418.926137928184,-0.15154897200109166,0.40191665,1021,0.129902,still
583.0931780338287,2.0783133287976887,3.9005723844704248,-2.3283469167424165,-3.5091032403416005,0.5118275847784824,-2419.4038896169864,-0.15157890378618197,0.40191665,1021,0.129744,backward
583.245411157608,2.0635995590478893,3.8962066808352054,-2.900026631927792,-3.966525069246546,0.32564327262415316,-2419.5900739291405,-0.1515905684834488,0.40191665,1021,0.12959,backward
583.3888382911682,2.05551507085375,3.9042913173859097,-3.569165954746027,-3.757332675517796,1.7430412175852246,-2418.1726759841795,-0.15150176659813808,0.40191665,1021,0.12959,forward
583.5257997512817,2.0661865953716174,3.916741659284708,-3.3433600591993606,-3.0133596978879433,1.4364010321415868,-2418.4793161696225,-0.1515209780176806,0.40191665,1021,0.129434,forward
583.680585861206,2.0796068470940092,3.901380848132892,-2.543464737357726,-3.2225237171585275,0.7722367273431945,-2419.143480474421,-0.1515625888035801,0.4023103,1022,0.129434,forward
583.834335565567,2.076696430944717,3.893296211878203,-2.282499100811899,-3.8581762781257165,0.23167030186978188,-2419.684046899894,-0.1515964560163049,0.40270395,1023,0.129282,still
583.9782450199127,2.06311448974268,3.89717683717787,-2.9502028702999716,-3.9339406565242077,0.37429319025613694,-2419.5414240115074,-0.15158752050075527,0.40270395,1023,0.129282,backward
584.1177790164948,2.0584254865482756,3.910759027219168,-3.4680418002611724,-3.384960534598375,1.5678836325941339,-2418.3478335691693,-0.15151274045613533,0.40270395,1023,0.12913,backward
584.2698886394501,2.072492496617537,3.9159331954656618,-3.022543999254127,-2.9644891961363657,1.2034830500355629,-2418.7122341517274,-0.15153557064214943,0.40270395,1023,0.12913,backward
584.4226529598236,2.082355573514871,3.8973385299027976,-2.287830930467445,-3.406782776481696,0.5423154542969234,-2419.3734017474662,-0.15157699368020072,0.4030976,1024,0.12898,still
584.5997054576874,2.0666716646878083,3.8941046754666906,-2.6163155166250562,-4.029935621897452,0.09581919742860319,-2419.8198980043344,-0.1516049672704934,0.4030976,1024,0.12882,backward
584.7517778873444,2.0595573148907365,3.907525172236628,-3.377788046982432,-3.4598333480764287,1.4666746449503785,-2418.449042556813,-0.15151908133517009,0.4030976,1024,0.12882,backward
584.8930490016937,2.0720074272805027,3.9152864244163674,-3.086852902069898,-2.799957935013306,1.3017780866329876,-2418.61393911513,-0.15152941232606215,0.4030976,1024,0.128662,forward
585.0495321750641,2.078798398157356,3.9025126972741693,-2.4258372868745344,-3.2223023826042816,0.706658186038394,-2419.209059015725,-0.15156669738728762,0.40349125,1025,0.128503,still
585.2211194038391,2.0629527999746617,3.8931345191614906,-2.8641025787394705,-4.0283095271894815,0.0957920874617827,-2419.8199251143014,-0.15160496896896927,0.40349125,1025,0.128503,backward
585.3834037780762,2.0602040739478005,3.907525172236628,-3.420345685579378,-3.3983403174272167,1.562688842527309,-2418.353028359236,-0.1515130659167114,0.40349125,1025,0.128345,forward
585.543327331543,2.077504879868783,3.9105973344669085,-2.7885074454279466,-2.990472359873113,1.0391126062562406,-2418.876604595507,-0.15154586867125897,0.40349125,1025,0.128345,forward
585.6904871463776,2.0791217777314364,3.8968534517289997,-2.241723448812023,-3.510722434858312,0.43899038885815944,-2419.476726812906,-0.15158346713435203,0.4038849,1026,0.128186,backward
585.8500452041626,2.059719004654714,3.9036445464315768,-3.097935461237826,-3.752040650549108,0.7820940999637344,-2419.1336231018,-0.1515619712259435,0.4038849,1026,0.128027,backward
585.991587638855,2.0616592818374473,3.908495328717544,-3.505871434794656,-3.277542966978416,1.6996220315009278,-2418.216095170263,-0.15150448686847331,0.4038849,1026,0.128027,forward
586.1283383369446,2.0768581207291428,3.911244105477924,-2.8228101323520405,-2.9726534678742786,1.0732146435712764,-2418.8425025581932,-0.1515437321328103,0.4038849,1026,0.12787,forward
586.2913932800293,2.071360668167161,3.8960449881125783,-2.538582481407353,-3.7040675981693276,0.368629859895064,-2419.5470873418694,-0.15158787531601028,0.40427855,1027,0.12787,backward
586.4355931282043,2.059719004654714,3.9065550157675757,-3.3405263692265947,-3.596826637250191,1.45573876743189,-2418.4599784343327,-0.1515197664825874,0.40427855,1027,0.127712,still
586.5778231620789,2.073139255736288,3.9144779606121785,-3.039209785994058,-3.0157571831131,1.2363542350064918,-2418.6793629667573,-0.1515335112182536,0.40427855,1027,0.127712,still
586.7364733219147,2.0786367083706065,3.9029977754825116,-2.396066338713783,-3.332859903177895,0.6060830019016701,-2419.3096341998626,-0.1515729985576813,0.4046722,1028,0.127551,still
586.8803377151489,2.0618209716039253,3.8937812900303097,-2.9281995120027626,-3.9115023920299166,0.22490314061115663,-2419.6908140611536,-0.15159687998804847,0.4046722,1028,0.127402,still
587.0392773151398,2.058102107023588,3.9073634794909617,-3.5107575327874803,-3.463557017092259,1.8164524184371247,-2418.0992647833273,-0.1514971672877879,0.4046722,1028,0.127402,still
587.1804225444794,2.0666716646878083,3.913831189574769,-3.2211764679267363,-3.002666055593801,1.419192014387336,-2418.496525187377,-0.15152205618576062,0.4046722,1028,0.12725,still
587.3313930034637,2.0741093944202134,3.9141545750928137,-2.7505702869010062,-2.932883079839642,1.0417345892224565,-2418.8739826125416,-0.1515457044005039,0.40506585,1029,0.12725,still
587.4702217578888,2.0828406428890753,3.909788870710559,-2.282506667936788,-3.192826322442728,0.6319656836047833,-2419.2837515181586,-0.15157137697290313,0.40506585,1029,0.1271,forward
587.6225764751434,2.0792834675187666,3.90073407720226,-2.111827729144969,-3.577934208273198,0.311955240506481,-2419.603761961257,-0.15159142605704867,0.4054595,1030,0.1271,still
587.7608375549316,2.064246318124198,3.897823608079555,-2.8083410738578305,-3.951376461610402,0.044538698712521724,-2419.871178503051,-0.15160818006262555,0.4054595,1030,0.126948,backward
587.9156837463379,2.057778727499669,3.9073634794909617,-3.559265635400557,-3.6275413903355123,2.1370746440227646,-2417.77864255774,-0.15147707987464762,0.4054595,1030,0.12679,forward
588.0569262504578,2.06925870107014,3.9115674909854117,-3.267180493861761,-3.0660008676974417,1.489060789035267,-2418.4266564127274,-0.15151767881317074,0.4054595,1030,0.12679,forward
588.2117831707001,2.0799302266700264,3.895074831783719,-2.45716326787453,-3.444779392675263,0.5285570902370372,-2419.3871601115256,-0.1515778556601913,0.40585315,1031,0.12663,forward
588.3648619651794,2.062144351137459,3.9018659263343216,-2.8593716718812536,-3.7744890598087504,0.36894422557325485,-2419.546772976189,-0.1515878556205781,0.40585315,1031,0.12663,backward
588.5076358318329,2.058748866073732,3.9102739489633795,-3.5594343063519003,-3.3326792409428596,1.9282077193700784,-2417.987509482392,-0.151490165668058,0.40585315,1031,0.126475,forward
588.6458446979523,2.0757262922422246,3.9086570214655176,-2.902639908541155,-2.963698297212272,1.1619718890898791,-2418.753745312672,-0.15153817137214654,0.40585315,1031,0.126475,forward
588.8087508678436,2.0661865953716174,3.898308686259272,-2.715197077025642,-3.7642022321927335,0.2817614164689173,-2419.6339557852925,-0.1515933177406853,0.4062468,1032,0.126316,still
588.9717493057251,2.0592339353633577,3.909788870710559,-3.463601792872932,-3.42459527674675,1.8454473814506867,-2418.070269820311,-0.1514953507144046,0.4062468,1032,0.126157,still
589.121984243393,2.0797685368819208,3.9044530101253163,-2.7178827692530296,-3.214649224002065,0.8729378212195347,-2419.042779380542,-0.15155627974477195,0.4062468,1032,0.126157,still
589.2738196849823,2.0716840477234455,3.8937812900303097,-2.4931636599060063,-3.7690473048503526,0.18877796207651765,-2419.726939239685,-0.15159914327901217,0.40664045,1033,0.126,still
589.4293284416199,2.059072245599957,3.9080102504756034,-3.3468309233161664,-3.57476790483806,1.6871856535987835,-2418.2285315481627,-0.1515052660242551,0.40664045,1033,0.126,forward
589.5692720413208,2.0695820806214047,3.9154481171781956,-3.24127468902065,-2.9610545734449567,1.5021323002886802,-2418.4135849014724,-0.15151685986543104,0.40664045,1033,0.125842,still
589.7201721668243,2.0821938837238574,3.901380848132892,-2.347670869115355,-3.287631278361286,0.5769438177469496,-2419.3387733840145,-0.15157482416671253,0.4070341,1034,0.12569,backward
589.8684983253479,2.0690970112947977,3.8986320717140606,-2.6084944986328504,-3.8651745902380763,0.05948120497602577,-2419.8562359967855,-0.15160724389453506,0.4070341,1034,0.12569,backward
590.0132982730865,2.0561618298916007,3.904776395605118,-3.478899561360636,-3.6990678180571206,2.311108322484771,-2417.604608879277,-0.15146617643090407,0.4070341,1034,0.125532,forward
590.1662838459015,2.070875598834183,3.9160948882288107,-3.1875885857131996,-3.050237890210178,1.4488983797625066,-2418.466818821999,-0.1515201950420637,0.4070341,1034,0.125532,forward
590.3111689090729,2.080415296035506,3.9054231665686725,-2.3682057167297033,-3.0594564856988815,0.7364837947794108,-2419.179233406982,-0.1515648287728337,0.40742775,1035,0.125374,forward
590.4692325592041,2.0710372886116497,3.88941558676775,-2.472060353965002,-3.8842066873121754,0.004168933764763924,-2419.9115482679963,-0.15161070928263004,0.40742775,1035,0.125374,still
590.6169381141663,2.0600423841832463,3.9012191553997404,-3.2338109468779974,-3.793777735176841,1.1809040349582505,-2418.7348131668027,-0.15153698524777537,0.40742775,1035,0.125215,backward
590.7659838199615,2.068935321519648,3.9148013461328643,-3.1400516307616058,-3.0651739722842657,1.4105626980073402,-2418.5051545037536,-0.1515225968240238,0.40742775,1035,0.125215,still
590.9064266681671,2.08090036540273,3.9029977754825116,-2.4212083435805627,-3.1534779898901473,0.7056368939170102,-2419.2100803078442,-0.15156676137261085,0.4078214,1036,0.125056,still
591.0646371841431,2.076696430944717,3.8924877482979268,-2.2380513625984366,-3.8366346073610917,0.032710262140428485,-2419.883006939621,-0.15160892113006638,0.4078214,1036,0.125056,backward
591.2110779285431,2.0626294204392033,3.898793764441949,-2.991327494793238,-3.901765624087739,-0.12016278244145438,-2420.0358799842024,-0.1516184988316711,0.4078214,1036,0.124897,backward
591.3664691448212,2.0645696976635075,3.913831189574769,-3.294762621104341,-3.1415589182630184,1.6316441529557533,-2418.284073048805,-0.15150874577388193,0.4078214,1036,0.124739,forward
591.5012283325195,2.0779899492255454,3.9135078040580438,-2.7032774785527436,-2.9185396704610587,1.0453650876452008,-2418.8703521141156,-0.1515454769449005,0.4078214,1036,0.124739,backward
591.6436941623688,2.0810620551921923,3.8934579045952433,-2.126885462460503,-3.6017259321299435,0.22150047203751494,-2419.694216729723,-0.1515970931698053,0.40821505,1037,0.12458,backward
591.7938108444214,2.0666716646878083,3.898308686259272,-2.6068631708632783,-3.837768746008793,0.02181139849700548,-2419.8939058032634,-0.15160960395851455,0.40821505,1037,0.124429,backward
591.9361796379089,2.058748866073732,3.9029977754825116,-3.4432371308802323,-3.60363984756782,2.286702720202441,-2417.629014481558,-0.1514677054746722,0.40821505,1037,0.124429,forward
592.0836906433105,2.069420390845676,3.912861033028554,-3.176965754181859,-2.9597171986931974,1.5108972111591814,-2418.4048199906015,-0.15151631073199065,0.40821505,1037,0.124429,backward
592.239066362381,2.0813854347716982,3.9017042336001824,-2.3921449109036486,-3.241809939890973,0.6192316217428895,-2419.296485580018,-0.15157217477898488,0.4086087,1038,0.124277,backward
592.3693425655365,2.0755646024591528,3.8965300662814446,-2.313283411806572,-3.7376003036460266,0.10433280477355943,-2419.8113843969873,-0.15160443388155637,0.4086087,1038,0.124277,still
592.5215010643005,2.0582637967858357,3.9060699375374974,-3.1624347050576143,-3.732890798502383,1.1173472058388005,-2418.7983699959223,-0.15154096716849866,0.4086087,1038,0.124119,backward
592.6665775775909,2.0673184237787625,3.9115674909854117,-3.25892342532587,-3.174348139199423,1.6424258891279304,-2418.273291312633,-0.15150807028362712,0.4086087,1038,0.123967,forward
592.799693107605,2.0792834675187666,3.9073634794909617,-2.546784752805648,-3.0700833141835826,0.8481769270556759,-2419.0675402747056,-0.15155783104805381,0.40900235,1039,0.123967,forward
592.9510338306427,2.0796068470940092,3.8937812900303097,-2.164980140759929,-3.7433039638886294,0.06981223996612658,-2419.845904961795,-0.1516065966413147,0.40900235,1039,0.123818,backward
593.0988399982452,2.0640846283548315,3.8931345191614906,-2.813739762866552,-4.00029321093538,-0.4528870251606281,-2420.3686042269214,-0.15163934445244195,0.409396,1040,0.123818,backward
593.2769401073456,2.0635995590478893,3.9156098099403542,-3.3527269271547966,-3.163828330163477,1.8125994186460044,-2418.103117783115,-0.15149740868340053,0.409396,1040,0.123657,forward
593.4146595001221,2.0768581207291428,3.9110824127246757,-2.672312400767366,-2.9365447555581192,1.0333997317641537,-2418.8823174699965,-0.15154622659052008,0.40978965,1041,0.123657,forward
593.5668575763702,2.0773431900835826,3.902836082746068,-2.2904088329785415,-3.4834696317990197,0.3414166046042526,-2419.5743005971563,-0.1515895802630109,0.40978965,1041,0.123499,backward
593.7062861919403,2.062144351137459,3.8996022280863207,-2.97373928937078,-3.840918051309076,-0.1967136868617047,-2420.1124308886224,-0.15162329484866754,0.40978965,1041,0.12334,backward
593.8457179069519,2.058587176310908,3.905746552052426,-3.560275967759994,-3.3714374759420593,2.299913511726859,-2417.6158036900338,-0.1514668778008365,0.40978965,1041,0.12334,forward
593.9800710678101,2.0710372886116497,3.9086570214655176,-3.1351998428538317,-3.014200214837753,1.5115849315161276,-2418.4041322702446,-0.15151626764538645,0.40978965,1041,0.12319,forward
594.135434627533,2.074917843328801,3.9005723844704248,-2.6241588861912177,-3.435771564737832,0.5625995267484619,-2419.353117675012,-0.15157572285581286,0.4101833,1042,0.12319,forward
594.2764804363251,2.0592339353633577,3.894913139063393,-3.2513234222509415,-3.959637711046201,-1.9826073109382045,-2421.8983245126983,-0.15173518348329276,0.4101833,1042,0.12304,backward
594.417722940445,2.059395625126951,3.9152864244163674,-3.6667035866239863,-3.186130795622063,2.2557059325407582,-2423.943196576399,-0.15186329746505864,0.4101833,1042,0.12304,backward
594.5818688869476,2.0779899492255454,3.903321160956385,-2.821004326354772,-3.084695317349092,1.0912127307938824,-2425.1076897781454,-0.15193625452846785,0.41057695,1043,0.12288,backward
594.7239985466003,2.0768581207291428,3.901057462666918,-2.3258073035997673,-3.5518709745035415,0.25258127012217013,-2425.9463212388173,-0.15198879591605294,0.41057695,1043,0.122732,backward
594.8680148124695,2.0635995590478893,3.8966917590050576,-2.9007823684086596,-3.871586978277236,-0.3641232290265146,-2426.5630257379657,-0.15202743328137341,0.41057695,1043,0.122732,backward
595.0191783905029,2.062306040904515,3.904614702865053,-3.3405596521041456,-3.506305108230199,2.154045503585222,-2424.0448570053536,-0.151869666627498,0.41057695,1043,0.122573,backward
595.1579566001892,2.0648930772035876,3.9118908764942173,-3.2758375393041224,-3.099050223068885,1.7302252218299936,-2424.4686772871087,-0.15189621953748816,0.41057695,1043,0.122422,backward
595.3179609775543,2.070067149949749,3.916418273756099,-2.9715457128619964,-2.8104681228177437,1.365823395307131,-2424.8330791136314,-0.1519190498014383,0.41057695,1043,0.122422,backward
595.4670920372009,2.0728158761765263,3.916741659284708,-2.7657455554145915,-2.608603817329082,1.2330604107011094,-2424.9658420982373,-0.15192736758077077,0.4109706,1044,0.122422,backward
595.6190795898438,2.0770198105137623,3.922724291802345,-2.5015367869234426,-2.478477093166284,1.088255866113612,-2425.1106466428246,-0.1519364397800121,0.4109706,1044,0.122263,backward
595.7688398361206,2.0812237449818487,3.9149630388937013,-2.1689834688379857,-2.6525686534176947,0.8285478013907469,-2425.370354707547,-0.15195271083914527,0.41136425,1045,0.122104,backward
595.9052596092224,2.0828406428890753,3.904129624646832,-2.0204009741689437,-2.9753705640856514,0.5830080574983841,-2425.615894451439,-0.15196809423394547,0.41136425,1045,0.122104,backward
596.0447437763214,2.084295851022166,3.9054231665686725,-1.8670116458630595,-3.075175791397946,0.464393490573836,-2425.734509018364,-0.15197552559590397,0.4117579,1046,0.121956,backward
596.1966679096222,2.08558936937589,3.9141545750928137,-1.778532854412888,-3.0506901911386093,0.45287529726094417,-2425.746027211677,-0.15197624722618797,0.4117579,1046,0.121956,backward
596.3326280117035,2.0893082347121,3.903159468219284,-1.6197286185694981,-3.3224022363987125,0.2471140235871255,-2425.951788485351,-0.15198913844639267,0.4117579,1046,0.121797,backward
596.4887540340424,2.084457540815702,3.9017042336001824,-1.707325632351418,-3.6189570190175324,0.05441628150806994,-2426.1444862274298,-0.15200121121879406,0.4117579,1046,0.121797,backward
596.6254391670227,2.076534741160484,3.8953982172253574,-2.104975354978946,-3.838761138739491,-0.14748539626957224,-2426.346387905207,-0.15201386063013103,0.4117579,1046,0.121638,backward
596.7998042106628,2.0686119419699276,3.901542540866373,-2.727674673697615,-3.662315805947853,0.09571343013634002,-2426.1031890788013,-0.15199862389695604,0.4117579,1046,0.12148,backward
596.9333128929138,2.062144351137459,3.9025126972741693,-3.27094735606386,-3.4077640757037853,2.187130450508368,-2424.01177205843,-0.15186759381112863,0.4117579,1046,0.12148,backward
597.0724034309387,2.0647313874334516,3.9122142620043436,-3.2931543267340264,-3.000838704578057,1.8833877570011293,-2424.315514751938,-0.15188662369890907,0.4117579,1046,0.12132,backward
597.2199182510376,2.0716840477234455,3.9185202797156724,-2.8920382936465288,-2.540595812836796,1.414354840311113,-2424.7845476686275,-0.15191600924121418,0.4117579,1046,0.12132,backward
597.3660168647766,2.0812237449818487,3.9101122562121096,-2.2710283439047476,-2.6816229084284924,0.8911142325568582,-2425.307788276382,-0.15194879096818428,0.41215155,1047,0.12117,backward
597.5167994499207,2.0757262922422246,3.9073634794909617,-2.2335699343560513,-3.2227118746756456,0.48735933341328297,-2425.7115431755255,-0.15197408675499902,0.4125452,1048,0.12101,backward
597.6752288341522,2.0614975920711616,3.9102739489633795,-3.0922916954537825,-3.3142223500741608,1.6838757419438137,-2424.5150267669956,-0.15189912339466655,0.4125452,1048,0.12101,backward
597.8181209564209,2.0839724714356764,3.9135078040580438,-2.4577344981758276,-2.596262785188901,1.0566800140178298,-2425.1422224949215,-0.15193841804956332,0.4125452,1048,0.12101,backward
597.969952583313,2.0729775659563106,3.9012191553997404,-2.2590009199779937,-3.39006948961116,0.310868822149493,-2425.8880336867896,-0.15198514412261793,0.41293885,1049,0.120862,backward
598.1086702346802,2.0671567340057346,3.9175501231120102,-2.964160342483356,-3.0809582425428927,1.4364264183475906,-2424.762476090592,-0.15191462642720044,0.41293885,1049,0.120703,still
598.2668876647949,2.0880147163226264,3.908333635969901,-2.128758863676408,-2.8687057794447557,0.699048851025383,-2425.499853657914,-0.15196082412234796,0.4133325,1050,0.120703,forward
598.4108242988586,2.0792834675187666,3.9005723844704248,-2.01361829993817,-3.5327292612764576,0.09285775315356355,-2426.106044755786,-0.1519988028089553,0.4133325,1050,0.120544,still
598.5522603988647,2.0687736317446914,3.9149630388937013,-2.686330581107089,-3.1435300548568876,0.9667361896765309,-2425.232166319264,-0.15194405315098422,0.4133325,1050,0.120544,backward
598.6961069107056,2.0839724714356764,3.9206222857310795,-2.2597387276942316,-2.5369547770366467,0.9611260720171206,-2425.237776436923,-0.15194440463239192,0.4133325,1050,0.120393,backward
598.8411269187927,2.0902783735123722,3.9104356417149795,-1.5373412285910868,-2.843915654293285,0.4804765264891743,-2425.7184259824508,-0.1519745179720989,0.41372615,1051,0.120242,backward
598.9773163795471,2.0758879820254896,3.9049380883455127,-1.9895723493416226,-3.3444181315055115,0.2530274626115534,-2425.945875046328,-0.15198876796149408,0.41372615,1051,0.120242,backward
599.1150608062744,2.0637612488166774,3.9036445464315768,-2.880849895807271,-3.3823198850803062,1.1321226672440112,-2425.0667798416957,-0.15193369146599298,0.41372615,1051,0.120083,still
599.2500250339508,2.0705522192798305,3.9224009062492833,-2.9342628112284093,-2.7044572107596285,1.5158740296391469,-2424.6830284793004,-0.15190964892762723,0.41372615,1051,0.120083,forward
599.3882989883423,2.0831640224728485,3.9160948882288107,-2.2197547527320096,-2.4472165151191394,0.9819414369488991,-2425.2169610719907,-0.15194310052181662,0.4141198,1052,0.119934,forward
599.547171831131,2.089631614311412,3.9076868649826233,-1.6367409931328236,-2.9172139769002774,0.4584716609596852,-2425.7404308479795,-0.15197589660648445,0.41451345,1053,0.119934,still
599.6971623897552,2.0716840477234455,3.9068784012559417,-2.2219281357767082,-3.3720486185743486,0.2644646674010325,-2425.934437841538,-0.15198805140524982,0.41451345,1053,0.119775,still
599.8515455722809,2.0671567340057346,3.9146396533723564,-2.8903189274657812,-3.0517302930295256,1.4494710869664387,-2424.749431421972,-0.15191380916118788,0.41451345,1053,0.119775,forward
600.0084517002106,2.0786367083706065,3.9214307495980307,-2.5026078039859323,-2.4642536298918936,1.1821186010921878,-2425.0167839078463,-0.15193055915357537,0.41451345,1053,0.119617,forward
600.1490888595581,2.0884997857172207,3.914316267852331,-1.8970957095880285,-2.5842698502098753,0.744737633009077,-2425.4541648759296,-0.1519579616587807,0.4149071,1054,0.119617,forward
600.2910692691803,2.0830023326808647,3.9065550157675757,-1.8516082868137267,-3.1571259125020963,0.34272151095421627,-2425.856180997985,-0.15198314850887507,0.41530075,1055,0.119458,forward
600.4321715831757,2.067965182872802,3.904129624646832,-2.6326271508411114,-3.4234402717594503,0.380394763434309,-2425.818507745505,-0.1519807882289989,0.41530075,1055,0.119307,backward
600.5736110210419,2.0653781465151537,3.9130227257854315,-3.0841045112018177,-2.979595803568073,1.848806589557616,-2424.350095919382,-0.15188879025550403,0.41530075,1055,0.119307,still
600.7092764377594,2.0783133287976887,3.9236944484694694,-2.6112938628146036,-2.2750165338511756,1.3255586636584487,-2424.8733438452814,-0.15192157244096574,0.41530075,1055,0.119148,still
600.8496091365814,2.0880147163226264,3.9201372074148746,-1.897290176979186,-2.4460197034539406,0.8091205476513496,-2425.389781961288,-0.15195392798268972,0.4156944,1056,0.119148,still
600.991851568222,2.0825172633060784,3.9089804069624523,-1.8220338255596007,-3.065708091276359,0.38870957802968414,-2425.81019293091,-0.15198026729469483,0.41608805,1057,0.11899,still
601.1288940906525,2.07071390905691,3.908333635969901,-2.507729680444085,-3.270399626621949,0.5438530189777899,-2425.6550494899625,-0.1519705473497078,0.41608805,1057,0.11899,backward
601.2674989700317,2.0728158761765263,3.916256580992289,-2.7512049364787585,-2.769479013083765,1.3738083589744923,-2424.8250941499655,-0.15191854953273803,0.41608805,1057,0.11884,still
601.4215717315674,2.087367957132555,3.9117291837396495,-2.0912599662717173,-2.577545013134937,0.8513365350493919,-2425.34756597389,-0.15195128309436848,0.4164817,1058,0.11884,forward
601.5749027729034,2.087044577538686,3.8992788426275853,-1.661504755302959,-3.1716447399058127,0.25189581004443123,-2425.947006698895,-0.1519888388610476,0.4164817,1058,0.11869,backward
601.7182562351227,2.0702288397262496,3.9054231665686725,-2.3773069032421867,-3.270023388740447,0.40609956786677975,-2425.792802941073,-0.15197917778847075,0.4164817,1058,0.11853,backward
601.8808114528656,2.071198978389309,3.9211073640502585,-2.801866657916918,-2.6935648962553245,1.4827875177120609,-2424.716114991228,-0.1519117218420462,0.4164817,1058,0.11853,forward
602.0313773155212,2.087853026524817,3.9175501231120102,-2.1307169086063933,-2.299273286562828,1.00839576840454,-2425.190506740536,-0.1519414431224136,0.4164817,1058,0.118372,still
602.1786108016968,2.0860744387617403,3.9025126972741693,-1.6826167278489255,-3.0687688322684243,0.32215862253464456,-2425.8767438864056,-0.15198443680145773,0.41687535,1059,0.118213,backward
602.325606584549,2.0703905295029434,3.9029977754825116,-2.378308043263463,-3.3306157138473824,0.26592742215071535,-2425.9329750867896,-0.15198795976169988,0.41687535,1059,0.118213,backward
602.4851727485657,2.074432773983068,3.9181968941797973,-2.6854569653343936,-2.6883572983908164,1.3636113090114672,-2424.835291199928,-0.1519191883916164,0.41687535,1059,0.118054,forward
602.6264939308167,2.0880147163226264,3.9188436652528695,-1.9308368867125825,-2.449427192795408,0.8299750092738182,-2425.3689274996655,-0.15195262142265425,0.417269,1060,0.118054,still
602.7859690189362,2.0779899492255454,3.8973385299027976,-1.9615229408646793,-3.2703699726786213,0.19228227298556683,-2426.0066202359535,-0.15199257372922606,0.417269,1060,0.117896,backward
602.935569524765,2.0665099749155518,3.9091420997114144,-2.8691159703342666,-2.9858219851710475,1.6634689020126427,-2424.5354336069267,-0.15190040191060172,0.417269,1060,0.117896,forward
603.0873589515686,2.087044577538686,3.917388430345889,-2.2924448244284634,-2.31693726687206,1.1225679219644888,-2425.0763345869746,-0.15193429008362003,0.417269,1060,0.117744,forward
603.2322797775269,2.0906017531140195,3.903321160956385,-1.5162816097698406,-2.8742616987770924,0.39631755507334426,-2425.8025849538653,-0.15197979064471281,0.41766265,1061,0.117588,forward
603.3835587501526,2.0729775659563106,3.9025126972741693,-2.263271005344249,-3.6460634217555796,-0.397831368669343,-2426.596733877608,-0.15202954514160377,0.41766265,1061,0.117588,backward
603.542715549469,2.0783133287976887,3.922077520697543,-2.453171688045786,-2.6433960012121314,1.1446941979582956,-2425.0542083109804,-0.1519329038427057,0.41766265,1061,0.117437,still
603.6891505718231,2.0939972389783224,3.917873508645243,-1.621898311312719,-2.358723534432257,0.7276001004994954,-2425.4713024084394,-0.15195903534821412,0.4180563,1062,0.117437,still
603.8923411369324,2.093835549173313,3.9109207199717573,-1.2426913714054104,-2.848164745500475,0.34238293509820206,-2425.8565195738406,-0.15198316972110726,0.4180563,1062,0.117288,still
604.0488612651825,2.0849426101974746,3.9049380883455127,-1.5933206780726945,-3.2128204256427697,0.15249948507831224,-2426.0464030238604,-0.15199506617433056,0.41844995,1063,0.117126,still
604.2388479709625,2.07071390905691,3.906716708511594,-2.4063321131174678,-3.261242543975998,0.3525891043835355,-2425.8463134045546,-0.15198253029089104,0.41844995,1063,0.117126,backward
604.4326276779175,2.077504879868783,3.9262815329733534,-2.5312712616039135,-2.355711520378774,1.3538526586228978,-2424.8450498503153,-0.15191979978417242,0.41844995,1063,0.116968,still
604.6110887527466,2.0914102021215424,3.92126905682398,-1.7451328693351658,-2.2915726403879244,0.8217934643593436,-2425.377109044579,-0.15195313400743377,0.4188436,1064,0.11682,still
604.7518465518951,2.0880147163226264,3.904614702865053,-1.5348819116498655,-2.9524676048315834,0.33119709449808377,-2425.8677054144396,-0.15198387052904724,0.4188436,1064,0.11682,still
604.8990919589996,2.0703905295029434,3.9188436652528695,-2.344325069722329,-2.8550375099121155,0.9194689174059448,-2425.2794335915314,-0.1519470145090882,0.4188436,1064,0.116667,forward
605.0323987007141,2.074432773983068,3.924179526807496,-2.6231135083607113,-2.3320761955820903,1.4663045095881575,-2424.732597999349,-0.1519127545246474,0.4188436,1064,0.11651,still
605.1715512275696,2.088823165314589,3.921754135147126,-1.807705324010435,-2.2867060450124677,0.8562621594915275,-2425.3426403494454,-0.15195097449738018,0.41923725,1065,0.11651,still
605.3111763000488,2.0734626352968233,3.9118908764942173,-2.0103909910545923,-2.931120485360773,0.5234795070921852,-2425.6754230018446,-0.15197182377759594,0.41923725,1065,0.11635,still
605.4660444259644,2.073300945516459,3.9288686175619603,-2.7248833496625586,-2.4545178295376715,1.583978182901107,-2424.6149243260356,-0.15190538211093763,0.41923725,1065,0.11635,forward
605.6005091667175,2.0886614755158073,3.92046059295868,-1.9497294216658947,-2.0915780745557147,1.0171154845373733,-2425.181787024399,-0.151940896820484,0.4196309,1066,0.116191,backward
605.7385623455048,2.0805769858243868,3.9117291837396495,-1.8064118723172464,-2.8211636643056877,0.5034732204538527,-2425.695429288482,-0.1519730771983292,0.4196309,1066,0.116191,backward
605.886533498764,2.0669950442328995,3.9211073640502585,-2.758308044120201,-2.639358888369182,1.6630953667010084,-2424.535807142235,-0.1519004253130906,0.4196309,1066,0.116191,forward
606.0166158676147,2.083487402057397,3.9262815329733534,-2.348892385527473,-2.104213070567294,1.2885440075479653,-2424.9103585013886,-0.1519238914588944,0.4196309,1066,0.116033,forward
606.1609213352203,2.091571891923631,3.912861033028554,-1.515584506858929,-2.4294562826901887,0.6330610762585854,-2425.565841432678,-0.15196495834508147,0.42002455,1067,0.115874,backward
606.3117487430573,2.0762113615926,3.912861033028554,-1.924966101135095,-2.858957797541075,0.5145725858581336,-2425.684329923078,-0.15197238180817632,0.42002455,1067,0.115874,backward
606.4622712135315,2.074756153546697,3.9274133824704416,-2.5275840329622326,-2.499197152337763,1.3861771824857452,-2424.8127253264506,-0.1519177746093292,0.42002455,1067,0.115715,forward
606.6054694652557,2.089469924511659,3.922562599025649,-1.8283157107079389,-2.043517464524302,0.9694270770520814,-2425.229475431884,-0.1519438845632751,0.4204182,1068,0.115557,backward
606.7559885978699,2.0899549939115034,3.9122142620043436,-1.4298972187459753,-2.5337773942875113,0.5330965196491658,-2425.665805989287,-0.15197122125884022,0.4204182,1068,0.115557,backward
606.9134240150452,2.0716840477234455,3.9157715027028432,-2.307694488832812,-2.8787335421995537,0.8315356585699378,-2425.3673668503666,-0.1519525236458792,0.4204182,1068,0.115398,forward
607.0512752532959,2.0729775659563106,3.924502912367835,-2.704422903017898,-2.372958770213617,1.633790126918034,-2424.565112382019,-0.15190226132573018,0.4204182,1068,0.115398,forward
607.2255980968475,2.0899549939115034,3.917873508645243,-1.93062259131918,-2.1787709727997893,0.9758613641864504,-2425.2230411447504,-0.15194348144654268,0.42081185,1069,0.11525,still
607.3665511608124,2.0920569613310644,3.91835858694757,-1.3790063594834154,-2.6208202123630002,0.4504718813984347,-2425.748430627538,-0.15197639780342026,0.42081185,1069,0.115098,backward
607.5114183425903,2.076696430944717,3.917388430345889,-2.073634839244222,-2.917950197713726,0.5079635090706555,-2425.690938999866,-0.15197279587571538,0.42081185,1069,0.115098,still
607.6499652862549,2.0758879820254896,3.9235327556907884,-2.479136506823001,-2.4104066059201785,1.3941725630700157,-2424.8047299458667,-0.15191727368799504,0.42081185,1069,0.114941,forward
607.7890894412994,2.088338095918828,3.9259581474057357,-1.8993184840381685,-1.923444133596873,1.0601433459788365,-2425.138759162958,-0.15193820106716335,0.42081185,1069,0.114941,forward
607.9591362476349,2.0952907574254125,3.9120525692491155,-1.2230250967115994,-2.3982889914044545,0.5235917227029211,-2425.6753107862346,-0.15197181674713722,0.4212055,1070,0.11478,backward
608.1009268760681,2.0813854347716982,3.9135078040580438,-1.6363082056122782,-2.84394905986087,0.3488289866369312,-2425.8500735223,-0.15198276586731893,0.4212055,1070,0.11478,backward
608.2587425708771,2.0750795331110994,3.922724291802345,-2.36593179013214,-2.405087410532396,1.2909904592196209,-2424.9079120497177,-0.1519237381854108,0.4212055,1070,0.114624,forward
608.4000000953674,2.087206267335523,3.9319407806210394,-2.0347817430236,-1.8113309662136954,1.1859559998366982,-2425.0129465091,-0.15193031873538893,0.4212055,1070,0.114624,forward
608.5471665859222,2.095614137039134,3.9233710629124383,-1.2954271489663098,-2.0889064863874958,0.6981117968124613,-2425.500790712124,-0.151960882830053,0.42159915,1071,0.114473,backward
608.6849446296692,2.0902783735123722,3.91835858694757,-1.3039890563171186,-2.462773580285729,0.5035320368132234,-2425.6953704721227,-0.15197307351340528,0.42159915,1071,0.114321,backward
608.8281927108765,2.074594463764786,3.909627177960278,-2.1904603928294457,-2.8348148383461313,0.7146921229019109,-2425.4842103860337,-0.1519598440503503,0.42159915,1071,0.114321,still
608.9885423183441,2.0799302266700264,3.9300004670961295,-2.3443304120029667,-1.9313561454700499,1.3985934706809926,-2424.800309038255,-0.15191699671219436,0.42159915,1071,0.114163,still
609.1309185028076,2.0951290676188443,3.9222392134732473,-1.4789263825973127,-1.966112125459437,0.8285719332904411,-2425.3703305756453,-0.15195270932724922,0.4219928,1072,0.114163,still
609.2761752605438,2.09254203074025,3.911244105477924,-1.178233145009141,-2.6740067789469637,0.32057294328546504,-2425.8783295656503,-0.1519845361463925,0.4219928,1072,0.114004,still
609.4134564399719,2.0755646024591528,3.9109207199717573,-1.952408891901052,-2.8290934123596534,0.4721767550734899,-2425.726725753863,-0.15197503796392733,0.4219928,1072,0.114004,backward
609.5950846672058,2.0799302266700264,3.9251496834924824,-2.3501292405367242,-2.0815852917682394,1.4049618335684675,-2424.793940675368,-0.15191659772570457,0.4219928,1072,0.113845,still
609.7314751148224,2.0943206185889256,3.9291920031414955,-1.6324192912872917,-1.8581577756679128,0.9525065312844048,-2425.2463959776524,-0.15194494465819763,0.42238645,1073,0.113696,still
609.8741633892059,2.093835549173313,3.9141545750928137,-1.1324815445830168,-2.311459986473202,0.5173603654996148,-2425.681542143437,-0.15197220715003684,0.42238645,1073,0.113696,still
610.0177545547485,2.0763730513764456,3.9135078040580438,-1.8792490443178718,-2.8078426541478794,0.4279467856322847,-2425.7709557233047,-0.1519778090309291,0.42238645,1073,0.113538,backward
610.1554653644562,2.0779899492255454,3.924017834027823,-2.334036507609012,-2.2554111143465625,1.3816425138498982,-2424.8172599950867,-0.1519180587124109,0.42238645,1073,0.113538,forward
610.3162393569946,2.09448230839452,3.9300004670961295,-1.6406801679390872,-1.7324909103743622,1.0061963865626937,-2425.1927061223737,-0.15194158091664026,0.42238645,1073,0.113538,forward
610.4700639247894,2.0977161045473354,3.917388430345889,-1.0140932034077572,-2.345620610000048,0.4551101316598316,-2425.7437923772763,-0.15197610721081062,0.4227801,1074,0.11338,backward
610.6451308727264,2.079445157306291,3.9159331954656618,-1.6718981471335854,-2.579518689239332,0.5419927574601437,-2425.6569097514757,-0.1519706638975906,0.4227801,1074,0.11322,backward
610.7876553535461,2.0854276795809947,3.9275750752570633,-1.9235328286962903,-2.028068817642667,1.088024744200763,-2425.1108777647346,-0.15193645426011024,0.4227801,1074,0.11322,still
610.9438042640686,2.0980394841669074,3.9188436652528695,-1.2289913363680003,-2.0556207942183033,0.6773201285747943,-2425.5215823803605,-0.15196218545599846,0.42317375,1075,0.113062,forward
611.0908994674683,2.0868828877420422,3.913346111300177,-1.3883931179353401,-2.7243199160471034,0.284725410221798,-2425.9141770987135,-0.15198678204249463,0.42317375,1075,0.112903,still
611.2328627109528,2.076696430944717,3.9266049185422953,-2.1830280898921335,-2.199065279724907,1.2785437654737195,-2424.9203587434613,-0.15192451798749407,0.42317375,1075,0.112903,still
611.4111008644104,2.0952907574254125,3.9275750752570633,-1.5705060029014053,-1.761483239993108,0.9712346291205894,-2425.2276678798144,-0.15194377131770975,0.42317375,1075,0.112751,still
611.5541598796844,2.0999797619007343,3.9170650448146374,-0.9463921094074543,-2.094728115117591,0.5541154081287968,-2425.6447871008063,-0.1519699043972412,0.4235674,1076,0.112751,still
611.7115042209625,2.0967459656933003,3.919005358021964,-0.9134801853517142,-2.3565082059439204,0.40640643958272954,-2425.7924960693526,-0.1519791585625452,0.4235674,1076,0.112593,still
611.8649582862854,2.0935121695638785,3.9102739489633795,-1.143090998230774,-2.7632514340756655,0.18215781619172614,-2426.0167446927435,-0.15199320804004463,0.4235674,1076,0.112437,backward
612.0041615962982,2.0884997857172207,3.9156098099403542,-1.4381531584447274,-2.714082372348194,0.28573673091055374,-2425.9131657780244,-0.15198671868189492,0.4235674,1076,0.112437,backward
612.1381359100342,2.0839724714356764,3.9222392134732473,-1.6948886882326948,-2.405935257531342,0.7114691623659225,-2425.487433346569,-0.15196004597315738,0.4235674,1076,0.112278,still
612.2880735397339,2.0797685368819208,3.9253113762744714,-2.028314146358594,-2.227360249347163,1.1533001122387252,-2425.045602396696,-0.15193236467061505,0.4235674,1076,0.112278,forward
612.4610509872437,2.0792834675187666,3.922724291802345,-2.1735729427805164,-2.0479158424410104,1.372101392838685,-2424.8268011160953,-0.15191865647645914,0.4235674,1076,0.112278,forward
612.6093888282776,2.0807386756134614,3.918681972484106,-2.1066984534796265,-2.1722122414589435,1.2634830247546454,-2424.9354194841794,-0.15192546156313189,0.4235674,1076,0.11196,still
612.7793624401093,2.084780920403356,3.9275750752570633,-1.9546174358696284,-1.8669384270444604,1.2180707655133471,-2424.980831743421,-0.15192830670217783,0.4235674,1076,0.11196,forward
612.9383523464203,2.0854276795809947,3.9335577085949134,-1.8103865886384347,-1.626320544781386,1.1815411209182753,-2425.017361388016,-0.15193059533348377,0.4235674,1076,0.111802,forward
613.0897541046143,2.0904400633130984,3.9333960157960344,-1.552103181685116,-1.5220245728387596,1.0583012191533119,-2425.140601289781,-0.15193831647888342,0.42396105,1077,0.111802,forward
613.224916934967,2.0948056880062924,3.9243412195875003,-1.2313329707040968,-1.6534642549544663,0.8521956928822036,-2425.346706816052,-0.15195122926697577,0.42396105,1077,0.11165,backward
613.3611357212067,2.1017583498481103,3.9285452319837493,-0.8479521051821415,-1.6422468143979068,0.7070495558298099,-2425.491852953104,-0.15196032286744388,0.4243547,1078,0.111492,backward
613.5032498836517,2.103213558186276,3.92725168968415,-0.5954203139351145,-1.9896523998569264,0.48484776600857077,-2425.7140547429253,-0.15197424410807053,0.42474835,1079,0.111492,still
613.6693742275238,2.0996563822764776,3.91835858694757,-0.6733989635553185,-2.4809638582709805,0.24490915267136443,-2425.9539933562623,-0.15198927658451716,0.42474835,1079,0.111492,still
613.8183171749115,2.088823165314589,3.916256580992289,-1.2292463380219427,-2.5749631180583394,0.28484890966337295,-2425.91405359927,-0.15198677430508864,0.42474835,1079,0.11134,backward
613.9552161693573,2.0812237449818487,3.9206222857310795,-1.8443893019737816,-2.283012844566419,0.952276767571718,-2425.246625741362,-0.1519449590532027,0.42474835,1079,0.111191,still
614.111095905304,2.089631614311412,3.9374383358674816,-1.757395075555498,-1.5117253288079122,1.213851934991953,-2424.9850505739423,-0.15192857101757737,0.42474835,1079,0.111191,forward
614.2622215747833,2.1022434192924067,3.916256580992289,-0.9319568598646591,-1.9187447501790509,0.6157156588437313,-2425.5831868500904,-0.15196604505878328,0.425142,1080,0.111033,still
614.3998169898987,2.084295851022166,3.916903352049508,-1.3133600293068068,-2.474375500413421,0.3825810117610898,-2425.816321497173,-0.151980651257604,0.425142,1080,0.111033,backward
614.5733535289764,2.0935121695638785,3.9319407806210394,-1.5893405271891616,-1.7694047536539883,1.0282840568551042,-2425.170618452079,-0.15194019709442488,0.425142,1080,0.110881,still
614.7177088260651,2.100464831338584,3.917226737580098,-0.8626652327083812,-1.9983413332688122,0.547959801999454,-2425.6509427069345,-0.15197029005423426,0.42553565,1081,0.110732,forward
614.8664844036102,2.0807386756134614,3.9261198401893793,-1.6724933414832241,-2.2903257637053187,0.7782828338459796,-2425.4206196750874,-0.15195586000688505,0.42553565,1081,0.110732,backward
615.0145194530487,2.0951290676188443,3.929515388722356,-1.515202208956177,-1.6511773348536245,1.033030484183666,-2425.1658720247497,-0.1519398997243766,0.42553565,1081,0.11058,still
615.1515550613403,2.104668766540278,3.924017834027823,-0.6713461580730196,-1.939215192828827,0.5158009147754564,-2425.6831015941584,-0.15197230485171942,0.4259293,1082,0.11058,still
615.3035643100739,2.0897933041113608,3.9207839785038083,-1.0668624596843437,-2.1910092743752285,0.49784929980684123,-2425.7010532091267,-0.15197342954451246,0.4259293,1082,0.110422,still
615.4528782367706,2.079445157306291,3.92983877430454,-1.903622787738247,-2.004390200616796,1.2371061456105161,-2424.961796363323,-0.15192711411004356,0.4259293,1082,0.11027,forward
615.5906867980957,2.092865410347347,3.9337194013941237,-1.5772983015781146,-1.38965315547841,1.1660242776166267,-2425.032878231317,-0.15193156748456108,0.4259293,1082,0.11027,forward
615.7277140617371,2.1024051091075626,3.924017834027823,-0.879555707073526,-1.6654063532553187,0.7094737358136012,-2425.48942877312,-0.15196017098931136,0.42632295,1083,0.11027,still
615.868221282959,2.0962608962689164,3.9180352014123545,-0.8250461036088524,-2.2093950821364308,0.3936914643328954,-2425.8052110446006,-0.15197995517282514,0.4267166,1084,0.110115,backward
616.0070037841797,2.084457540815702,3.9148013461328643,-1.5599925051221777,-2.455701602856286,0.47838353154379337,-2425.7205189773895,-0.1519746491010434,0.4267166,1084,0.109963,backward
616.1546194553375,2.0802536062468193,3.930970623852621,-2.066057103383438,-1.7401532870491188,1.499937558203645,-2424.69896495073,-0.15191064736897053,0.4267166,1084,0.109963,still
616.2993085384369,2.0931887899552235,3.9333960157960344,-1.6515655560991906,-1.4654800991234946,1.2071339953967886,-2424.991768513537,-0.1519289919055175,0.4267166,1084,0.109807,still
616.4449601173401,2.1028901785542042,3.9151247316548696,-0.9052907640039997,-1.960902182295007,0.5593440284149379,-2425.639558480519,-0.15196957681715637,0.42711025,1085,0.109648,backward
616.5984363555908,2.0943206185889256,3.924502912367835,-0.9607465770879562,-2.0381204053714597,0.5329087461023503,-2425.6659937628315,-0.151971233023105,0.4275039,1086,0.109648,backward
616.7499105930328,2.083325712265026,3.922885984579372,-1.6786277112095775,-2.0727707330031886,0.9812779261515064,-2425.2176245827827,-0.15194314209165907,0.4275039,1086,0.109497,still
616.9096422195435,2.0859127489662623,3.9406721920739303,-1.9240638669387093,-1.464628915247426,1.4262604684416065,-2424.772642040493,-0.15191526333761815,0.4275039,1086,0.109497,forward
617.06427693367,2.1017583498481103,3.933072630199271,-1.1044575835096833,-1.3382013766817622,0.9366684297910044,-2425.2622340791436,-0.15194593693653216,0.42789755,1087,0.109336,forward
617.2180771827698,2.1049921461766523,3.9206222857310795,-0.5392392397595956,-1.945000457198775,0.44338634230288837,-2425.755516166632,-0.15197684172196288,0.42789755,1087,0.109336,forward
617.4039025306702,2.087044577538686,3.9219158279221693,-1.2219971028572574,-2.1855002436541766,0.5211749593280482,-2425.6777275496065,-0.15197196816060904,0.42789755,1087,0.109177,still
617.5428740978241,2.084619230609432,3.93582140781403,-1.7828974163701807,-1.7453334755846925,1.2714462223164513,-2424.9274562866185,-0.15192496265810734,0.42789755,1087,0.109019,still
617.6816971302032,2.095614137039134,3.9333960157960344,-1.3844332664846917,-1.378437121465626,1.0822795589800296,-2425.116622949955,-0.15193681420368207,0.42789755,1087,0.109019,still
617.8333606719971,2.105800595271012,3.919005358021964,-0.6358105038273179,-1.7934747417230077,0.5406684188997983,-2425.658234090035,-0.15197074686918036,0.4282912,1088,0.109019,still
617.9845476150513,2.09723103511944,3.9219158279221693,-0.7186597393427853,-2.0870273230700573,0.3951471056031792,-2425.8037554033313,-0.15197986397494417,0.42868485,1089,0.10871,still
618.1199977397919,2.0820321939330375,3.9322641662131628,-1.645787771454772,-1.9015237612117741,1.0871568677544479,-2425.11174564118,-0.15193650863373537,0.42868485,1089,0.10871,still
618.2774896621704,2.095937516653635,3.9376000286746513,-1.45067996055854,-1.3348013292399987,1.1508085158943107,-2425.04809399304,-0.1519325207724731,0.42868485,1089,0.10871,forward
618.425449848175,2.1091960815207655,3.924502912367835,-0.48756515010353785,-1.6149517338621175,0.5772309178947166,-2425.6216715910396,-0.15196845617950216,0.4290785,1090,0.108552,still
618.5609893798828,2.098524553597729,3.9194904363312286,-0.5928278378708737,-2.1173730504122794,0.33188621586311917,-2425.867016293071,-0.15198382735466778,0.4290785,1090,0.108394,backward
618.7153518199921,2.084619230609432,3.9333960157960344,-1.4974000096812177,-1.856963752658313,0.9840393671697955,-2425.2148631417645,-0.1519429690836697,0.4290785,1090,0.108394,forward
618.8566677570343,2.0964225860768493,3.93549802220732,-1.4207010994277582,-1.2782041837011306,1.1632362517604977,-2425.0356662571735,-0.15193174215812627,0.4290785,1090,0.108242,forward
619.0103731155396,2.10887270187421,3.928060153618916,-0.53083866795729,-1.6258104678889789,0.5813642324729218,-2425.6175382764613,-0.15196819722179133,0.42947215,1091,0.108242,backward
619.1560945510864,2.096099206461178,3.91835858694757,-0.6209660655163559,-1.9946227782302877,0.4039032175006461,-2425.7949992914337,-0.1519793153927713,0.42947215,1091,0.108086,backward
619.3240320682526,2.084457540815702,3.932102473416935,-1.5707852798884079,-1.6407982958941387,1.1774534437314574,-2425.0214490652024,-0.15193085143195065,0.42947215,1091,0.108086,forward
619.4887557029724,2.1020817294774456,3.9390552639541108,-1.0554784734942626,-0.9879580776582438,1.0514498788684867,-2425.147452630066,-0.15193874572455598,0.42947215,1091,0.107935,forward
619.6337714195251,2.1059622850904707,3.923209370134419,-0.4727060938895744,-1.7196978531269005,0.5087191226610512,-2425.690183386273,-0.1519727485355087,0.4298658,1092,0.107783,still
619.7782447338104,2.0922186511339316,3.922724291802345,-0.924348434674044,-2.060450601134414,0.43971402696302836,-2425.7591884819703,-0.15197707179745204,0.4298658,1092,0.107783,backward
619.9264874458313,2.0854276795809947,3.936144793422067,-1.5868316333494055,-1.36773136751034,1.293272749777611,-2424.905629759156,-0.1519235951968412,0.4298658,1092,0.107625,still
620.0724620819092,2.105315525813809,3.9303238526803015,-0.8691321604520906,-1.3443851104103834,0.8413095013468768,-2425.3575930075867,-0.15195191130149935,0.4298658,1092,0.107625,still
620.2327563762665,2.1012732804055725,3.9262815329733534,-0.5736788173488323,-1.830167530577213,0.46830358363195,-2425.7305989253014,-0.151975280623321,0.43025945,1093,0.107468,still
620.3751635551453,2.088338095918828,3.930485545472884,-1.2151863722304894,-1.8256990327977647,0.7827326330051848,-2425.4161698759276,-0.15195558122099004,0.43025945,1093,0.107468,still
620.510027885437,2.084457540815702,3.939702035198055,-1.6622324251707103,-1.5107891185476612,1.3492589412529292,-2424.8496435676802,-0.1519200875867363,0.43025945,1093,0.107307,still
620.6588122844696,2.0884997857172207,3.9400254208220193,-1.6966033287562823,-1.086555711985429,1.4391110101281674,-2424.759791498805,-0.15191445823391866,0.43025945,1093,0.10715,forward
620.8201680183411,2.0986862434083933,3.9382467999066484,-1.1510421387534429,-1.0719507028023603,1.0896357858973418,-2425.1092667230355,-0.15193635332618358,0.4306531,1094,0.10715,forward
620.9871757030487,2.109519461168104,3.9300004670961295,-0.3894983199225324,-1.4128391384247923,0.6120936401281512,-2425.5868088688053,-0.1519662719831214,0.4306531,1094,0.107,still
621.1296563148499,2.1030518683701422,3.924179526807496,-0.39571525418113945,-1.8080187483818575,0.4102888997947833,-2425.7886136091383,-0.15197891532119728,0.43104675,1095,0.107,backward
621.2822644710541,2.089631614311412,3.9282218464068634,-1.0946626391880832,-1.8252123923856411,0.6875632158637963,-2425.5113392930693,-0.15196154371281964,0.43104675,1095,0.10684,backward
621.4221761226654,2.0863978183532783,3.9346895581963484,-1.6526194631288451,-1.3778769173660768,1.3999576275317978,-2424.798944881401,-0.1519169112459349,0.43104675,1095,0.106692,forward
621.5650999546051,2.103213558186276,3.9380851070981513,-0.993106765923409,-1.0784872706316666,1.011562283807984,-2425.187340225125,-0.15194124473596937,0.43104675,1095,0.106692,forward
621.7217261791229,2.1045070767223844,3.921754135147126,-0.4742557943723478,-1.6423416437287488,0.515350387507975,-2425.683552121425,-0.1519723330778579,0.4314404,1096,0.106533,backward
621.8763515949249,2.087044577538686,3.927898460831301,-1.2745328681326575,-1.7647911477331883,0.8701265880829907,-2425.32877592085,-0.15195010587230393,0.4314404,1096,0.106533,backward
622.0107581615448,2.0975544147378415,3.9435826627732813,-1.289372660148001,-1.0000061929630557,1.2154948077114445,-2424.9834077012215,-0.15192846808939448,0.4314404,1096,0.106375,forward
622.1632771492004,2.1075791832958264,3.9214307495980307,-0.41778719488835003,-1.4504989844866591,0.5910719759408725,-2425.6078305329925,-0.15196758901862215,0.43183405,1097,0.106375,forward
622.302442073822,2.0930271001511875,3.9233710629124383,-0.8440188926270008,-1.865012766275101,0.4917202808692431,-2425.7071822280645,-0.15197381353578232,0.43183405,1097,0.106216,backward
622.4492750167847,2.0904400633130984,3.9485951403412005,-1.4549664221575551,-1.1362241540064861,1.3140037714556965,-2424.884898737478,-0.1519222963704841,0.43183405,1097,0.10606,still
622.5837562084198,2.108549322228439,3.934042786993539,-0.6537427725344521,-1.0764465439371333,0.8498128017963286,-2425.349089707138,-0.15195137855830335,0.4322277,1098,0.10606,still
622.7242307662964,2.1028901785542042,3.9248262979294966,-0.3815721839223021,-1.6511960492166933,0.4625809840476488,-2425.736321524887,-0.15197563915187248,0.4322277,1098,0.1059,still
622.8793520927429,2.0854276795809947,3.930808931059044,-1.296806476961219,-1.8033388361464715,0.8661941860316574,-2425.3327083229033,-0.15195035224257514,0.4322277,1098,0.1059,backward
623.0323464870453,2.0965842758849775,3.9422891202269508,-1.3208888081865624,-1.061093416471872,1.2478395576608299,-2424.9510629512743,-0.15192644164736,0.4322277,1098,0.1059,still
623.1886267662048,2.1111363594165593,3.934042786993539,-0.3893537214746869,-1.1812403143959749,0.6981122459666804,-2425.5007902629686,-0.1519608828019128,0.43262135,1099,0.105742,still
623.332555770874,2.103860317452766,3.9230476773567307,-0.24429184922131264,-1.817735159527529,0.31685959755347154,-2425.8820429113816,-0.1519847687924909,0.43262135,1099,0.10559,still
623.4851772785187,2.0893082347121,3.9236944484694694,-1.113231114851214,-1.7661482920323588,0.7264416439803831,-2425.472460864955,-0.151959107927071,0.43262135,1099,0.10559,backward
623.6431560516357,2.0951290676188443,3.9376000286746513,-1.3234690366905746,-1.0540232566295897,1.2704703574582852,-2424.9284321514774,-0.1519250237973517,0.43262135,1099,0.105442,forward
623.8093771934509,2.1106512899399643,3.93549802220732,-0.4925670419015,-1.1343289809955779,0.757486729204433,-2425.4414157797314,-0.1519571629107774,0.433015,1100,0.10528,forward
623.958776473999,2.100626521151591,3.922562599025649,-0.5059227019288495,-1.8580641702141396,0.33335834215375687,-2425.865544166782,-0.15198373512397817,0.433015,1100,0.10528,backward
624.0982298851013,2.087367957132555,3.932749244603833,-1.292485292090891,-1.6812614164374209,0.9861871887709391,-2425.212715320165,-0.15194283451976123,0.433015,1100,0.10513,backward
624.241227388382,2.0930271001511875,3.9403488064473104,-1.4617930294577848,-1.111469602355875,1.3865393977825866,-2424.8123631111534,-0.15191775191605425,0.433015,1100,0.10513,still
624.3879854679108,2.105800595271012,3.9387318783341305,-0.6828159305669576,-0.9010846011674493,0.9360770955937676,-2425.2628254133424,-0.1519459739844141,0.43340865,1101,0.10497,still
624.5640349388123,2.1054772156326806,3.92708999689819,-0.2779386252181031,-1.5367421980413194,0.4660614199034289,-2425.7328410890327,-0.15197542109789075,0.43340865,1101,0.10497,still
624.6996188163757,2.092380340936993,3.9300004670961295,-0.936184140860294,-1.673298640043912,0.6603967046607994,-2425.5385058042752,-0.1519632457312408,0.43340865,1101,0.104812,still
624.834264755249,2.089631614311412,3.9406721920739303,-1.3919444700994625,-1.1649815155885612,1.338417820083002,-2424.8604846888534,-0.15192076679754118,0.43340865,1101,0.104653,forward
624.9904408454895,2.1043453869046864,3.9403488064473104,-0.835116137015593,-0.7756814346824934,1.0594421915446786,-2425.1394603173917,-0.1519382449954305,0.43340865,1101,0.104653,still
625.1546018123627,2.1106512899399643,3.9262815329733534,-0.2005529301329634,-1.3121252830170482,0.5528493437348366,-2425.6460531652015,-0.15196998371787634,0.4338023,1102,0.104495,backward
625.3044986724854,2.0977161045473354,3.9290303103515622,-0.5980889083368341,-1.6855068056596858,0.4576278784275426,-2425.741274630509,-0.15197594947059345,0.4338023,1102,0.104495,still
625.4560463428497,2.0886614755158073,3.935659715010509,-1.3349340999353083,-1.3012608166739785,1.2715093409912286,-2424.927393167946,-0.1519249587036377,0.4338023,1102,0.104336,forward
625.6024465560913,2.098201173976986,3.939863728009871,-1.1174782865603547,-0.8199527119755561,1.2248806179596534,-2424.9740218909774,-0.15192788005577426,0.4338023,1102,0.104177,still
625.7455315589905,2.1091960815207655,3.9411572705163493,-0.37826383516288536,-0.9109118439064304,0.7959278843971755,-2425.4029746245396,-0.15195475452076476,0.43419595,1103,0.104177,still
625.9049272537231,2.100303141525772,3.92983877430454,-0.4215487470735112,-1.6134289546632183,0.42947498054085687,-2425.769427528395,-0.15197771328746515,0.43419595,1103,0.104019,still
626.0474383831024,2.0875296469297813,3.9379234142899864,-1.2258525029933371,-1.4331159718847262,1.1136000219691362,-2425.0853024869666,-0.15193485193460154,0.43419595,1103,0.104019,backward
626.198822259903,2.0965842758849775,3.9424508130440796,-1.207799901803633,-0.9297787048888806,1.2772139253448682,-2424.921688583591,-0.15192460130376464,0.43419595,1103,0.103867,forward
626.3513379096985,2.1158253644480154,3.9414806561462896,-0.17637122735840627,-0.7328887374440627,0.784427686886907,-2425.4144748220488,-0.15195547502358747,0.4345896,1104,0.103867,forward
626.5006239414215,2.110004530640582,3.930970623852621,0.10755462011571316,-1.523766009445839,0.33880704110839704,-2425.8600954678273,-0.15198339375566916,0.4345896,1104,0.103708,backward
626.641631603241,2.0962608962689164,3.9376000286746513,-0.5671014699960408,-1.5420635552388249,0.5259468431838933,-2425.6729556657515,-0.15197166919567523,0.4345896,1104,0.103708,backward
626.7907421588898,2.09254203074025,3.936144793422067,-1.2123989087353408,-1.0615593956840523,1.2755639013714568,-2424.9233386075643,-0.15192470467998312,0.4345896,1104,0.103557,forward
626.9240064620972,2.1049921461766523,3.9451995909860953,-0.8421456082871329,-0.6462949752460875,1.127971117093322,-2425.0709313918424,-0.15193395156618664,0.4345896,1104,0.103408,forward
627.0635895729065,2.1124298780294417,3.9322641662131628,-0.11800353518708348,-1.2637829516490073,0.5242916401019878,-2425.674610868834,-0.15197177289637187,0.43498325,1105,0.103408,still
627.2070696353912,2.100303141525772,3.9287069247726896,-0.40408143428687143,-1.6511847566795332,0.36033290041267674,-2425.8385696085234,-0.15198204513166705,0.43498325,1105,0.10325,backward
627.3917288780212,2.0907634429151347,3.9458463622805255,-1.1897639287877189,-1.0688021166590518,1.2745211939985643,-2424.9243813149374,-0.15192477000700078,0.43498325,1105,0.10325,forward
627.5406565666199,2.1069324240113345,3.939702035198055,-0.6599214728035481,-0.7988922389734667,0.9850365550661274,-2425.21386595387,-0.15194290660850854,0.43498325,1105,0.10309,forward
627.7217833995819,2.105315525813809,3.933072630199271,-0.25809220543523653,-1.234801690862693,0.5813614730944965,-2425.6175410358414,-0.1519681973946702,0.4353769,1106,0.10309,backward
627.8600218296051,2.089146544912735,3.9372766430606436,-1.1323823821476944,-1.3319218025608073,1.1227934673458502,-2425.0761090415904,-0.15193427595289874,0.4353769,1106,0.102788,backward
628.0214262008667,2.098524553597729,3.946654826406044,-1.1757271399081182,-0.6934430772908258,1.3558471537719317,-2424.8430553551643,-0.1519196748263719,0.4353769,1106,0.102788,forward
628.159835100174,2.1104896001148243,3.9376000286746513,-0.4280931593043874,-0.8893834632808292,0.8254516022183571,-2425.373450906718,-0.15195290482018262,0.43577055,1107,0.102788,forward
628.2989330291748,2.113561706826014,3.9353363294044623,0.008912740393327245,-1.0594499115950484,0.5716107585129274,-2425.627291750423,-0.15196880829003734,0.43577055,1107,0.10263,still
628.4570417404175,2.1064473545500215,3.9256347618394414,-0.153837218346294,-1.6577444205662273,0.2535016499038883,-2425.9454008590324,-0.151988738253023,0.4361642,1108,0.10247,backward
628.5973706245422,2.1017583498481103,3.9285452319837493,-0.4560502581917268,-1.764706482722596,0.22606394315208436,-2425.972838565784,-0.1519904572622094,0.4361642,1108,0.10247,backward
628.7466504573822,2.09723103511944,3.9390552639541108,-0.8281502183748645,-1.5391334300212127,0.6514138522395275,-2425.5474886566963,-0.15196380851901203,0.4361642,1108,0.102312,still
628.8861970901489,2.0935121695638785,3.9343661725942805,-1.108232945060208,-1.28984108892834,1.1603437169978663,-2425.0385587919377,-0.15193192337931494,0.4361642,1108,0.102312,forward
629.034511089325,2.092865410347347,3.9463314407548395,-1.2532069945372037,-1.0397674434450186,1.4085242966117955,-2424.7903782123244,-0.15191637453260926,0.4361642,1108,0.102153,forward
629.1999897956848,2.0931887899552235,3.939216956764599,-1.2760355766415303,-1.02116007463198,1.4350356345648672,-2424.763866874371,-0.15191471356167252,0.4361642,1108,0.101995,still
629.3479635715485,2.093835549173313,3.943420969953827,-1.2019394261329666,-0.7851932255183564,1.4002534450328297,-2424.798649063903,-0.15191689271257128,0.4361642,1108,0.101995,forward
629.5143587589264,2.0965842758849775,3.944552819696982,-1.029959512790316,-0.5894995203332459,1.303416888414139,-2424.8954856205223,-0.15192295965292868,0.4361642,1108,0.101995,forward
629.6595983505249,2.0999797619007343,3.948918526001716,-0.8188992236748059,-0.4561638356285617,1.1972208433037526,-2425.0016816656325,-0.1519296129778131,0.43655785,1109,0.101836,still
629.7975971698761,2.1059622850904707,3.948918526001716,-0.5280941590283658,-0.48211853318167064,1.0295499804691175,-2425.1693525284672,-0.15194011778261005,0.43655785,1109,0.101677,still
629.929771900177,2.1106512899399643,3.9372766430606436,-0.18545889645297173,-0.7886853614551401,0.7501435082349058,-2425.4487590007016,-0.15195762297343568,0.4369515,1110,0.101677,still
630.0926368236542,2.112268188202145,3.9346895581963484,0.03770568863941569,-1.0398535357362915,0.5449029485196746,-2425.653999560417,-0.15197048157021137,0.4369515,1110,0.101519,still
630.2325446605682,2.1111363594165593,3.9290303103515622,0.08446469258661517,-1.35656117179583,0.351547300617317,-2425.8473552083196,-0.1519825955612964,0.43734515,1111,0.101519,still
630.3771839141846,2.1027284887384616,3.9288686175619603,-0.2773579674180446,-1.5981185837653535,0.2587585294544951,-2425.9401439794824,-0.1519884089024574,0.43734515,1111,0.10136,backward
630.5147817134857,2.09448230839452,3.933072630199271,-0.8615836547401552,-1.5781515780325306,0.5687407708527525,-2425.6301617380846,-0.15196898809861972,0.43734515,1111,0.101208,backward
630.6490445137024,2.0922186511339316,3.9418040417775577,-1.254769290548446,-1.0490301639342485,1.482832008436464,-2424.716070500501,-0.15191171905464237,0.43734515,1111,0.101208,forward
630.7869100570679,2.1017583498481103,3.9505354543242523,-0.9493568474714414,-0.5582661232797727,1.2896307119246357,-2424.909271797013,-0.15192382337540547,0.43734515,1111,0.101208,forward
630.9224672317505,2.1134000169973435,3.935012943799742,-0.1835847617534306,-0.9625629959247175,0.6635374469978843,-2425.5353650619395,-0.15196304895951432,0.4377388,1112,0.10105,backward
631.0557236671448,2.098201173976986,3.9296770815132827,-0.47037807960198447,-1.414244797138181,0.47329138384358554,-2425.725611125093,-0.15197496813093758,0.4377388,1112,0.10089,backward
631.1915717124939,2.09448230839452,3.9435826627732813,-1.1353039574003827,-0.9848104190034324,1.376782543884089,-2424.8221199650525,-0.1519183631960579,0.4377388,1112,0.10089,forward
631.3356852531433,2.1129149475125093,3.9319407806210394,-0.29563342481065835,-1.0196498005910257,0.6788561738590491,-2425.520046335077,-0.151962089220698,0.43813245,1113,0.100732,backward
631.4887101650238,2.0967459656933003,3.931617395030241,-0.5971457319714725,-1.4675268640201629,0.47476311222298956,-2425.7241393967124,-0.1519748759251775,0.43813245,1113,0.100732,backward
631.6264591217041,2.095614137039134,3.9485951403412005,-1.1651599628305158,-0.7935145473908473,1.4542800555009532,-2424.7446224534347,-0.1519135078728489,0.43813245,1113,0.100574,forward
631.7985050678253,2.1132383271688693,3.9380851070981513,-0.31740171513393795,-0.8798720242494168,0.7657890843885518,-2425.433113424547,-0.15195664275707216,0.4385261,1114,0.100425,forward
631.9538056850433,2.0980394841669074,3.928060153618916,-0.46481450613113245,-1.5031889426600569,0.3527656044637959,-2425.8461369044717,-0.15198251923292372,0.4385261,1114,0.100425,still
632.0868265628815,2.092380340936993,3.9442294340544186,-1.092968223211294,-1.1385470820387689,1.3144491877741793,-2424.884453321161,-0.15192226846455348,0.4385261,1114,0.100425,forward
632.2521102428436,2.103860317452766,3.9432592771347053,-0.802893678137145,-0.728345424576857,1.1606330622039391,-2425.0382694467316,-0.1519319052514491,0.4385261,1114,0.100273,forward
632.3858981132507,2.112268188202145,3.9400254208220193,-0.12399137956751682,-0.7729303128579461,0.7252750124413405,-2425.4736274964944,-0.15195918101810413,0.43891975,1115,0.100125,backward
632.5182340145111,2.1064473545500215,3.930647238265799,-0.11931251465449474,-1.4754857023247985,0.2555208953677679,-2425.943381613568,-0.1519886117445821,0.43891975,1115,0.100125,backward
632.6598460674286,2.0946439982003087,3.931294009440768,-0.845810562578509,-1.423847760113456,0.7208512135810868,-2425.478051295354,-0.1519594581750454,0.43891975,1115,0.099966,backward
632.7996068000793,2.0930271001511875,3.9451995909860953,-1.2063081457250222,-0.886925665379458,1.5397586435924082,-2424.659143865343,-0.15190815252447745,0.43891975,1115,0.099966,still
632.9520959854126,2.105153835995133,3.9439060484131856,-0.7504686459965374,-0.7279974514503691,1.1307665646984955,-2425.068135944237,-0.1519337764276389,0.43891975,1115,0.099807,still
633.1158845424652,2.1159870542796315,3.933072630199271,-0.004797397604030404,-1.1247663112260018,0.4683211716411691,-2425.730581337294,-0.1519752795214087,0.4393134,1116,0.099807,backward
633.2539303302765,2.1028901785542042,3.9269283041125607,-0.2931801352535151,-1.5844607000814335,0.16494038986123707,-2426.033962119074,-0.15199428673493323,0.4393134,1116,0.099648,backward
633.4074561595917,2.0899549939115034,3.939863728009871,-1.0907307914397428,-1.2142075549986493,1.3518170792281397,-2424.847085429707,-0.1519199273159558,0.4393134,1116,0.09949,forward
633.548680305481,2.095937516653635,3.9456846694564196,-1.1932513366188364,-0.7158436143640152,1.5575505466113606,-2424.641351962324,-0.1519070378378526,0.4393134,1116,0.09949,forward
633.6816537380219,2.1087110120512267,3.9421274274101545,-0.4925890638869918,-0.720332667366861,0.9510860709524949,-2425.247816437983,-0.15194503365194556,0.43970705,1117,0.09949,forward
633.8264153003693,2.1106512899399643,3.934204479793744,-0.09233334376617303,-1.1010295748130596,0.5035877684828105,-2425.695314740453,-0.15197307002174126,0.43970705,1117,0.09933,forward
633.9817667007446,2.098524553597729,3.934527865395148,-0.5539405559544304,-1.4538392562542328,0.3785775021272174,-2425.8203250068086,-0.15198090208286077,0.43970705,1117,0.099182,still
634.1278076171875,2.09254203074025,3.939863728009871,-1.1381393661479338,-1.0460415406478534,1.5045636195303735,-2424.694338889405,-0.1519103575400141,0.43970705,1117,0.099182,still
634.2655959129333,2.1027284887384616,3.9468165192321445,-0.9180055823659483,-0.475854628457956,1.3575263234645953,-2424.841376185471,-0.1519195696241349,0.43970705,1117,0.099023,still
634.400671005249,2.111621428894919,3.9319407806210394,-0.2223739908927259,-0.9061366464680767,0.681722236570168,-2425.5171802723653,-0.151961909658019,0.4401007,1118,0.099023,still
634.5365262031555,2.1048304563583673,3.931455702235339,-0.25901024718790266,-1.4480849600380048,0.24498341001996363,-2425.9539190989153,-0.15198927193219464,0.4401007,1118,0.098872,still
634.6749408245087,2.09254203074025,3.9380851070981513,-0.9363356974339236,-1.2774305022738353,1.0582353736924643,-2425.140667135243,-0.15193832060419007,0.4401007,1118,0.098872,backward
634.8087832927704,2.0967459656933003,3.9461697479297357,-1.117498471941446,-0.7052816523114875,1.528429516734441,-2424.670472992201,-0.15190886230949407,0.4401007,1118,0.098716,forward
634.9498584270477,2.110004530640582,3.9422891202269508,-0.48109951257690453,-0.6370928689770197,0.986167156814525,-2425.2127353521214,-0.1519428357747902,0.44049435,1119,0.098567,forward
635.0986814498901,2.109842840816227,3.931617395030241,-0.13376285329282184,-1.2803352137180888,0.34939683410303946,-2425.849505674833,-0.1519827302909123,0.44049435,1119,0.098567,backward
635.2466781139374,2.0954524472321756,3.934042786993539,-0.722568069424258,-1.3197688356913109,0.6650288087295158,-2425.5338737002066,-0.15196295552369832,0.44049435,1119,0.098408,still
635.3947522640228,2.0931887899552235,3.938893571143955,-1.224770751970494,-0.9855160581371798,1.7031740454400308,-2424.495728463496,-0.15189791433002797,0.44049435,1119,0.098408,forward
635.5457711219788,2.1061239749101253,3.947463290539873,-0.7147288652908981,-0.5862381252194427,1.1873632427899372,-2425.0115392661464,-0.1519302305697275,0.44049435,1119,0.09825,still
635.6945722103119,2.1048304563583673,3.9332343229974867,-0.31091027600174187,-1.0777225292252033,0.5880434712782714,-2425.6108590376584,-0.1519677787585078,0.440888,1120,0.09825,backward
635.8378734588623,2.093835549173313,3.932102473416935,-0.8657710585592611,-1.415722050178338,0.6723357783928088,-2425.526566730544,-0.15196249773223316,0.440888,1120,0.09809,still
635.990217924118,2.0977161045473354,3.9413189633311534,-1.1412039191453676,-0.8292840757710218,1.5932937932393316,-2424.605608715697,-0.15190479847543578,0.440888,1120,0.09809,forward
636.1461770534515,2.115340294954346,3.9403488064473104,-0.1510010106416469,-0.7654464408153745,0.7151239469420264,-2425.4837785619943,-0.15195981699599412,0.44128165,1121,0.097932,still
636.2890031337738,2.1007882109647933,3.9335577085949134,-0.3422262044096488,-1.3642492849169008,0.3000076263159429,-2425.8988948826204,-0.15198582459112708,0.44128165,1121,0.097773,backward
636.4315013885498,2.089469924511659,3.942774198679333,-1.2636766224189535,-0.9835282520580801,1.8214830454429047,-2424.3774194634934,-0.15189050211224764,0.44128165,1121,0.097773,forward
636.5828168392181,2.1019200396626805,3.9439060484131856,-1.0286487538257114,-0.520165857118697,1.496797767364025,-2424.7021047415724,-0.15191084408108463,0.44128165,1121,0.097615,forward
636.735755443573,2.10353693781913,3.9353363294044623,-0.5131757031900906,-1.1281515039117453,0.6541932384181988,-2425.5447092705185,-0.15196363438673433,0.4416753,1122,0.097615,forward
636.8792541027069,2.0912485123196487,3.9367915646421205,-1.0867388601729968,-1.1682373630416842,1.5378027491994362,-2424.661099759737,-0.15190827506388868,0.4416753,1122,0.097456,forward
637.016027212143,2.0964225860768493,3.9476249833676365,-1.169164325861472,-0.6859078588706579,1.6471410546850214,-2424.5517614542514,-0.1519014248721706,0.4416753,1122,0.097297,still
637.1575503349304,2.1119448085481394,3.9469782120585784,-0.4986948339365207,-0.5200678600300414,1.0473914773848096,-2425.1515110315513,-0.1519389999888609,0.44206895,1123,0.097297,still
637.3143856525421,2.1119448085481394,3.939378649575419,0.05077688560043668,-0.7482778298936744,0.6138180168554987,-2425.5850844920806,-0.15196616394860316,0.44206895,1123,0.097297,still
637.4685633182526,2.1117831187214313,3.9324258590097214,0.11456525604743287,-1.1320629012101313,0.3334943387217781,-2425.8654081702143,-0.15198372660361054,0.44206895,1123,0.097139,still
637.6213383674622,2.1007882109647933,3.9303238526803015,-0.33849907358425907,-1.4855170669417317,0.07892872952957462,-2426.1199737794063,-0.15199967548099663,0.44206895,1123,0.097139,backward
637.7743811607361,2.091895271528392,3.9418040417775577,-1.0811161517675831,-1.1344495871169384,1.6128976852391463,-2424.586004823697,-0.1519035702652671,0.44206895,1123,0.09683,still
637.9149172306061,2.1012732804055725,3.9505354543242523,-0.9610557647383843,-0.4876250739822142,1.4723306096927073,-2424.726571899243,-0.1519123769813806,0.44206895,1123,0.09683,forward
638.0712459087372,2.1177656424403755,3.9458463622805255,-0.06329244784208314,-0.5560209897299507,0.7716281449965638,-2425.4272743639394,-0.1519562769320812,0.4424626,1124,0.09683,forward
638.2244651317596,2.1024051091075626,3.9379234142899864,-0.2275608943523867,-1.2409599187240226,0.327631615487288,-2425.8712708934486,-0.15198409391109682,0.4424626,1124,0.096672,backward
638.3631799221039,2.0912485123196487,3.9477866761957325,-1.1035680848279885,-0.9014733737819263,1.665456034766237,-2424.533446474169,-0.15190027741406503,0.4424626,1124,0.096672,still
638.5275449752808,2.109519461168104,3.9477866761957325,-0.5061162171775133,-0.5420159144217692,1.062819652565846,-2425.1360828563697,-0.15193803339296036,0.4424626,1124,0.09652,still
638.6840767860413,2.095937516653635,3.936953257447963,-0.5512946511559165,-1.1653720162232377,0.607137320281918,-2425.5917651886534,-0.15196658250321793,0.44285625,1125,0.096362,still
638.8394658565521,2.0930271001511875,3.942774198679333,-1.2620927507880206,-0.7091088795954378,1.8494190139320328,-2424.3494834950034,-0.151888751886294,0.44285625,1125,0.096362,forward
638.9781515598297,2.111621428894919,3.944391126875534,-0.3850287392093943,-0.6429874724286763,0.9161035642660316,-2425.2827989446696,-0.15194722535298316,0.4432499,1126,0.096204,backward
639.1350057125092,2.0962608962689164,3.9382467999066484,-0.5943162145318467,-1.3029906793038368,0.4003832773482813,-2425.7985192315873,-0.15197953592175042,0.4432499,1126,0.096204,backward
639.2921075820923,2.091733581725914,3.943097584315916,-1.255478806509291,-0.7661531128348981,1.878848832169333,-2424.320053676766,-0.1518869080686469,0.4432499,1126,0.096045,forward
639.463381767273,2.1137233966548807,3.944876205340874,-0.41492338702568804,-0.7298436303761688,0.8828227620766902,-2425.316079746858,-0.15194931043994794,0.44364355,1127,0.095886,forward
639.6066365242004,2.1069324240113345,3.9322641662131628,-0.15057481996144306,-1.2932933806458438,0.20064969415315956,-2425.998252814782,-0.1519920494990493,0.44364355,1127,0.095886,backward
639.7536187171936,2.091895271528392,3.9468165192321445,-0.9851098299164889,-1.0794417486515304,1.498936382709392,-2424.699966126226,-0.1519107100939603,0.44364355,1127,0.095735,forward
639.9444732666016,2.105800595271012,3.9422891202269508,-0.8232279226664102,-0.6080743248559123,1.3512742163846574,-2424.8476282925512,-0.15191996132704225,0.44364355,1127,0.095735,forward
640.0852036476135,2.1114597390686027,3.9329109374013864,-0.17361800618259074,-1.0732076568684739,0.42890971903239405,-2425.769992789903,-0.15197774870185796,0.4440372,1128,0.095583,backward
640.2274992465973,2.095937516653635,3.92983877430454,-0.633389882938584,-1.3465987076891361,0.2806031985064067,-2425.9182993104287,-0.15198704030459617,0.4440372,1128,0.095432,backward
640.3906848430634,2.0904400633130984,3.9413189633311534,-1.3448365198977106,-0.9521738816406882,2.17429167096606,-2424.0246108379692,-0.15186839817791373,0.4440372,1128,0.095273,forward
640.5489139556885,2.10353693781913,3.9484334475114418,-0.8402535636293931,-0.48994908605746523,1.4014495209052036,-2424.7974529880303,-0.15191681777681112,0.4440372,1128,0.095273,still
640.7185678482056,2.10887270187421,3.9291920031414955,-0.2513571590824774,-1.3960722093862783,0.05444182850125753,-2426.144460680434,-0.15200120961824046,0.44443085,1129,0.095115,backward
640.8635563850403,2.0943206185889256,3.934527865395148,-0.7949330327191751,-1.4362175426091779,0.0029644891898861145,-2426.195938019745,-0.15200443474270028,0.44443085,1129,0.095115,backward
641.009791135788,2.0893082347121,3.9485951403412005,-1.3574489790259507,-0.8863796445017335,2.15660442295767,-2424.0422980859767,-0.15186950630776153,0.44443085,1129,0.094963,forward
641.15496134758,2.0998180720885085,3.939702035198055,-1.0408506403966722,-0.6722267077139825,1.6301682127331794,-2424.5687342962015,-0.1519024882435192,0.44443085,1129,0.094963,forward
641.2906730175018,2.1027284887384616,3.9353363294044623,-0.6660131705823803,-0.9044646665079608,1.0036492341198728,-2425.1952532748146,-0.15194174049916243,0.4448245,1130,0.094805,forward
641.4282865524292,2.095614137039134,3.9348512509978795,-0.8411967863246007,-1.1974291281365466,0.9703452198175897,-2425.228557289117,-0.15194382704039736,0.4448245,1130,0.094805,backward
641.5709381103516,2.0867211979455935,3.9414806561462896,-1.4638661870661964,-1.1650601756816932,2.652659189891745,-2423.546243319043,-0.15183842781023887,0.4448245,1130,0.094646,forward
641.7124800682068,2.09448230839452,3.9485951403412005,-1.4449903189919562,-0.5561130874695831,2.052653734431268,-2424.146248774503,-0.15187601895803965,0.4448245,1130,0.094646,forward
641.8611695766449,2.1087110120512267,3.939863728009871,-0.6132159242561699,-0.7687431081312046,1.0232699984556755,-2425.1756325104784,-0.15194051123191923,0.44521815,1131,0.094497,forward
642.0290410518646,2.1061239749101253,3.9322641662131628,-0.2323493327867483,-1.2913834888890328,0.13915014328827868,-2426.059752365646,-0.15199590252852624,0.4456118,1132,0.094346,backward
642.1935820579529,2.0920569613310644,3.9424508130440796,-0.9750507703906636,-1.2434968626431562,1.4859662861769691,-2424.7129362227574,-0.15191152268793132,0.4456118,1132,0.094346,forward
642.3723750114441,2.0954524472321756,3.942935891497459,-1.2172372569399235,-0.7539718310231389,1.9114047322660492,-2424.2874977766683,-0.1518848683977719,0.4456118,1132,0.094187,forward
642.531012058258,2.111298049242483,3.938893571143955,-0.3526093192719052,-0.8255277907425727,0.7233576017167802,-2425.4755449072177,-0.15195930114646172,0.44600545,1133,0.094036,backward
642.6730799674988,2.107740873117439,3.932587551806612,-0.1730708574504312,-1.0873283603958437,0.3498462566804901,-2425.849056252254,-0.151982702133984,0.44600545,1133,0.094036,backward
642.8222064971924,2.092865410347347,3.934042786993539,-0.8181773487317341,-1.3101103959072844,0.4229344683547732,-2425.7759680405793,-0.15197812305933966,0.44600545,1133,0.093884,still
642.9651374816895,2.0931887899552235,3.9456846694564196,-1.2519193549175083,-0.7999160846388789,2.01575429143947,-2424.1831482174944,-0.15187833075771187,0.44600545,1133,0.093884,forward
643.1365103721619,2.10887270187421,3.9479483690241612,-0.6205548631419046,-0.5673801304171022,1.1533204704060855,-2425.045582038528,-0.15193236339514848,0.44600545,1133,0.093735,forward
643.2827968597412,2.1054772156326806,3.928383539195141,-0.28493139045856103,-1.3454103895089542,0.031152135070515032,-2426.167750373864,-0.15200266874882,0.4463991,1134,0.093584,still
643.420004606247,2.090925132716445,3.9390552639541108,-1.047312920772902,-1.2069546825351907,2.03629470944859,-2424.162607799486,-0.15187704387293072,0.4463991,1134,0.093584,forward
643.5888800621033,2.0998180720885085,3.9460080551049646,-1.0484294166967034,-0.8205716471470881,1.7154145343693394,-2424.4834879745654,-0.1518971474469532,0.4463991,1134,0.093433,forward
643.7610466480255,2.114855225462445,3.9442294340544186,-0.18436940737944738,-0.7550936202680513,0.6570208665480183,-2425.5418816423867,-0.15196345723203336,0.44679275,1135,0.093433,forward
643.9137828350067,2.1015966600337355,3.9251496834924824,-0.3178247120680407,-1.5540882066993207,-0.3001654778692709,-2426.4990679868038,-0.15202342624234558,0.44679275,1135,0.093274,backward
644.0465414524078,2.0907634429151347,3.9453612838092043,-1.1434335814976249,-1.045452192248073,2.1143111077676657,-2424.084591401167,-0.15187215604077287,0.44679275,1135,0.093118,still
644.1941096782684,2.107740873117439,3.9468165192321445,-0.6864436654403782,-0.5827314796416247,1.2329673678720243,-2424.965935141063,-0.1519273734100288,0.44679275,1135,0.093118,still
644.3510193824768,2.1111363594165593,3.9338810941936657,-0.02524845199637214,-1.1412134927423971,0.21761798393194276,-2425.981284525003,-0.15199098641290035,0.4471864,1136,0.09296,still
644.4982657432556,2.0969076555018185,3.936629871836609,-0.6177440263516812,-1.3470965195309397,-0.004479245009384783,-2426.203381753944,-0.1520049011026474,0.4471864,1136,0.09296,still
644.6592664718628,2.0998180720885085,3.9536076182287543,-0.8719169257366847,-0.683757230153755,1.4657614949892992,-2424.733141013946,-0.15191278854524135,0.4471864,1136,0.092808,backward
644.8055784702301,2.112106498375044,3.939702035198055,-0.2671449634496932,-0.6460016183370082,0.799157838073976,-2425.3997446708613,-0.15195455215982787,0.44758005,1137,0.092659,backward
644.9485898017883,2.114693535632204,3.93582140781403,0.1892257648548801,-1.0888500502053282,0.21303058947738493,-2425.9858719194576,-0.15199127381932537,0.44758005,1137,0.092659,backward
645.0955629348755,2.108549322228439,3.928060153618916,-0.009328545995393876,-1.5441131261268157,-0.23108851008068027,-2426.4299910190152,-0.1520190984775192,0.44758005,1137,0.092507,backward
645.2447888851166,2.1040220072698768,3.931455702235339,-0.28932872578469565,-1.5062961574532279,-0.27360178647331823,-2426.472504295408,-0.15202176199139536,0.44758005,1137,0.092507,backward
645.4012944698334,2.0965842758849775,3.930970623852621,-0.7502110105216413,-1.449520498627111,-0.6395538634093431,-2426.8384563723444,-0.15204468938061647,0.44758005,1137,0.092358,backward
645.5355684757233,2.095614137039134,3.9296770815132827,-0.9883612013161379,-1.3459067567403362,-2.993181404379958,-2422.9088986061356,-0.15179849730779943,0.44758005,1137,0.092358,forward
645.6666498184204,2.0904400633130984,3.9421274274101545,-1.2798293058973709,-0.9807300832967203,2.3839635280660123,-2423.8149389808696,-0.15185526195440416,0.44758005,1137,0.0922,forward
645.8058569431305,2.0936738593684985,3.9374383358674816,-1.2743608272936944,-0.9346694941025108,2.3147269155948385,-2423.884175593341,-0.15185959972118432,0.44758005,1137,0.09205,forward
645.9473280906677,2.092380340936993,3.9414806561462896,-1.2490361569565727,-0.7481673250150448,2.0965416492236884,-2424.102360859712,-0.15187326932122128,0.44758005,1137,0.09205,still
646.0877351760864,2.0899549939115034,3.946654826406044,-1.364464738740114,-0.5097779488667238,2.075000066881217,-2424.1239024420547,-0.1518746189302929,0.44758005,1137,0.09205,forward
646.2228319644928,2.0978777943570237,3.943744355593067,-1.1307339041468791,-0.531340362614488,1.8323235912987645,-2424.3665789176366,-0.15188982293748707,0.44758005,1137,0.09189,forward
646.3873181343079,2.10369862763585,3.9490802188324725,-0.7473239793687444,-0.5363273100178215,1.3443012892872617,-2424.854601219648,-0.15192039819029193,0.4479737,1138,0.091733,forward
646.5267057418823,2.10887270187421,3.9453612838092043,-0.3462008271523783,-0.4492139993816651,0.9730418294920364,-2425.225860679443,-0.15194365809417879,0.4479737,1138,0.091733,backward
646.6696915626526,2.1159870542796315,3.9376000286746513,0.15147929239017915,-0.8972706430868456,0.3501303793527329,-2425.8487721295824,-0.15198268433331696,0.44836735,1139,0.091582,backward
646.8311932086945,2.119544230624907,3.9390552639541108,0.4462637281121714,-1.178766506191432,0.07765337578047457,-2426.1212491331544,-0.1519997553836222,0.44836735,1139,0.091582,backward
646.9631452560425,2.1130766373405914,3.9185202797156724,0.2930399838660354,-1.726878615605663,-0.3589835297447204,-2426.55788603868,-0.15202711127230875,0.44836735,1139,0.091423,backward
647.106612443924,2.1090343916973895,3.930485545472884,0.0026306829322801043,-1.682296351656174,-0.4216899566880662,-2426.6205924656233,-0.1520310399141933,0.44836735,1139,0.091265,backward
647.2447385787964,2.09448230839452,3.9400254208220193,-0.8647476329171535,-1.2581952183099807,0.0,-2426.925684354176,-0.15205015433085575,0.44836735,1139,0.091265,still
647.4076507091522,2.0978777943570237,3.944552819696982,-1.0752994070685933,-0.7385069546113442,1.922940299780673,-2430.559147516334,-0.15227779567897087,0.44836735,1139,0.091265,backward
647.5430283546448,2.1075791832958264,3.928060153618916,-0.48944756369908715,-0.958780157592371,0.7005871494029852,-2431.7815006667115,-0.15235437774588784,0.448761,1140,0.091113,backward
647.6901969909668,2.100464831338584,3.92983877430454,-0.4282370729927693,-1.486050471500641,-0.4361424130255648,-2432.91823022914,-0.15242559537999753,0.448761,1140,0.090964,backward
647.8494548797607,2.0943206185889256,3.9435826627732813,-1.0781535039243753,-1.0968912893529081,2.4221189175208724,-2436.3431542057733,-0.1526401714679988,0.448761,1140,0.090964,backward
647.9893178939819,2.115340294954346,3.9422891202269508,-0.14772010359364388,-0.8237704583951184,0.5647350450817811,-2438.2005380782125,-0.15275653906272024,0.44915465,1141,0.090813,backward
648.1558983325958,2.0990096230303075,3.9324258590097214,-0.430119470633213,-1.436956331921363,-0.3563979055610455,-2439.121671028855,-0.15281424927948023,0.44915465,1141,0.090664,backward
648.2971165180206,2.1019200396626805,3.9484334475114418,-0.7384415353443564,-0.6994405494681476,1.3686525911484122,-2437.3966205321453,-0.152706172548518,0.44915465,1141,0.090664,backward
648.4478759765625,2.115501984785373,3.9335577085949134,0.025953609098127172,-0.9329887186639011,0.36682635281704573,-2438.398446770477,-0.15276893830815091,0.4495483,1142,0.090505,backward
648.592503786087,2.105800595271012,3.9262815329733534,-0.08842902407538192,-1.6251995259619234,-0.43934587858057966,-2439.204619001875,-0.15281944608141793,0.4495483,1142,0.090505,backward
648.7373893260956,2.0973927249285436,3.942774198679333,-0.7853097022112947,-1.091555461659798,1.283327002940139,-2437.4819461203547,-0.1527115183112413,0.4495483,1142,0.090356,backward
648.8915073871613,2.109357771344337,3.952960846870451,-0.5068055251491808,-0.5034739182095946,1.162076852994313,-2437.6031962703005,-0.15271911479601658,0.4495483,1142,0.090356,backward
649.0707771778107,2.1171188831064445,3.932102473416935,0.23088959262767522,-1.1302725613958913,0.12454734030835396,-2438.6407257829865,-0.15278411741374967,0.44994195,1143,0.090195,backward
649.2077176570892,2.103213558186276,3.935012943799742,-0.20971894963435203,-1.4794588899314192,-0.3372694259921343,-2439.102542549287,-0.15281305085453908,0.44994195,1143,0.09004,backward
649.3472983837128,2.0951290676188443,3.94196573459369,-0.9339004721104999,-1.1186966209396123,2.2331729909456772,-2436.5321001323496,-0.15265200918411895,0.44994195,1143,0.09004,backward
649.4945785999298,2.104183697087184,3.9471399048853444,-0.7648798327136149,-0.625500871707578,1.4836163715513058,-2437.281656751744,-0.15269896991323947,0.44994195,1143,0.08988,backward
649.6542749404907,2.114693535632204,3.9285452319837493,-0.006997921962775837,-1.0695225504143298,0.2270867634239295,-2438.538186359872,-0.1527776931811454,0.4503356,1144,0.08973,backward
649.7929875850677,2.1069324240113345,3.9274133824704416,-0.05566037331538407,-1.5278860074342098,-0.3461718470168565,-2439.1114449703123,-0.15281360860317536,0.4503356,1144,0.08973,backward
649.9473462104797,2.0946439982003087,3.9374383358674816,-0.8167639457082854,-1.4017209333424625,-1.665723157387185,-2440.4309962806824,-0.15289628026538682,0.4503356,1144,0.089578,backward
650.1004164218903,2.0967459656933003,3.9422891202269508,-1.0669719962773523,-0.9470546410971569,2.268289583225417,-2442.7801688472496,-0.15304345908243883,0.4503356,1144,0.089578,backward
650.2424736022949,2.111621428894919,3.9377617214821528,-0.29252440527446877,-0.8290708146780564,0.6934820328998124,-2444.3549763975757,-0.15314212289098153,0.45072925,1145,0.089429,backward
650.3863708972931,2.1132383271688693,3.9319407806210394,0.10782537983144608,-1.186722337766912,0.07182464625174202,-2444.9766337842243,-0.15318107056135735,0.45072925,1145,0.089429,backward
650.5214715003967,2.0999797619007343,3.924017834027823,-0.4000622325171217,-1.6472287439920141,-0.791365686596568,-2445.839824117072,-0.15323515059527537,0.45072925,1145,0.08927,backward
650.6959478855133,2.091571891923631,3.9455229766326463,-1.1370486523901542,-1.0242833768937902,2.5556688581964773,-2448.775974879459,-0.15341910438481154,0.45072925,1145,0.08927,backward
650.839047908783,2.1048304563583673,3.9458463622805255,-0.7329414997391903,-0.5473095457753311,1.4877202881631948,-2449.843923449493,-0.15348601279735088,0.45072925,1145,0.089119,backward
650.9776871204376,2.1134000169973435,3.9353363294044623,-0.06392513113642984,-0.8964421105281599,0.4483750942204789,-2450.883268643436,-0.15355112916995384,0.4511229,1146,0.088967,backward
651.1276533603668,2.1091960815207655,3.9275750752570633,-0.04066165073620937,-1.5582655666309544,-0.4014715652729709,-2451.7331153029295,-0.153604373204811,0.4511229,1146,0.088967,backward
651.2900061607361,2.0954524472321756,3.944552819696982,-0.7776424437684684,-1.233691058178097,0.0,-2452.435995831305,-0.15364840961412696,0.4511229,1146,0.088809,still
651.4329404830933,2.0990096230303075,3.9477866761957325,-0.9225289278811067,-0.5814335588573465,1.7866917711618033,-2455.828137273674,-0.15386093183231822,0.4511229,1146,0.088809,backward
651.6086328029633,2.1180890221085207,3.9353363294044623,0.06861292561225606,-0.9276923285440474,0.35410897295957405,-2457.2607200718767,-0.15395068506908305,0.45151655,1147,0.088652,backward
651.7552089691162,2.1096811509920674,3.9285452319837493,0.08959323985008825,-1.5612258577543678,-0.3607479258977052,-2457.9755769707344,-0.15399547181409817,0.45151655,1147,0.0885,backward
651.9287111759186,2.096099206461178,3.938408492715477,-0.7343181046251963,-1.24264281191854,0.0,-2458.158228827909,-0.1540069151983152,0.45151655,1147,0.0885,still
652.0695996284485,2.1020817294774456,3.9479483690241612,-0.8155200406314731,-0.6461944379463211,1.662841854448687,-2455.951987190387,-0.15386869119597385,0.45151655,1147,0.088342,backward
652.228609085083,2.1143701559723107,3.93549802220732,0.011178241787256646,-0.8879271531939711,0.4221544553712014,-2457.192674589465,-0.15394642192820115,0.4519102,1148,0.088342,backward
652.3739492893219,2.107902562939247,3.9251496834924824,-0.06187265652709225,-1.583668083416343,-0.4721026648011179,-2458.086931709637,-0.15400244833807858,0.4519102,1148,0.08819,backward
652.5129268169403,2.096099206461178,3.939378649575419,-0.7797050320268776,-1.296243298415924,-2.0862216230637936,-2459.7010506679,-0.15410357505913744,0.4519102,1148,0.088032,backward
652.667652130127,2.1066090443702636,3.9485951403412005,-0.7123832000978538,-0.6277425072012655,1.5139352152146759,-2462.384079136801,-0.15427167039695536,0.4519102,1148,0.088032,backward
652.819085597992,2.1203526798075627,3.9343661725942805,0.25369145371255697,-0.9972880756668661,0.2279622503608124,-2463.670052101655,-0.15435223833071282,0.45230385,1149,0.087883,backward
652.9536418914795,2.1096811509920674,3.92983877430454,0.16108508793676554,-1.5084562425265096,-0.3034926863294247,-2464.2015070383454,-0.15438553469642546,0.45230385,1149,0.087883,backward
653.097363948822,2.0973927249285436,3.9416423489617576,-0.6196897413843387,-1.1090471399380206,0.8518726665773582,-2463.0461416854387,-0.154313149505008,0.45230385,1149,0.087732,backward
653.2610173225403,2.112753257684624,3.9460080551049646,-0.284387774032793,-0.6119186273462505,0.9497960379607111,-2462.9482183140553,-0.15430701447424564,0.45230385,1149,0.087576,backward
653.4127388000488,2.116148744111444,3.929515388722356,0.2507875444709737,-1.196799188888371,0.02699537964933033,-2463.871018972367,-0.1543648291751314,0.4526975,1150,0.087576,backward
653.576071023941,2.0988479332192527,3.9377617214821528,-0.33209882712280314,-1.3139830184426742,-0.23288130477856317,-2464.130895656795,-0.15438111079851566,0.4526975,1150,0.087576,backward
653.7141602039337,2.095937516653635,3.938408492715477,-0.9222042816188938,-1.056465551559701,2.474521508394361,-2461.423492843622,-0.1542114883752859,0.4526975,1150,0.087424,backward
653.84983253479,2.099171312841557,3.94261250586154,-0.9053309152803523,-0.7439864540528022,1.957553017272303,-2461.940461334744,-0.15424387714572332,0.4526975,1150,0.087268,backward
653.9951238632202,2.1106512899399643,3.942935891497459,-0.3853047606374735,-0.5522687868170362,1.1135903525220174,-2462.7844239994943,-0.1542967525404056,0.4526975,1150,0.087268,backward
654.1312870979309,2.1132383271688693,3.938570185524638,-0.00669112093891279,-0.8135132388994751,0.5144835261172339,-2463.3835308258995,-0.15433428738788893,0.45309115,1151,0.08711,backward
654.269852399826,2.1101662204651337,3.9363064862265826,0.07777152456338274,-1.2250088180722738,-0.02311596205520093,-2463.9211303140714,-0.15436796871800615,0.45309115,1151,0.086948,backward
654.4145107269287,2.1015966600337355,3.9257964546224233,-0.3524498121621776,-1.5786332348240162,-0.8289352349020465,-2464.726949586918,-0.1544184543779458,0.45309115,1151,0.086948,backward
654.5612621307373,2.0914102021215424,3.940995577701878,-1.0395830923925926,-1.1621551899782245,3.003222199013598,-2467.177977460182,-0.15457201456678946,0.45309115,1151,0.0868,backward
654.7021145820618,2.0969076555018185,3.9490802188324725,-1.1525908126598805,-0.5935496141742677,2.2098574777124322,-2467.9713421814827,-0.15462171993234397,0.45309115,1151,0.0868,backward
654.8467774391174,2.1111363594165593,3.9461697479297357,-0.4379912267077609,-0.6103347463761182,1.1566703593077092,-2469.024529299887,-0.15468770352010897,0.4534848,1152,0.08664,backward
655.0008141994476,2.1045070767223844,3.9332343229974867,-0.21054546150943745,-1.2682691086319104,-0.14252492848280982,-2470.3237245876776,-0.15476909985016057,0.4534848,1152,0.08664,backward
655.1510860919952,2.092703720543701,3.9359831006178827,-0.9875121141472811,-1.1946430702488369,3.123755329438917,-2473.340629636936,-0.15495811300425036,0.4534848,1152,0.08649,backward
655.287707567215,2.109842840816227,3.9497269901588252,-0.5585711347433776,-0.5143911091240392,1.3748090979032999,-2475.0895758684715,-0.1550676868350997,0.4534848,1152,0.08649,backward
655.467615365982,2.1104896001148243,3.929515388722356,0.0161748166497079,-1.307097372146903,-0.1602847920825441,-2476.6246697584575,-0.1551638625294728,0.45387845,1153,0.08633,backward
655.6084625720978,2.0977161045473354,3.9456846694564196,-0.7222043572089073,-1.06141327392618,1.8420548084552495,-2474.62233015792,-0.15503841326366,0.45387845,1153,0.08633,backward
655.7467458248138,2.10887270187421,3.9503737614905017,-0.5202630968322519,-0.38462884287453214,1.368328231144628,-2475.096056735231,-0.15506809287010823,0.45387845,1153,0.086172,backward
655.8842613697052,2.1143701559723107,3.92708999689819,0.10825973001971342,-1.1564426827741865,0.03636691055362221,-2476.428018055822,-0.15515154203613102,0.4542721,1154,0.086013,backward
656.0367803573608,2.0939972389783224,3.9353363294044623,-0.6795640666899364,-1.3976233499290003,-1.5928578833203422,-2478.057242849696,-0.1552536151580833,0.4542721,1154,0.086013,backward
656.1877307891846,2.098524553597729,3.9411572705163493,-1.033111807064339,-0.8746056319224187,2.4224120212545017,-2480.325158252301,-0.15539570310465642,0.4542721,1154,0.085854,backward
656.3255276679993,2.115178605123516,3.9372766430606436,-0.17708078546635375,-0.7882835156737479,0.6649132285243586,-2482.0826570450313,-0.15550581276495368,0.45466575,1155,0.085854,backward
656.4698357582092,2.10887270187421,3.92983877430454,0.05501983377503184,-1.5121621211166272,-0.42954490921726346,-2483.177115182773,-0.15557438203752147,0.45466575,1155,0.085706,backward
656.6289594173431,2.091733581725914,3.9403488064473104,-0.9528492785203456,-1.1284162337949741,2.955201579004313,-2486.075554001731,-0.15575597312314152,0.45466575,1155,0.085547,backward
656.7665326595306,2.10353693781913,3.94261250586154,-0.9007007467579862,-0.642958419183799,1.9745786049654714,-2487.0561769757696,-0.1558174104697831,0.45466575,1155,0.085547,backward
656.9265184402466,2.1167955034406583,3.9332343229974867,0.10402661562610176,-0.979616213321554,0.24758124185644337,-2488.783174338879,-0.15592560917454054,0.4550594,1156,0.085388,backward
657.0619790554047,2.10353693781913,3.92708999689819,-0.19776896720588338,-1.618389054391002,-0.7617834543174321,-2489.7925390350524,-0.15598884722868397,0.4550594,1156,0.085388,backward
657.227091550827,2.088984855113565,3.9411572705163493,-1.2286506556452523,-1.1514652495646414,3.093349281634617,-2492.22059160628,-0.15614096798399127,0.4550594,1156,0.08523,backward
657.3827719688416,2.100303141525772,3.945037898163318,-1.10179634362178,-0.5644202316130679,2.1880990103849958,-2493.1258418775296,-0.15619768312955132,0.4550594,1156,0.08523,backward
657.5509722232819,2.1130766373405914,3.9332343229974867,-0.17857610549630848,-1.0762057116812234,0.1921346610162516,-2495.1218062268977,-0.1563227329773142,0.45545305,1157,0.085078,backward
657.6859800815582,2.0977161045473354,3.923209370134419,-0.53567738864264,-1.5885033147807521,-1.2720954252789598,-2496.586036313193,-0.1564144689591913,0.45545305,1157,0.085078,backward
657.8699769973755,2.0862361285574123,3.939378649575419,-1.4487283731857226,-1.208648359905113,-3.099896453803486,-2498.4138373417177,-0.1565289831490015,0.45545305,1157,0.08493,backward
658.0256497859955,2.1001414517131556,3.944391126875534,-1.132645701049273,-0.5877150865156194,2.235339001669563,-2499.3617871934243,-0.15658837348063756,0.45545305,1157,0.084773,backward
658.161661863327,2.1075791832958264,3.9348512509978795,-0.4743996122521585,-0.9385123833333736,0.8516156661485444,-2500.745510528945,-0.15667506560643008,0.4558467,1158,0.084622,backward
658.3453245162964,2.0975544147378415,3.9300004670961295,-0.7085093994070493,-1.4902289521618683,-1.678233838378503,-2503.2753600334727,-0.15683356407635735,0.4558467,1158,0.084622,backward
658.4919390678406,2.0902783735123722,3.938893571143955,-1.2751948304071037,-1.2372520654482833,-3.031969827305775,-2504.6290960223996,-0.1569183774546023,0.4558467,1158,0.08447,backward
658.6440844535828,2.098524553597729,3.9463314407548395,-1.18282639017304,-0.7746739688733623,2.472705689915571,-2505.4076058123583,-0.15696715213875287,0.4558467,1158,0.08447,backward
658.7824969291687,2.111298049242483,3.9403488064473104,-0.41232711178744597,-0.6755255171582369,1.0618773372243362,-2506.8184341650494,-0.1570555424302826,0.45624035,1159,0.08432,backward
658.93048787117,2.1137233966548807,3.928060153618916,0.09886053027096113,-1.188582783740727,-0.03556732114604032,-2507.91587882342,-0.15712429881237974,0.456634,1160,0.08432,backward
659.0678653717041,2.1074174934744097,3.9275750752570633,-0.06309756985914988,-1.4987288589561367,-0.5044518938620233,-2508.3847633961354,-0.15715367506073558,0.456634,1160,0.084167,backward
659.2195119857788,2.093835549173313,3.9403488064473104,-0.866522400736806,-1.1193263487201486,2.91374981331184,-2511.249746996141,-0.15733317013194625,0.456634,1160,0.08401,backward
659.3688519001007,2.1024051091075626,3.9523140755174757,-0.8458178276457922,-0.5063570568943258,1.8303744997930995,-2512.33312230966,-0.15740104505068844,0.456634,1160,0.08401,backward
659.5318648815155,2.1061239749101253,3.940995577701878,-0.37998574937675156,-0.755667540092371,0.9429714388267094,-2513.220525370626,-0.15745664204454918,0.45702765,1161,0.08385,backward
659.7015292644501,2.093835549173313,3.9346895581963484,-0.7429219235018488,-1.3415222277614458,-1.9530710080156075,-2516.1165678174684,-0.15763808299423704,0.45702765,1161,0.08385,backward
659.838517665863,2.0897933041113608,3.9377617214821528,-1.3524435608738228,-1.1143703047188191,3.078340558235795,-2517.3683415583964,-0.1577165083006741,0.45702765,1161,0.083691,backward
659.9884309768677,2.1019200396626805,3.953445925388679,-1.0053900525412212,-0.40596022861564096,1.982533021516652,-2518.4641490951158,-0.15778516211490057,0.45702765,1161,0.083691,backward
660.1255514621735,2.109842840816227,3.9351746366019364,-0.2582303075153836,-0.7072761192477574,0.8100580040907079,-2519.636624112542,-0.15785861924978445,0.4574213,1162,0.083535,backward
660.2798819541931,2.1030518683701422,3.930485545472884,-0.3544949384944045,-1.3417887375067667,-0.549974466210796,-2520.9966565828436,-0.1579438271110459,0.4574213,1162,0.083376,backward
660.4430902004242,2.090925132716445,3.9416423489617576,-1.1073115004102427,-1.1576280440166273,-3.1208727932016305,-2523.567554909834,-0.15810489734484331,0.4574213,1162,0.083376,backward
660.5896415710449,2.1020817294774456,3.9416423489617576,-1.0014755064740883,-0.6321548668232545,2.132494520433992,-2524.5973729033785,-0.15816941682554292,0.4574213,1162,0.083218,backward
660.7237823009491,2.111621428894919,3.9403488064473104,-0.2562037857015858,-0.8046933331654944,0.6724204534215451,-2526.057446970391,-0.15826089242722902,0.45781495,1163,0.083218,backward
660.8699569702148,2.098524553597729,3.933072630199271,-0.5488865076763934,-1.2402010003615518,-0.6764649075466653,-2527.4063323313594,-0.15834540190711632,0.45781495,1163,0.08307,backward
661.0111737251282,2.088823165314589,3.9422891202269508,-1.3027327011549241,-1.0534989821008338,3.003234615172605,-2530.0098181158196,-0.1585085137889005,0.45781495,1163,0.08307,backward
661.1581909656525,2.104183697087184,3.9469782120585784,-0.9032062166561623,-0.5137277716063776,1.911326500223108,-2531.101726230769,-0.1585769232991148,0.45781495,1163,0.082908,backward
661.2998962402344,2.1108129797652997,3.9377617214821528,-0.18991615900021094,-0.9004089331272064,0.44170207687386687,-2532.5713506541183,-0.15866899724345482,0.4582086,1164,0.082908,backward
661.4418361186981,2.103213558186276,3.9351746366019364,-0.36733918921525466,-1.259883147593762,-0.3905678899541447,-2533.403620620946,-0.1587211400749049,0.4582086,1164,0.082751,backward
661.5919187068939,2.0935121695638785,3.939216956764599,-0.9817687984674237,-1.2528511273063785,-2.7730800130114597,-2535.786132744003,-0.1588704076599576,0.4582086,1164,0.082593,backward
661.735514163971,2.0943206185889256,3.9424508130440796,-1.1754325085096244,-0.7600487761663063,2.4959211115702877,-2536.8003169266003,-0.15893394766139973,0.4582086,1164,0.082593,backward
661.8709576129913,2.099171312841557,3.9432592771347053,-0.9519502007403148,-0.6451033743868957,2.076044330919562,-2537.220193707251,-0.1589602535057482,0.4582086,1164,0.082434,backward
662.0106430053711,2.1061239749101253,3.9513439184979977,-0.5672171530142157,-0.23020043759226477,1.43906999191956,-2537.8571680462505,-0.15900016080376478,0.45860225,1165,0.082434,backward
662.1614158153534,2.112268188202145,3.9458463622805255,-0.1368788795087457,-0.3374008749563658,0.9579765062442815,-2538.338261531926,-0.15903030195691842,0.45860225,1165,0.082283,backward
662.3090605735779,2.112268188202145,3.951828997006239,0.07398472227822812,-0.25028885099802006,0.8509303612234121,-2538.445307676947,-0.1590370085417042,0.4589959,1166,0.082283,backward
662.4544262886047,2.116148744111444,3.9485951403412005,0.2441500456253626,-0.3393817929588313,0.6934144229877577,-2538.6028236151824,-0.15904687712683338,0.4589959,1166,0.082124,backward
662.6129574775696,2.117442262773017,3.9401871136344986,0.361537667684316,-0.7068494716865767,0.36049154517874415,-2538.9357464929917,-0.15906773519235945,0.4589959,1166,0.082124,backward
662.7587206363678,2.1188974712823243,3.9346895581963484,0.5224201967234806,-0.919209395340864,0.14350947635141156,-2539.152728561819,-0.15908132941045394,0.45938955,1167,0.081965,backward
662.9314799308777,2.119382540788967,3.9376000286746513,0.582779837281961,-1.1083837697939145,-0.017270260659856925,-2539.3135082988306,-0.15909140247696088,0.45938955,1167,0.081807,backward
663.0638222694397,2.119382540788967,3.9332343229974867,0.5994825830317261,-1.2890764570759639,-0.16294148230850605,-2539.4591795204797,-0.15910052897468435,0.45938955,1167,0.081807,backward
663.2130310535431,2.114693535632204,3.936629871836609,0.337085443442033,-1.3352360395487468,-0.25195818315268925,-2539.548196221324,-0.15910610599057268,0.45938955,1167,0.081655,backward
663.3593306541443,2.1059622850904707,3.9343661725942805,-0.10987977879050362,-1.4376014401302004,-0.6074364329260636,-2539.9036744710966,-0.15912837718045195,0.45938955,1167,0.081655,backward
663.5004336833954,2.0978777943570237,3.934527865395148,-0.6568877913170063,-1.2055800315629257,-2.047007330035376,-2541.343245368206,-0.15921856823100075,0.45938955,1167,0.081497,backward
663.660521030426,2.0962608962689164,3.9469782120585784,-0.9725583788697072,-0.7375136947358347,2.3712518240653067,-2543.208171521285,-0.1593354083597362,0.45938955,1167,0.081497,backward
663.7954666614532,2.1048304563583673,3.948756833171292,-0.6884181917193073,-0.4093174020096308,1.6913135934527148,-2543.8881097518974,-0.15937800740327782,0.45938955,1167,0.081348,backward
663.965695142746,2.116957193273453,3.9497269901588252,0.08332539057947924,-0.27722722705354164,0.8653293733111113,-2544.7140939720384,-0.15942975642425397,0.4597832,1168,0.081348,backward
664.1276547908783,2.114693535632204,3.9338810941936657,0.3135976998513075,-1.056923654981692,0.024451979956324595,-2545.5549713653936,-0.15948243852253877,0.4597832,1168,0.081028,backward
664.2784342765808,2.100949900778191,3.9380851070981513,-0.3008088074468027,-1.201574616586981,-0.39913752105172323,-2545.978560866402,-0.1595089769738051,0.4597832,1168,0.081028,backward
664.423070192337,2.1056389054517486,3.949403604494983,-0.6311218169727768,-0.45118666558337767,1.6401812422735587,-2543.9392421030766,-0.15938121091376772,0.4597832,1168,0.081028,backward
664.5666117668152,2.112753257684624,3.9319407806210394,0.11115865629490987,-1.0060647691055178,0.09619539453910696,-2545.4832279508114,-0.1594779437012388,0.46017685,1169,0.08088,backward
664.7067894935608,2.0948056880062924,3.9455229766326463,-0.7192610903614829,-0.9030901102222322,2.256002116234686,-2543.323421229116,-0.15934262890875225,0.46017685,1169,0.080728,backward
664.8669502735138,2.114208466142659,3.943420969953827,-0.2755962476086854,-0.3608200297984182,1.1627501553041464,-2544.4166731900464,-0.15941112261272253,0.46017685,1169,0.080728,backward
665.0389919281006,2.1048304563583673,3.9348512509978795,-0.1845395586611244,-1.1239708109123547,-0.15111085012646402,-2545.730534195477,-0.1594934377696855,0.4605705,1170,0.080571,backward
665.1784076690674,2.099171312841557,3.9435826627732813,-0.7371084809373956,-0.8225000096533848,2.1615672946559807,-2543.417856050695,-0.15934854537718304,0.4605705,1170,0.080413,backward
665.3226792812347,2.115016915292882,3.9506971471583356,-0.19656245509501957,-0.2492178768044828,1.1325886582612537,-2544.4468346870894,-0.1594130122710297,0.4605705,1170,0.080413,backward
665.4766449928284,2.1188974712823243,3.9346895581963484,0.4566547246593545,-0.9352011457687911,0.11376472746348025,-2545.465658617887,-0.15947684295892936,0.46096415,1171,0.080413,backward
665.6249516010284,2.099333002653002,3.93549802220732,-0.24911258553307564,-1.1717553555466023,-0.36657089033883455,-2545.945994235689,-0.1595069366306426,0.46096415,1171,0.080254,backward
665.7570204734802,2.0943206185889256,3.942774198679333,-1.011691073285182,-0.7601235512947129,2.5669133132560655,-2549.295695339273,-0.15971679990459686,0.46096415,1171,0.080103,backward
665.9109275341034,2.1090343916973895,3.9566797822534614,-0.6061855051384697,-0.22742732593752038,1.6212042794605126,-2550.2414043730687,-0.1597760498459806,0.46096415,1171,0.080103,backward
666.0493128299713,2.1171188831064445,3.938408492715477,0.13807998172088132,-0.6385360151260929,0.5203590846680654,-2551.3422495678615,-0.1598450192762527,0.4613578,1172,0.079944,backward
666.1992070674896,2.1091960815207655,3.9257964546224233,0.11186309309630198,-1.4003435216468703,-0.49741926211294285,-2552.360027914642,-0.15990878445690912,0.4613578,1172,0.079944,backward
666.3604843616486,2.099333002653002,3.9481100618529217,-0.5999823727405157,-0.8130470156210478,1.7842818317799167,-2550.078326820749,-0.15976583281825787,0.4613578,1172,0.079788,backward
666.4984648227692,2.1087110120512267,3.949888682991245,-0.38323008113841306,-0.4180843294027997,1.305910840306051,-2550.556697812223,-0.15979580340349245,0.4613578,1172,0.079788,backward
666.6494057178497,2.120190989970638,3.9367915646421205,0.346989201730403,-0.690455069967573,0.3633251389906036,-2551.4992835135386,-0.15985485766390062,0.46175145,1173,0.07963,backward
666.7916796207428,2.109519461168104,3.9380851070981513,0.1503254158244835,-1.1010606581111266,-0.10413916198460682,-2551.966747814514,-0.15988414493032402,0.46175145,1173,0.079478,backward
666.9512932300568,2.0954524472321756,3.9387318783341305,-0.6824822478278503,-1.0642591188244932,-2.9131129249443264,-2554.775721577473,-0.16006013091000304,0.46175145,1173,0.079478,backward
667.0904686450958,2.0969076555018185,3.9503737614905017,-1.041478355530224,-0.38877021297635683,2.239606440079745,-2555.906187519629,-0.16013095611988842,0.46175145,1173,0.07932,backward
667.2296216487885,2.1069324240113345,3.9515056113337454,-0.5591809101018653,-0.10997795478308547,1.5913000095278411,-2556.554493950181,-0.16017157338866372,0.46175145,1173,0.07932,backward
667.3813445568085,2.107740873117439,3.9468165192321445,-0.2554769420496605,-0.41590121019456733,1.1261057595329138,-2557.0196882001765,-0.16020071843334377,0.4621451,1174,0.07917,backward
667.5355408191681,2.0930271001511875,3.9364681790314298,-0.9030435339714066,-1.1484969394277718,-2.7771432161996596,-2560.9229371759093,-0.16044526222509561,0.4621451,1174,0.079011,backward
667.6872997283936,2.0863978183532783,3.9508588399927524,-1.4641646823632277,-0.6508647436618246,2.7700899777782766,-2561.6588892891114,-0.16049137061362762,0.4621451,1174,0.079011,backward
667.8384237289429,2.10887270187421,3.9511822256625835,-0.7675128433486222,-0.26784374855182497,1.8553432515181687,-2562.5736360153714,-0.16054868072485112,0.4621451,1174,0.079011,backward
667.9936816692352,2.100464831338584,3.9382467999066484,-0.4675335151167814,-0.880093427899547,0.9551506763047712,-2563.473828590585,-0.16060507899896026,0.46253875,1175,0.078853,backward
668.1609890460968,2.087367957132555,3.938893571143955,-1.2425526700223677,-0.9704150286502897,3.101177606105423,-2561.3278016607846,-0.160470627528947,0.46253875,1175,0.0787,backward
668.3138647079468,2.088823165314589,3.9511822256625835,-1.663869755681215,-0.27866283819076487,2.5646964403632544,-2561.864282826527,-0.16050423879466172,0.46253875,1175,0.078542,backward
668.4498288631439,2.1132383271688693,3.937114950254137,-0.4521360653891589,-0.4860642206433857,1.3391659336018378,-2563.0898133332885,-0.16058101992722446,0.4629324,1176,0.078542,backward
668.6113529205322,2.0988479332192527,3.937114950254137,-0.4534865725084829,-0.9404472384260165,0.368416735766338,-2564.0605625311237,-0.16064183866852294,0.4629324,1176,0.078386,backward
668.758424282074,2.0901166837118406,3.9479483690241612,-1.3220314538217368,-0.7103722522641972,2.792054512306265,-2567.920110061764,-0.16088364450603349,0.4629324,1176,0.078386,backward
668.9105107784271,2.1045070767223844,3.949403604494983,-0.8664790362034366,-0.27140267605439067,1.9588010590932,-2568.753363514977,-0.16093584895422677,0.4629324,1176,0.078228,backward
669.0605039596558,2.1167955034406583,3.9435826627732813,0.06630708489087776,-0.5257967397510851,0.6079250998550166,-2570.1042394742153,-0.1610204831477697,0.46332605,1177,0.078228,backward
669.2138268947601,2.1028901785542042,3.9379234142899864,-0.2592511684142437,-1.0988981193541276,-0.3886463787599232,-2571.10081095283,-0.16108291968964739,0.46332605,1177,0.078079,backward
669.3728728294373,2.1007882109647933,3.9464931335802755,-0.7091324156818307,-0.731961049238301,2.098077654809618,-2574.8972722264402,-0.16132077308840817,0.46332605,1177,0.078079,backward
669.518887758255,2.1172805729396322,3.947301597712442,-0.04936319916813258,-0.3304554220665418,0.8866126623830736,-2576.1087372188667,-0.1613966729976029,0.46332605,1177,0.077927,backward
669.672963142395,2.118574091612213,3.934204479793744,0.4742119330781399,-0.9080830428326958,0.053042995593956886,-2576.942306885656,-0.16144889725700148,0.4637197,1178,0.077769,backward
669.8353204727173,2.106770734190701,3.9455229766326463,0.07746416697466604,-1.001649798468547,-0.059079557518765084,-2577.0544294387687,-0.16145592188557364,0.4637197,1178,0.077769,backward
669.9894890785217,2.095775826846287,3.955062853804416,-0.7854195384645186,-0.2863687133969928,1.9082077959465196,-2575.0871420853036,-0.16133266869012727,0.4637197,1178,0.077617,backward
670.1244151592255,2.115178605123516,3.9468165192321445,-0.12873583725424975,-0.25607948947170067,1.0291399575617892,-2575.966209923689,-0.16138774347109625,0.4637197,1178,0.077617,backward
670.265389919281,2.1124298780294417,3.9374383358674816,0.055147736775797554,-0.8019025813927823,0.24114364419978282,-2576.7542062370508,-0.16143711249868173,0.46411335,1179,0.077458,backward
670.4117968082428,2.1027284887384616,3.939378649575419,-0.4031983363002082,-1.0673332455649676,-0.7137033464554077,-2577.7090532277057,-0.16149693494533818,0.46411335,1179,0.0773,backward
670.5583081245422,2.0933504797594535,3.9458463622805255,-1.035735637489605,-0.7989729775970211,2.8458220584889107,-2580.4327131299406,-0.16166757589703662,0.46411335,1179,0.0773,backward
670.6998152732849,2.1033752480026053,3.9523140755174757,-0.7765889017277827,-0.35042663784444733,1.9418033848982788,-2581.3367318035307,-0.16172421388134883,0.46411335,1179,0.07715,backward
670.8522701263428,2.109842840816227,3.9536076182287543,-0.296429216763068,-0.05455957497818954,1.2969065572901424,-2581.9816286311393,-0.16176461753391946,0.464507,1180,0.07715,backward
671.0088744163513,2.1209994391572287,3.9414806561462896,0.3442049739383031,-0.3504045414689669,0.5805598660801239,-2582.6979753223495,-0.16180949761642677,0.46490065,1181,0.076992,backward
671.1523833274841,2.1184124017774524,3.9364681790314298,0.5493676516350415,-0.7820854565713259,0.1319320039667804,-2583.1466031844625,-0.16183760475465153,0.46490065,1181,0.076992,backward
671.3120803833008,2.0978777943570237,3.938893571143955,-0.2790971356553632,-1.075351443504892,-0.5537644470106782,-2583.83229963544,-0.1618805645584343,0.46490065,1181,0.076833,backward
671.4594724178314,2.0980394841669074,3.953284232548937,-0.9113665665203162,-0.3872499515053651,2.197274001223936,-2587.364446494385,-0.16210185830405008,0.46490065,1181,0.076677,backward
671.59716629982,2.115663674616596,3.9461697479297357,-0.16978051458524968,-0.2825282321749761,1.062196549897849,-2588.4995239457116,-0.16217297243117984,0.4652943,1182,0.076677,backward
671.7378149032593,2.115016915292882,3.9413189633311534,0.2737451179532174,-0.6764682950541565,0.2897749271803262,-2589.2719455684296,-0.16222136568347428,0.4652943,1182,0.076526,backward
671.8793110847473,2.0975544147378415,3.944714512518762,-0.5001436907646554,-0.76743154815057,1.4874279298661528,-2588.0742925657432,-0.16214633111399104,0.4652943,1182,0.076526,backward
672.0221605300903,2.1109746695908314,3.9515056113337454,-0.28544416221597574,-0.2244133166063998,1.25012985772965,-2588.31159063788,-0.16216119815698435,0.4652943,1182,0.076367,backward
672.1721949577332,2.1158253644480154,3.9269283041125607,0.33096106284601373,-0.9879456169240981,-0.10288503271297562,-2589.664605528323,-0.16224596635744062,0.46568795,1183,0.076367,backward
672.331639289856,2.100303141525772,3.944714512518762,-0.3259350146171105,-0.8348585856356625,0.37347220086257976,-2589.188248294747,-0.1622161219368435,0.46568795,1183,0.07621,backward
672.470541715622,2.108387632405847,3.9513439184979977,-0.4682159613255241,-0.22755952714968436,1.5229748533391145,-2588.0387456422704,-0.16214410405148358,0.46568795,1183,0.07606,backward
672.6160404682159,2.1132383271688693,3.936953257447963,0.10019086695441759,-0.6259919786698803,0.4216374560072441,-2589.1400830396024,-0.16221310431890598,0.4660816,1184,0.07606,backward
672.7741901874542,2.100464831338584,3.948271754682015,-0.47815441097512584,-0.9231976058445119,0.0,-2590.7075432091065,-0.16231130780417008,0.4660816,1184,0.0759,still
672.9112148284912,2.1043453869046864,3.953284232548937,-0.5351056218399975,-0.2617962114156758,1.6370788991276946,-2594.207826903661,-0.16253060527973345,0.4660816,1184,0.0759,backward
673.0659863948822,2.121646198510044,3.9458463622805255,0.3785720897046079,-0.3016084488642744,0.5913684403375955,-2595.2535373624505,-0.16259612044472982,0.46647525,1185,0.075742,backward
673.2187039852142,2.1106512899399643,3.9363064862265826,0.2987831649664573,-1.0230530065386039,-0.1781719975544771,-2596.023077800343,-0.16264433318692448,0.46647525,1185,0.075742,backward
673.3599560260773,2.0998180720885085,3.9460080551049646,-0.4951096269911327,-0.8285944273259322,1.8969118543917332,-2593.9479939483967,-0.16251432639604005,0.46647525,1185,0.075593,backward
673.4993786811829,2.105315525813809,3.9492419116635613,-0.6048117040313962,-0.2936910281842024,1.7835586233881378,-2594.0613471794,-0.16252142812823525,0.46647525,1185,0.075593,backward
673.6640408039093,2.119544230624907,3.9377617214821528,0.35273982543786064,-0.7191693067710804,0.18665714637579306,-2595.6582486564125,-0.1626214761509647,0.4668689,1186,0.075432,backward
673.8201806545258,2.104668766540278,3.939378649575419,-0.09025533682201402,-0.8889959087777433,-0.03671594847181354,-2595.8816217512604,-0.16263547077542473,0.4668689,1186,0.075273,backward
673.9727258682251,2.0990096230303075,3.947301597712442,-0.7168358752759478,-0.5919026844794375,2.2947348522680144,-2593.5501709505197,-0.16248940225080827,0.4668689,1186,0.075273,backward
674.147670507431,2.111298049242483,3.9458463622805255,-0.2855133394580592,-0.33284160371820465,1.2430267069517642,-2594.601879095836,-0.1625552931789225,0.4668689,1186,0.075115,backward
674.2923665046692,2.115340294954346,3.934204479793744,0.15600015525673183,-0.7260561546345496,0.22054896004066718,-2595.624356842747,-0.16261935278331005,0.46726255,1187,0.075115,backward
674.4327862262726,2.10369862763585,3.938408492715477,-0.20534438944455305,-1.0204951765857857,-0.5479943404258165,-2596.3929001432134,-0.16266750305350547,0.46726255,1187,0.074956,backward
674.5879797935486,2.0980394841669074,3.9471399048853444,-0.7581372143572059,-0.5213688885858845,2.2868596085983723,-2593.558046194189,-0.16248989564540334,0.46726255,1187,0.074797,backward
674.7625217437744,2.111621428894919,3.9515056113337454,-0.3467025626595071,-0.13044540710235808,1.4151996162547347,-2594.4297061865327,-0.16254450631486647,0.46726255,1187,0.074797,backward
674.8969428539276,2.1172805729396322,3.938408492715477,0.26987619892417836,-0.7702838542084454,0.11548954460141243,-2595.729416258186,-0.16262593489681867,0.4676562,1188,0.074646,backward
675.0549490451813,2.100303141525772,3.9403488064473104,-0.30428389273885575,-1.1004957779608873,-1.0298341045246475,-2596.8747399073122,-0.1626976909620048,0.4676562,1188,0.074487,backward
675.1969668865204,2.095614137039134,3.942774198679333,-0.9615241686614412,-0.775026945506431,2.9795501737895904,-2599.148540936177,-0.16284014765096952,0.4676562,1188,0.074487,backward
675.3361003398895,2.1033752480026053,3.9511822256625835,-0.7711599787637796,-0.2405357834373157,2.0429218763379735,-2600.085169233629,-0.16289882867202274,0.4676562,1188,0.074329,backward
675.496613740921,2.115016915292882,3.9403488064473104,-0.0058991242579711466,-0.5692870020659373,0.5548228665752215,-2601.573268243392,-0.1629920600740194,0.46804985,1189,0.074329,backward
675.6394166946411,2.1056389054517486,3.9351746366019364,-0.10907513906894757,-1.217910115013221,-0.8210716010758735,-2602.949162711043,-0.16307826171072298,0.46804985,1189,0.074329,backward
675.7774369716644,2.0975544147378415,3.9403488064473104,-0.7209870754343177,-0.9792900707757703,-2.7006284974627306,-2604.8287196074293,-0.16319601847518084,0.46804985,1189,0.074172,backward
675.9206125736237,2.0996563822764776,3.952799154031708,-0.8668648538097417,-0.4183232089593994,2.3306261137716513,-2606.080650303374,-0.16327445361506052,0.46804985,1189,0.07402,backward
676.0638818740845,2.112106498375044,3.9432592771347053,-0.27310033073024925,-0.5121530888373506,1.0681949932769812,-2607.3430814238686,-0.163353546620644,0.46804985,1189,0.07402,backward
676.2194991111755,2.114046776313203,3.9317790878254746,0.21754909342427417,-1.137256037810584,-0.4101841012838406,-2608.8214605184294,-0.16344616905689602,0.4684435,1190,0.073862,backward
676.3633880615234,2.103213558186276,3.9379234142899864,-0.2915827609459683,-1.1420117790942412,-1.0808059958411607,-2609.492082412987,-0.16348818441946872,0.4684435,1190,0.073704,backward
676.5110692977905,2.098524553597729,3.9481100618529217,-0.7821582240630226,-0.5000894587949334,2.332897171709701,-2612.361564552616,-0.16366796133022993,0.4684435,1190,0.073704,backward
676.6520562171936,2.111298049242483,3.9418040417775577,-0.363044466126094,-0.37766452356739805,1.3840744520462158,-2613.31038727228,-0.1637274063482161,0.4684435,1190,0.073545,backward
676.788120508194,2.112753257684624,3.9377617214821528,0.10366514055896814,-0.9187174757319677,-0.13985750484852613,-2614.834319229175,-0.1638228827324867,0.46883715,1191,0.073545,backward
676.9322228431702,2.1017583498481103,3.93582140781403,-0.4072789854156335,-1.2638783317145954,-1.48451714614241,-2616.178978870469,-0.16390712746535976,0.46883715,1191,0.073389,backward
677.0799241065979,2.095937516653635,3.951990689842985,-0.9375404810692677,-0.560846905756951,2.6167698895615223,-2618.3608771419445,-0.16404382632311668,0.46883715,1191,0.073389,backward
677.2404637336731,2.10887270187421,3.9492419116635613,-0.5215782156728924,-0.354590352547088,1.7168046410260394,-2619.26084239048,-0.16410021035490405,0.46883715,1191,0.073389,backward
677.3749182224274,2.114046776313203,3.9351746366019364,0.1195285309005705,-0.898679290707551,-0.10641851950154643,-2621.0840655510074,-0.1642144377351345,0.4692308,1192,0.07323,backward
677.5257906913757,2.0988479332192527,3.9411572705163493,-0.499331702925909,-1.0400753292602356,-1.841098187831034,-2622.818745219337,-0.16432311774663402,0.4692308,1192,0.073071,backward
677.6946971416473,2.1027284887384616,3.9435826627732813,-0.7315239806299729,-0.6209651716110767,2.4857471941935954,-2624.775085144492,-0.16444568507099055,0.4692308,1192,0.073071,backward
677.8404762744904,2.1177656424403755,3.9367915646421205,0.08355814342305877,-0.8088801709765345,0.05357400533407309,-2627.2072583333515,-0.1645980639885279,0.46962445,1193,0.072913,backward
677.9821548461914,2.1061239749101253,3.930647238265799,-0.06425592242889734,-1.3032497781642634,-0.8896063187895752,-2628.150438657475,-0.16465715550285379,0.46962445,1193,0.072754,backward
678.1497910022736,2.0973927249285436,3.9464931335802755,-0.7450025749085207,-0.9110799318328902,-2.9215170968015203,-2630.182349435487,-0.16478445744265974,0.46962445,1193,0.072754,backward
678.2889153957367,2.0998180720885085,3.9503737614905017,-0.8394373430123913,-0.4166111791067603,2.3207559530335518,-2631.223261692832,-0.16484967199388992,0.46962445,1193,0.072595,backward
678.4328253269196,2.105800595271012,3.948271754682015,-0.552455831861954,-0.3008971821455884,1.7656358396960428,-2631.7783818061694,-0.16488445101471008,0.46962445,1193,0.072595,backward
678.5899488925934,2.1114597390686027,3.944714512518762,-0.18457001058202835,-0.38923059964888007,1.0358334947422327,-2632.5081841511233,-0.16493017411200003,0.4700181,1194,0.072437,backward
678.7365097999573,2.1137233966548807,3.9346895581963484,0.0559670393393525,-0.7071292550299312,0.23595997071868346,-2633.3080576751463,-0.1649802872627887,0.4700181,1194,0.072437,backward
678.8968815803528,2.117442262773017,3.9351746366019364,0.3196678498858416,-0.9450894842892313,-0.1556776387363236,-2633.699695284601,-0.1650048238851267,0.47041175,1195,0.072278,backward
679.0390133857727,2.1203526798075627,3.9348512509978795,0.4669755363868174,-1.1697620619471456,-0.3640309528303438,-2633.908048598695,-0.1650178775001457,0.47041175,1195,0.07212,backward
679.1985104084015,2.1187357814471706,3.9343661725942805,0.47739789566024166,-1.4217077286322313,-0.5800601724027169,-2634.1240778182673,-0.16503141202095434,0.47041175,1195,0.07212,backward
679.3399982452393,2.1129149475125093,3.9346895581963484,0.19425448845026616,-1.3359638567559848,-0.6862205192578006,-2634.2302381651225,-0.16503806310929514,0.47041175,1195,0.07196,backward
679.4802215099335,2.111621428894919,3.9364681790314298,0.043720653174585,-1.3291575451338256,-0.821636230148961,-2634.3656538760133,-0.16504654708549288,0.47041175,1195,0.07196,backward
679.6389045715332,2.1061239749101253,3.9275750752570633,-0.22625755368421474,-1.561140818353583,-1.3267814309615997,-2634.8707990768257,-0.16507819511090963,0.47041175,1195,0.07181,backward
679.7863557338715,2.1019200396626805,3.9329109374013864,-0.4830308818356568,-1.4546913063575564,-1.7053269137602272,-2635.249344559624,-0.16510191149392534,0.47041175,1195,0.07181,backward
679.9202089309692,2.0988479332192527,3.94261250586154,-0.7359400561840049,-1.0689298493509565,-2.5848329285175438,-2636.1288505743814,-0.16515701372723263,0.47041175,1195,0.07166,backward
680.0740690231323,2.0962608962689164,3.939216956764599,-0.945423803797627,-0.894114601856917,-3.0851998124295665,-2636.6292174582936,-0.16518836238467663,0.47041175,1195,0.071501,backward
680.2282338142395,2.0977161045473354,3.942774198679333,-0.9991160926764467,-0.5412055994545962,2.639657505633769,-2637.1875454474102,-0.16522334238322364,0.47041175,1195,0.071501,backward
680.3726284503937,2.110327910289881,3.946654826406044,-0.43482242897022133,-0.6091862615914645,1.6371992212013649,-2638.190003731843,-0.1652861477413938,0.47041175,1195,0.071343,backward
680.5098893642426,2.1158253644480154,3.947463290539873,0.10492611158237719,-0.5930305269286791,0.46975889288524203,-2639.357444060159,-0.16535928944624162,0.4708054,1196,0.071343,backward
680.6488173007965,2.1132383271688693,3.936144793422067,0.18801326873796861,-1.1309601432711915,-0.42885557932354806,-2640.256058532368,-0.16541558885007757,0.4708054,1196,0.071184,backward
680.8068175315857,2.0964225860768493,3.9353363294044623,-0.5519349865076638,-1.3174255200670268,-1.8801763691399522,-2641.7073793221844,-0.1655065160471886,0.4708054,1196,0.071184,backward
680.9402449131012,2.0980394841669074,3.949565297326738,-0.9454460009989765,-0.7583372416573785,2.9448613238996404,-2643.165526936324,-0.16559787095401432,0.4708054,1196,0.071028,backward
681.0966949462891,2.117603952606598,3.9416423489617576,-0.09768187381457963,-0.7997711472719163,0.2002779558652301,-2645.9101103043586,-0.1657698227889526,0.47119905,1197,0.071028,backward
681.2371294498444,2.100464831338584,3.9285452319837493,-0.2826469791420331,-1.4905408183662037,-1.3715270495120708,-2647.481915309736,-0.1658682984840208,0.47119905,1197,0.070872,backward
681.3948261737823,2.1012732804055725,3.9492419116635613,-0.8524183889247207,-0.6585384205976144,2.6947253599332086,-2649.6988482074703,-0.1660071923081765,0.47119905,1197,0.070713,backward
681.5545241832733,2.113885086483944,3.932102473416935,-0.029680804864202145,-1.0197674554301475,-0.378718899274002,-2652.7722924666773,-0.16619974771972143,0.4715927,1198,0.070713,backward
681.6895840167999,2.0962608962689164,3.934042786993539,-0.6458412607577527,-1.3846143895881018,-2.0008809490295247,-2654.394454516433,-0.16630137835126696,0.4715927,1198,0.070552,backward
681.8391809463501,2.100464831338584,3.944067741233636,-0.91341788273962,-0.6150898061202058,2.663852322400393,-2656.0129065521833,-0.16640277654545121,0.4715927,1198,0.070552,backward
682.0020248889923,2.116148744111444,3.938893571143955,-0.04561354798938246,-0.6530715903138796,0.5287694644047936,-2658.147989410179,-0.1665365423546642,0.47198635,1199,0.070396,backward
682.1468744277954,2.1049921461766523,3.9301621598880496,-0.12207172933484026,-1.3800792544314733,-1.0527164964339495,-2659.729475371018,-0.16663562457459696,0.47198635,1199,0.070396,backward
682.2969093322754,2.09254203074025,3.9401871136344986,-0.9948027788255929,-1.123514792919643,-2.7383298367437443,-2661.415088711328,-0.16674123051473289,0.47198635,1199,0.070237,backward
682.4515891075134,2.100626521151591,3.9484334475114418,-0.9759450513251688,-0.4718399926295321,2.5156457019511604,-2662.444298479813,-0.1668057118893155,0.47198635,1199,0.070078,backward
682.6028935909271,2.114531845802159,3.935012943799742,-0.1716664017669387,-0.8549071494928585,0.06359912660926044,-2664.8963450551546,-0.1669593359012128,0.47238,1200,0.070078,backward
682.7565686702728,2.105153835995133,3.9261198401893793,-0.158711622899402,-1.547827277566501,-1.2038128216922244,-2666.163757003456,-0.16703874096234936,0.47238,1200,0.069927,backward
682.9039280414581,2.0939972389783224,3.944391126875534,-0.8865703562945494,-1.0498299235451172,-2.7892257845592887,-2667.7491699663233,-0.16713806921423452,0.47238,1200,0.069775,backward
683.0987884998322,2.1025667989229144,3.9460080551049646,-0.9075682859431801,-0.4751427066662694,2.448248804376801,-2668.794880684567,-0.16720358439548605,0.47238,1200,0.069775,backward
683.268387556076,2.115016915292882,3.936953257447963,-0.06640236343261284,-0.8535845084077553,0.053477288141432884,-2671.189652200803,-0.16735362004799004,0.47277365,1201,0.069617,backward
683.4082419872284,2.1096811509920674,3.926766611327262,0.016498872377396837,-1.5275707832978416,-0.9799716334866155,-2672.223101122431,-0.16741836701121174,0.47277365,1201,0.069617,backward
683.5454616546631,2.0939972389783224,3.940833884887738,-0.7866988242839785,-1.165043344639455,-2.4814517943291494,-2673.7245812832734,-0.16751243676029906,0.47277365,1201,0.069458,backward
683.6927711963654,2.0943206185889256,3.9455229766326463,-1.1998187099763766,-0.7463245574414517,2.9683535720956353,-2674.5579612240285,-0.16756464913310673,0.47277365,1201,0.0693,backward
683.8285129070282,2.1064473545500215,3.9458463622805255,-0.6908628870173004,-0.49308550937574963,2.161050245668541,-2675.3652645504553,-0.1676152277709968,0.47277365,1201,0.0693,backward
683.9755265712738,2.1109746695908314,3.9390552639541108,-0.09460504615951495,-0.7410943841223228,0.3783437825664777,-2677.1479710135573,-0.1677269167257055,0.4731673,1202,0.0693,backward
684.115040063858,2.1019200396626805,3.9333960157960344,-0.3770213658165135,-1.392948811527614,-1.4702599492492907,-2678.996574745373,-0.16784273423282212,0.4731673,1202,0.069143,backward
684.2507259845734,2.0939972389783224,3.944391126875534,-1.0140778659010823,-1.1265539072797128,-2.7449770161473643,-2680.271291812271,-0.16792259696945205,0.4731673,1202,0.068984,backward
684.4046583175659,2.100626521151591,3.9469782120585784,-1.0460420369406027,-0.6511374637040179,2.777364146380942,-2681.0321359569225,-0.16797026487719302,0.4731673,1202,0.068984,backward
684.5471067428589,2.1134000169973435,3.9406721920739303,-0.24942983580807546,-0.6887656878263477,0.7836802703369196,-2683.025819832966,-0.16809517185023867,0.47356095,1203,0.068826,backward
684.6913073062897,2.109842840816227,3.9329109374013864,0.010234875508768124,-1.205479087721114,-0.6280326260117562,-2684.437532729315,-0.16818361755961678,0.47356095,1203,0.068826,backward
684.8453726768494,2.0980394841669074,3.9329109374013864,-0.5689074992620834,-1.437318528946411,-1.8089564384368821,-2685.6184565417398,-0.16825760402285697,0.47356095,1203,0.068667,backward
684.9866287708282,2.093835549173313,3.9432592771347053,-1.099254195795846,-0.8213903889135701,3.0413016956540764,-2687.0513837148287,-0.16834737883517104,0.47356095,1203,0.068667,backward
685.1365041732788,2.110004530640582,3.944714512518762,-0.49570604499028775,-0.4698252343290713,1.69519929775078,-2688.3974861127317,-0.1684317139586838,0.47356095,1203,0.06851,backward
685.3025417327881,2.1132383271688693,3.936953257447963,0.09131429579069925,-0.9496463554178416,-0.1259874828703476,-2690.218672893353,-0.16854581375697758,0.4739546,1204,0.06851,backward
685.46164727211,2.095937516653635,3.935012943799742,-0.593379470791626,-1.3078426733753379,-1.9230241372696721,-2692.0157095477525,-0.1686584005174215,0.4739546,1204,0.06836,backward
685.6053364276886,2.0941589287835267,3.9523140755174757,-1.1081675345510877,-0.5747504221125156,2.703673455709764,-2693.6721972619525,-0.16876218169795582,0.4739546,1204,0.06821,backward
685.7546694278717,2.108387632405847,3.9432592771347053,-0.6597551617497325,-0.4248910899099976,2.004140063457402,-2694.3717306542053,-0.1688060084046973,0.4739546,1204,0.06821,backward
685.899899482727,2.112591567856935,3.9285452319837493,-0.02586593256404297,-1.1403430852900103,-0.5547306475225929,-2696.930601365185,-0.16896632509219436,0.47434825,1205,0.068052,backward
686.0513153076172,2.0980394841669074,3.9343661725942805,-0.5595616669045753,-1.3314293272418778,-1.822367426219078,-2698.198238143882,-0.16904574423925722,0.47434825,1205,0.0679,backward
686.1929092407227,2.095937516653635,3.944714512518762,-1.012891720023026,-0.8096426787155723,3.007551197223795,-2699.6515048276187,-0.1691367933492364,0.47434825,1205,0.0679,backward
686.351940870285,2.1143701559723107,3.945037898163318,-0.38446339414168834,-0.5724590815819531,1.356059761139787,-2701.3029962637024,-0.16924026150623497,0.47434825,1205,0.0679,backward
686.4855258464813,2.112753257684624,3.9348512509978795,0.1720893979278924,-1.0807695294825885,-0.31069303758796424,-2702.9697490624303,-0.16934468580810452,0.4747419,1206,0.067744,backward
686.6249265670776,2.0990096230303075,3.9382467999066484,-0.4625418216485899,-1.1706828528517566,-1.6358705665401525,-2704.2949265913826,-0.16942770996046813,0.4747419,1206,0.067585,backward
686.7588586807251,2.0980394841669074,3.9458463622805255,-0.9420620256043247,-0.6467154679733118,2.6909988893802534,-2706.251242442642,-0.16955027577656276,0.4747419,1206,0.067585,backward
686.8983480930328,2.1114597390686027,3.9492419116635613,-0.39562921843189486,-0.299003993210964,1.4770014527661721,-2707.465239879256,-0.1696263343467878,0.4747419,1206,0.067434,backward
687.0393769741058,2.114046776313203,3.9374383358674816,0.12461476702431475,-0.8789466647270423,-0.001075212105609076,-2708.9433165441283,-0.16971893783541356,0.47513555,1207,0.067434,backward
687.1755757331848,2.108387632405847,3.934042786993539,-0.078679336203674,-1.3069002873233488,-0.8655620586774013,-2709.8078033907,-0.1697730990976581,0.47513555,1207,0.067275,backward
687.3268263339996,2.100949900778191,3.936629871836609,-0.47324752132558007,-1.374022363489745,-1.638819697907383,-2710.58106102993,-0.16982154472751002,0.47513555,1207,0.067124,backward
687.4605677127838,2.0951290676188443,3.940995577701878,-0.9073384312037532,-0.9858158084358057,-2.9373202252662227,-2711.8795615572885,-0.1699028975298873,0.47513555,1207,0.067124,backward
687.6048283576965,2.0933504797594535,3.952960846870451,-1.163282996377042,-0.53406429598175,2.6807385674072357,-2712.544688071795,-0.1699445685995176,0.47513555,1207,0.067124,backward
687.7546451091766,2.104668766540278,3.9439060484131856,-0.7610128279439292,-0.31547445100459237,2.066530517053062,-2713.158896122149,-0.16998304955896748,0.47513555,1207,0.066965,backward
687.888016462326,2.111621428894919,3.944714512518762,-0.15940833035077417,-0.4030158253710547,1.0148368633588867,-2714.210589775843,-0.17004893957916212,0.4755292,1208,0.066807,backward
688.0264604091644,2.108387632405847,3.936144793422067,-0.13401967903224823,-1.1071761866866887,-0.630034847196087,-2715.8554614863983,-0.17015199300146375,0.4755292,1208,0.066807,backward
688.1653709411621,2.0967459656933003,3.940510499260454,-0.6681624129159082,-1.105830579974522,-2.338637297612324,-2717.5640639368144,-0.1702590392402302,0.4755292,1208,0.066648,backward
688.335776090622,2.1027284887384616,3.9477866761957325,-0.8397415843187495,-0.4614445087277829,2.317118535559489,-2719.1914934108217,-0.1703609998829811,0.4755292,1208,0.066648,backward
688.5158684253693,2.1167955034406583,3.9364681790314298,0.10437503991168542,-0.8752859947332321,0.0002329026573028259,-2721.5083790437234,-0.17050615588026635,0.47592285,1209,0.06649,backward
688.6509194374084,2.1012732804055725,3.9377617214821528,-0.34096090389895406,-1.1344928049277851,-1.1740759561787844,-2722.68268790256,-0.17057972790777803,0.47592285,1209,0.06633,backward
688.7941484451294,2.1064473545500215,3.944552819696982,-0.6037425845187941,-0.7139124322005929,2.323691426426421,-2725.4681058271344,-0.1707542380825386,0.47592285,1209,0.06633,backward
688.932614326477,2.121969578187633,3.939216956764599,0.3594296810132241,-0.7229034269111773,0.18663417883343894,-2727.6051630747274,-0.17088812758991215,0.4763165,1210,0.06633,backward
689.0877919197083,2.1033752480026053,3.938408492715477,0.03347484107052481,-1.173265260845615,-0.5600877376307563,-2728.3518849911916,-0.1709349107210861,0.4763165,1210,0.06618,backward
689.2264006137848,2.1001414517131556,3.9464931335802755,-0.7012142866892113,-0.6247384702833938,2.37453034362697,-2731.7004522171137,-0.17114470295608164,0.4763165,1210,0.066028,backward
689.3821470737457,2.1180890221085207,3.940995577701878,-0.0044700513567708005,-0.5324173421016444,0.6648084218505066,-2733.41017413889,-0.17125181933123265,0.4763165,1210,0.066028,backward
689.5232355594635,2.1117831187214313,3.930485545472884,0.17724068763245976,-1.1945472989522585,-0.48536840102971296,-2734.56035096177,-0.17132387945427396,0.47671015,1211,0.065876,backward
689.7195479869843,2.0975544147378415,3.9479483690241612,-0.8448289733506004,-0.7647123675563141,2.879681369585799,-2737.4784864983344,-0.17150670456571163,0.47671015,1211,0.065725,backward
689.8622286319733,2.1117831187214313,3.949565297326738,-0.34854949444150213,-0.44436049005094513,1.370232866599371,-2738.9879350013207,-0.17160127354213853,0.47671015,1211,0.065725,backward
690.0004377365112,2.114693535632204,3.9329109374013864,0.22933695672523988,-0.8869275222119909,-0.026353708691183496,-2740.384521576611,-0.17168877156718243,0.4771038,1212,0.065566,backward
690.1398358345032,2.1048304563583673,3.9337194013941237,-0.15992079707719345,-1.1478115537922693,-0.804384308242894,-2741.162552176163,-0.1717375162294103,0.4771038,1212,0.065566,backward
690.287442445755,2.099494692464642,3.9508588399927524,-0.8620066575833876,-0.6922149989987788,2.7481659393808084,-2743.893187235719,-0.17190859418408497,0.4771038,1212,0.06541,backward
690.4275126457214,2.1025667989229144,3.944876205340874,-0.7572728414133563,-0.33010768471807617,2.1141903141524043,-2744.527162860947,-0.17194831360865548,0.4771038,1212,0.06541,backward
690.5775265693665,2.11663381360806,3.9380851070981513,0.14010472440716426,-0.7144983823771126,0.25650193512952923,-2746.38485123997,-0.17206470028112344,0.47749745,1213,0.065251,backward
690.7281799316406,2.10353693781913,3.9353363294044623,-0.036424984559866994,-1.280844645334578,-0.8167159483719321,-2747.458069123471,-0.17213193882323002,0.47749745,1213,0.065251,backward
690.8837809562683,2.0975544147378415,3.9492419116635613,-0.6488364336693757,-0.7131318277689054,2.535925196706744,-2750.3886132855714,-0.17231554135172664,0.47749745,1213,0.0651,backward
691.0255606174469,2.1064473545500215,3.948271754682015,-0.6009365026611634,-0.35070477009620515,1.8964244719323267,-2751.0281140103457,-0.17235560693120583,0.47749745,1213,0.064941,backward
691.1841356754303,2.1124298780294417,3.9424508130440796,-0.037068436463192314,-0.6579134374239419,0.481120771369265,-2752.4434177109088,-0.17244427760929168,0.4778911,1214,0.064941,backward
691.3270597457886,2.1072558036531888,3.9351746366019364,-0.13136549883937904,-1.1366685395104825,-0.7576642641189363,-2753.6822027463973,-0.1725218891558846,0.4778911,1214,0.064783,backward
691.4783186912537,2.100303141525772,3.943744355593067,-0.5807961099175292,-0.8403302480778055,2.997911423922626,-2756.2098123655355,-0.17268024729398324,0.4778911,1214,0.064783,backward
691.6150062084198,2.1019200396626805,3.953284232548937,-0.6928655410903936,-0.3201182358043451,2.0313954146501496,-2757.1763283748082,-0.17274080082033164,0.4778911,1214,0.064626,backward
691.7548072338104,2.111621428894919,3.9435826627732813,-0.2997015158289136,-0.36982164999608086,1.3165153272745334,-2757.891208462184,-0.17278558901813856,0.4778911,1214,0.064475,backward
691.908088684082,2.108225942583451,3.9374383358674816,-0.18101920169759025,-1.011324536975895,-0.573595889463372,-2759.7813196789216,-0.17290400702494454,0.47828475,1215,0.064475,backward
692.0513079166412,2.1001414517131556,3.932749244603833,-0.5435668854689462,-1.2757722311015138,-1.8516137440362572,-2761.0593375334943,-0.1729840765603564,0.47828475,1215,0.064324,backward
692.2028744220734,2.099333002653002,3.945037898163318,-0.8665869567541304,-0.7540069177736346,2.9057775926040197,-2762.5851315040336,-0.17307966960228316,0.47828475,1215,0.064324,backward
692.3510231971741,2.108387632405847,3.947463290539873,-0.46574009903781016,-0.39248441590871486,1.6482267040443046,-2763.8426823925934,-0.17315845685478004,0.47828475,1215,0.064165,backward
692.5059468746185,2.115663674616596,3.9374383358674816,0.18467402695736312,-0.6970145380662861,0.2474817099623838,-2765.243427386675,-0.17324621541034746,0.4786784,1216,0.064165,backward
692.6429464817047,2.108225942583451,3.934204479793744,2.5332186157777626e-06,-1.106975722540523,-0.5452514442490131,-2766.036160540886,-0.17329588120737535,0.4786784,1216,0.064014,backward
692.7851462364197,2.089631614311412,3.9380851070981513,-0.8803401757189644,-1.2017968691862324,-2.4968123306207195,-2767.987721427258,-0.1734181491185322,0.4786784,1216,0.063855,backward
692.9267823696136,2.0901166837118406,3.9506971471583356,-1.4332527328538194,-0.5074167433393802,2.807894751704776,-2768.9661996521118,-0.17347945209375618,0.4786784,1216,0.063855,backward
693.0643181800842,2.1074174934744097,3.952152382680064,-0.6943224013150797,-0.1986072867093165,1.948804054154417,-2769.825290349662,-0.17353327528001558,0.47907205,1217,0.063706,backward
693.2140312194824,2.1119448085481394,3.937114950254137,-0.12494447575152852,-0.9334685448812897,-0.2696767604531374,-2772.04377116427,-0.17367226608324282,0.47907205,1217,0.063706,backward
693.3556461334229,2.098201173976986,3.9390552639541108,-0.584502177196686,-1.1350254138700988,-2.0606658405204628,-2773.834760244337,-0.17378447395503083,0.4794657,1218,0.063555,backward
693.5049247741699,2.0901166837118406,3.949403604494983,-1.2385843355918682,-0.6476583147903583,2.8920905082419655,-2775.165189202754,-0.17386782711650492,0.4794657,1218,0.063555,backward
693.6485216617584,2.104183697087184,3.948918526001716,-0.9180987653802202,-0.2527909806888279,2.2425181061918544,-2775.814761604804,-0.1739085237000952,0.4794657,1218,0.063396,backward
693.7900497913361,2.1111363594165593,3.936144793422067,-0.1976676417091101,-0.8070928376624447,0.147029656861325,-2777.910250054135,-0.17403980886641626,0.47985935,1219,0.063396,backward
693.9529421329498,2.100626521151591,3.9379234142899864,-0.44079314964266,-1.1537761204889967,-1.5612335725317643,-2779.6185132835276,-0.17414683385252994,0.47985935,1219,0.063396,backward
694.0858972072601,2.095937516653635,3.9435826627732813,-0.9828620285386142,-0.7409130344071664,2.9453870525554,-2781.39507796562,-0.17425813801640788,0.47985935,1219,0.063086,backward
694.2394461631775,2.110004530640582,3.9464931335802755,-0.46760557799735675,-0.3788898656053009,1.6075075882582355,-2782.7329574299174,-0.17434195796208396,0.47985935,1219,0.063086,backward
694.391669511795,2.109842840816227,3.933072630199271,-0.046730011182649724,-0.9911098801276319,-0.35744620689902556,-2784.6979112250756,-0.17446506495696762,0.480253,1220,0.062927,backward
694.5287342071533,2.091571891923631,3.9390552639541108,-0.8985517239052472,-1.0340837845872481,-2.741203874102565,-2787.0816688922787,-0.17461441057703428,0.480253,1220,0.062927,backward
694.6912269592285,2.0967459656933003,3.9523140755174757,-1.1346118038077078,-0.32055580456533306,2.4880310477090997,-2788.135619277646,-0.17468044198449983,0.480253,1220,0.062769,backward
694.8303129673004,2.1106512899399643,3.949888682991245,-0.41768078156045274,-0.20925645433083434,1.5068933400001132,-2789.116756985355,-0.1747419115798973,0.48064665,1221,0.062769,backward
694.9779777526855,2.112591567856935,3.935659715010509,0.036417832828020046,-0.8009040555478769,0.062338752267610605,-2790.5613115730876,-0.17483241486535842,0.48064665,1221,0.062617,backward
695.1340036392212,2.1061239749101253,3.9367915646421205,-0.15875276059154078,-1.0948499649713077,-0.731582151715755,-2791.355232477071,-0.17488215507650515,0.48064665,1221,0.062458,backward
695.2803289890289,2.0999797619007343,3.9416423489617576,-0.533244341535846,-0.9690463269233113,-2.133546016315236,-2792.75719634167,-0.1749699899959478,0.48064665,1221,0.062458,backward
695.4266076087952,2.09723103511944,3.940510499260454,-0.8526589754123637,-0.8895845636865488,-3.011125648648272,-2793.634775974003,-0.1750249715388084,0.48064665,1221,0.06231,backward
695.5626282691956,2.0946439982003087,3.94196573459369,-1.0703310199280462,-0.7788177282563858,3.046322335132592,-2793.8605132974017,-0.17503911428536315,0.48064665,1221,0.06231,backward
695.70165848732,2.093835549173313,3.9511822256625835,-1.1727093421591026,-0.6123168444641877,2.8349409464075657,-2794.071894686126,-0.17505235761332552,0.48064665,1221,0.06231,backward
695.846559047699,2.09254203074025,3.9490802188324725,-1.2350404183304258,-0.4816130577826504,2.708934668199046,-2794.1979009643346,-0.1750602520759256,0.48064665,1221,0.062,backward
695.9802980422974,2.0948056880062924,3.9515056113337454,-1.2405374080085263,-0.3371856812596402,2.5668474723330683,-2794.339988160201,-0.17506915402961917,0.48064665,1221,0.062,backward
696.1232209205627,2.09723103511944,3.948756833171292,-0.9821181894816844,-0.2701402992874683,2.3015310156171083,-2794.605304616917,-0.1750857764620448,0.48064665,1221,0.062,backward
696.2618095874786,2.0988479332192527,3.9455229766326463,-0.9064190826171776,-0.39040697254513335,2.3418594195663,-2794.564976212967,-0.17508324983336224,0.4810403,1222,0.061848,backward
696.4018440246582,2.1015966600337355,3.9536076182287543,-0.7054032767672285,-0.10611406982751471,1.8628727250014485,-2795.0439629075317,-0.1751132589932226,0.4810403,1222,0.06169,backward
696.5404596328735,2.1059622850904707,3.9555479323356315,-0.4893281701385542,-0.02937955103418929,1.5647980981912533,-2795.3420375343417,-0.17513193376901026,0.4810403,1222,0.06169,backward
696.7195806503296,2.1109746695908314,3.949565297326738,-0.15135690474933663,-0.15648391487574753,1.082944097739568,-2795.823891534793,-0.17516212256943617,0.48143395,1223,0.06153,backward
696.8736863136292,2.1163104339434526,3.9422891202269508,0.2351737510798606,-0.5285456376426589,0.3525251287919081,-2796.5543105037405,-0.1752078842990477,0.4818276,1224,0.06153,backward
697.0142238140106,2.110327910289881,3.937114950254137,0.12886443548055448,-0.9720926553869139,-0.2847377738758462,-2797.1915734064078,-0.17524780967596573,0.4818276,1224,0.061375,backward
697.1469895839691,2.1011115905917843,3.931294009440768,-0.41064664614456037,-1.2340229698829175,-1.4221652351237715,-2798.329000867656,-0.17531907103437397,0.4818276,1224,0.061375,backward
697.3046607971191,2.0906017531140195,3.943097584315916,-1.121646124854968,-0.8987601018207049,-2.988931565310754,-2799.895767197843,-0.1754172310496728,0.4818276,1224,0.061223,backward
697.4622242450714,2.1025667989229144,3.956841475100198,-0.9099954637391131,-0.2312371750837627,2.214290144137269,-2800.9757307955747,-0.1754848922198378,0.4818276,1224,0.061223,backward
697.6079590320587,2.115340294954346,3.9348512509978795,-0.025492756350949653,-0.6683653016098735,0.2639113085661227,-2802.9261096311457,-0.17560708607392403,0.48222125,1225,0.061062,backward
697.7747654914856,2.1014349702195565,3.9367915646421205,-0.25300924012879406,-1.0149530512585299,-0.7730241663675751,-2803.9630451060793,-0.17567205147439396,0.48222125,1225,0.060906,backward
697.9137375354767,2.1011115905917843,3.955224546647821,-0.8213820934023581,-0.2444292496089292,2.1249715934923263,-2807.348234653399,-0.17588413814702156,0.48222125,1225,0.060906,backward
698.0527920722961,2.1129149475125093,3.9376000286746513,-0.11393258155015097,-0.6073827291067024,0.45374078057112605,-2809.01946546632,-0.17598884300249584,0.4826149,1226,0.060745,backward
698.1947841644287,2.09254203074025,3.945037898163318,-0.8505409901647496,-0.8944939503825825,-2.8604597530466327,-2812.333665999938,-0.1761964821180521,0.4826149,1226,0.060745,backward
698.3562989234924,2.1072558036531888,3.946654826406044,-0.7604360800423573,-0.18545607293026276,2.000568421721163,-2813.7558231323496,-0.1762855821728498,0.4826149,1226,0.060593,backward
698.4944546222687,2.1132383271688693,3.940833884887738,0.03990167758521765,-0.6622216757220549,0.22028099097886164,-2815.536110563092,-0.17639711957193158,0.48300855,1227,0.060593,backward
698.6349380016327,2.0980394841669074,3.9390552639541108,-0.5115903410188415,-0.9786357242705499,-1.7241335984618185,-2817.4805251525327,-0.17651893975798574,0.48300855,1227,0.060442,backward
698.7704381942749,2.0969076555018185,3.953284232548937,-0.9664885137965834,-0.27747812286313966,2.336299125001614,-2819.7032777362483,-0.17665819819328604,0.48300855,1227,0.060283,backward
698.9264221191406,2.115340294954346,3.9503737614905017,-0.13009759837665996,-0.15946343496469925,1.0462519980293379,-2820.9933248632206,-0.17673902137877323,0.4834022,1228,0.060283,backward
699.0701947212219,2.1134000169973435,3.9367915646421205,0.19997004186047415,-0.7940172764536717,-0.03521770317458194,-2822.074794564425,-0.17680677690834398,0.4834022,1228,0.060125,backward
699.2081911563873,2.100303141525772,3.9418040417775577,-0.4010184958723444,-0.9454928710522642,-1.1666651734250701,-2823.206242034675,-0.176877663612283,0.4834022,1228,0.060125,backward
699.3459846973419,2.09723103511944,3.947463290539873,-0.8559220322443425,-0.5838951773408567,2.6809688678060137,-2825.6417933006237,-0.17703025417088789,0.4834022,1228,0.059973,backward
699.5146250724792,2.115663674616596,3.955871318024774,-0.1447788239068276,-0.057115449234195384,1.1319114221322697,-2827.190850746297,-0.17712730470078275,0.4834022,1228,0.059973,backward
699.6582601070404,2.118574091612213,3.9422891202269508,0.432928499984796,-0.4452342167292904,0.3364449658753404,-2827.986317202554,-0.17717714174285562,0.48379585,1229,0.059814,backward
699.8099584579468,2.1028901785542042,3.9346895581963484,-0.1336171300468443,-0.9286441434892355,-0.47121726090218585,-2828.793979429331,-0.17722774286633475,0.48379585,1229,0.059656,backward
699.9695601463318,2.1007882109647933,3.947301597712442,-0.6647833617203578,-0.627310108282335,2.5550967353190246,-2832.050850740289,-0.17743179022907823,0.48379585,1229,0.059656,backward
700.1104364395142,2.108387632405847,3.9557096251800368,-0.5021976026158425,-0.13367299143611802,1.629357924340336,-2832.9765895512683,-0.17748978900917559,0.48379585,1229,0.0595,backward
700.2633838653564,2.1167955034406583,3.9476249833676365,0.18238762021835883,-0.19860841513511931,0.7078939975776941,-2833.898053478031,-0.1775475199620341,0.4841895,1230,0.0595,backward
700.404714345932,2.108387632405847,3.9442294340544186,0.09390373304331523,-0.6871288889736789,0.10965834255685948,-2834.496289133052,-0.1775850002294599,0.4841895,1230,0.059338,backward
700.5445280075073,2.096099206461178,3.9461697479297357,-0.7673273794425289,-0.7052158992362789,3.0046712168155514,-2837.884461565973,-0.1777972737838775,0.4841895,1230,0.059187,backward
700.6897015571594,2.1019200396626805,3.950050375823998,-0.8534303631707418,-0.2984749122574607,2.293542282283432,-2838.5955905005053,-0.17784182696691966,0.4841895,1230,0.059187,backward
700.8317742347717,2.114208466142659,3.952152382680064,-0.13440005091652119,-0.0566958891367885,1.1262178260579891,-2839.7629149567306,-0.1779149614122253,0.48458315,1231,0.059187,backward
700.9718902111053,2.1213228188332427,3.944714512518762,0.5474105221170781,-0.40485427451583883,0.3179829277626886,-2840.5711498550254,-0.17796559841434428,0.48458315,1231,0.059038,backward
701.1094646453857,2.1124298780294417,3.938408492715477,0.3363793923563691,-0.7371216051853035,-0.006595414058008903,-2840.895728196846,-0.17798593368348106,0.48458315,1231,0.059038,backward
701.2490808963776,2.1020817294774456,3.944552819696982,-0.34092268199380615,-0.6368458001408982,0.7722416738981267,-2840.11689110889,-0.17793713849367127,0.48458315,1231,0.058887,backward
701.3885729312897,2.1059622850904707,3.9547394681186043,-0.5098807492881097,-0.20140042682302714,1.7035674972658086,-2839.185565285522,-0.17787878967974247,0.48458315,1231,0.058728,backward
701.5349326133728,2.1180890221085207,3.951020532827501,0.10123430206785143,-0.06493625694740195,0.8847113201082069,-2840.0044214626796,-0.17793009211925032,0.4849768,1232,0.058728,backward
701.6726655960083,2.112591567856935,3.940833884887738,0.258397928494744,-0.5356104682249092,0.2588937210255961,-2840.630239061763,-0.17796930043252376,0.4849768,1232,0.05858,backward
701.8166260719299,2.0999797619007343,3.939702035198055,-0.36600354858773787,-0.9149235732238709,-1.2749361233996899,-2842.164068906188,-0.17806539693274445,0.4849768,1232,0.05858,backward
701.9551637172699,2.098524553597729,3.949403604494983,-0.7655242291231317,-0.523499103703933,2.617241897429144,-2844.5550761925383,-0.17821519675118946,0.4849768,1232,0.05842,backward
702.1096148490906,2.112106498375044,3.953284232548937,-0.3088167245784195,-0.029787978157718047,1.3957998945047512,-2845.776518195463,-0.17829172173349447,0.4849768,1232,0.05827,backward
702.2604122161865,2.11792733227435,3.9376000286746513,0.2957919405836202,-0.455736390070241,0.3363476495862101,-2846.8359704403815,-0.17835809783985185,0.48537045,1233,0.05827,backward
702.417150259018,2.0980394841669074,3.9471399048853444,-0.30530141820261053,-0.6712716666684281,0.30725311961072027,-2846.8650649703573,-0.1783599206512389,0.48537045,1233,0.058118,backward
702.5634119510651,2.1024051091075626,3.952637461193298,-0.6880734233980084,-0.3445226265752131,2.205033598817135,-2844.967284491151,-0.17824102215483678,0.48537045,1233,0.058118,backward
702.708526134491,2.1129149475125093,3.9497269901588252,-0.2959383391846139,0.006197490483842686,1.3926028955745724,-2845.7797151943937,-0.1782919220297722,0.48537045,1233,0.057966,backward
702.8492467403412,2.1203526798075627,3.9413189633311534,0.4060596565808429,-0.4565272955521257,0.2810007098388239,-2846.8913173801297,-0.17836156539997727,0.4857641,1234,0.057966,backward
702.987300157547,2.1106512899399643,3.9458463622805255,0.22329092976994108,-0.6759185765359021,0.028551332359695147,-2847.143766757609,-0.17837738169260373,0.4857641,1234,0.057808,backward
703.129487991333,2.0998180720885085,3.949888682991245,-0.6812505544812201,-0.2592817068504161,2.132973661440658,-2845.039344428528,-0.178245536806715,0.4857641,1234,0.057808,backward
703.2685191631317,2.1180890221085207,3.9451995909860953,-0.04302089257122931,-0.14638311011355246,0.9740989964806634,-2846.1982190934878,-0.17831814186124686,0.4857641,1234,0.057659,backward
703.4088201522827,2.1177656424403755,3.943744355593067,0.4972941995133613,-0.6057646923395034,0.08555116398012882,-2847.0867669259883,-0.17837381057658208,0.48615775,1235,0.057659,backward
703.5537853240967,2.0999797619007343,3.944876205340874,-0.38320688630394006,-0.7596229431197316,-1.392933258305584,-2848.565251348274,-0.1784664396117576,0.48615775,1235,0.057507,backward
703.6950378417969,2.1024051091075626,3.9573265536424085,-0.687480628553745,0.03827646699279961,1.9523528757184385,-2851.5031505214292,-0.17865050294157708,0.48615775,1235,0.057356,backward
703.8526692390442,2.1072558036531888,3.9523140755174757,-0.32988921267004767,0.1004694162412116,1.4803932396875044,-2851.97511015746,-0.17868007184678053,0.48615775,1235,0.057356,backward
703.9918377399445,2.1137233966548807,3.953284232548937,0.012303017737433667,-0.01057611077594247,1.0118748637802482,-2852.4436285333672,-0.1787094251524144,0.4865514,1236,0.057197,backward
704.1310098171234,2.1130766373405914,3.934042786993539,0.14119347860537582,-0.788697297466422,-0.23190109941595163,-2853.6874044965634,-0.17878734938733273,0.4865514,1236,0.057039,backward
704.2818229198456,2.106770734190701,3.942935891497459,-0.07550278407676267,-0.8517763723541427,-0.539397813918162,-2853.994901211066,-0.17880661446957144,0.4865514,1236,0.057039,backward
704.4258968830109,2.0999797619007343,3.9414806561462896,-0.49225050773816803,-0.7639409256428591,-2.394291760857183,-2855.8497951580052,-0.1789228260671155,0.4865514,1236,0.057039,backward
704.5674171447754,2.0969076555018185,3.9531225397095278,-0.9022465663008826,-0.22124766925238165,2.4283632253770024,-2857.3103254789507,-0.1790143302537234,0.4865514,1236,0.056887,backward
704.7133097648621,2.1091960815207655,3.955062853804416,-0.4877430164918647,0.09512539998718308,1.6943657750516725,-2858.0443229292764,-0.1790603161800004,0.4865514,1236,0.056736,backward
704.8465385437012,2.1187357814471706,3.9451995909860953,0.28109287296573615,-0.30245688085041966,0.4793684412534161,-2859.2593202630746,-0.17913643739512725,0.48694505,1237,0.056736,backward
705.0018835067749,2.1020817294774456,3.9343661725942805,-0.1937822875121988,-0.8543147217846545,-0.8132149279361361,-2860.551903632264,-0.1792174194795964,0.48694505,1237,0.056587,backward
705.1460642814636,2.0904400633130984,3.9536076182287543,-1.0836622011389307,-0.21291270051745245,2.5798079382208727,-2863.4420660732867,-0.17939849203902078,0.48694505,1237,0.056587,backward
705.2958219051361,2.1182507119428884,3.9531225397095278,-0.18456348500043382,-0.04221897124331668,1.2387365364651388,-2864.783137475042,-0.1794825119638665,0.48694505,1237,0.056426,backward
705.431402683258,2.112753257684624,3.9400254208220193,0.27286780820921486,-0.5313123748548637,0.16611651682136513,-2865.8557574946863,-0.1795497130489993,0.4873387,1238,0.05627,backward
705.5731828212738,2.1043453869046864,3.9515056113337454,-0.3579158449550853,-0.39831307078961325,1.4659499442766317,-2864.555924067231,-0.17946827673864044,0.4873387,1238,0.05627,backward
705.7243494987488,2.116472123775658,3.956356396560987,-0.038708979872631236,0.10635795123841289,1.1367323623043495,-2864.885141649203,-0.1794889026624048,0.4873387,1238,0.05611,backward
705.881715297699,2.128113792211579,3.94261250586154,0.8886367051214193,-0.4474285520582459,0.14364481837586093,-2865.878229193132,-0.17955112093109424,0.48773235,1239,0.05611,backward
706.0224943161011,2.108387632405847,3.938893571143955,0.26238827105825085,-0.8507381868087032,-0.3369453138946597,-2866.3588193254027,-0.17958123054848085,0.48773235,1239,0.05596,backward
706.1853594779968,2.105153835995133,3.9515056113337454,-0.4456343422292827,-0.15517113912656358,1.743449388372648,-2864.2784246231354,-0.17945089102568948,0.48773235,1239,0.05596,backward
706.3272416591644,2.113885086483944,3.955224546647821,-0.06718311455414969,0.14707247418064645,1.204740565678991,-2864.817133445829,-0.17948464185710472,0.48773235,1239,0.055808,backward
706.4641904830933,2.1059622850904707,3.940510499260454,-0.10882553054197777,-0.4994057733676431,0.4434429813190692,-2865.5784310301888,-0.17953233817345254,0.488126,1240,0.055652,backward
706.6314158439636,2.1045070767223844,3.9516673041698254,-0.43528045235363005,-0.3658639383406056,1.867928595301126,-2864.1539454162066,-0.17944309223615648,0.488126,1240,0.055652,backward
706.7870948314667,2.1134000169973435,3.9553862394915598,-0.09491031067940355,0.24575725680802316,1.273183227436205,-2864.7486907840716,-0.17948035383240332,0.488126,1240,0.055496,backward
706.9210233688354,2.121969578187633,3.944714512518762,0.5768525927268211,-0.12225018639856969,0.47846793054856046,-2865.5434060809594,-0.17953014381333263,0.48851965,1241,0.055496,backward
707.0758278369904,2.1108129797652997,3.9406721920739303,0.25203498263609836,-0.7268396724869034,-0.2068504992246134,-2866.2287245107327,-0.17957307993357915,0.48851965,1241,0.055337,backward
707.2150864601135,2.1030518683701422,3.9479483690241612,-0.3255988961785683,-0.5345754513361205,1.3590992552849126,-2864.6627747562234,-0.17947497107784346,0.48851965,1241,0.055337,backward
707.3597288131714,2.112268188202145,3.953445925388679,-0.2709384729888744,-0.16455435143830788,1.4112432002674715,-2864.6106308112408,-0.17947170418964284,0.48851965,1241,0.055178,backward
707.5031630992889,2.124394925794662,3.950212068657083,0.633507323697249,0.05969919265330876,0.5934281396405643,-2865.4284458718676,-0.17952294140180144,0.4889133,1242,0.055178,backward
707.6430859565735,2.119382540788967,3.937114950254137,0.6902133860766223,-0.5695282027026886,0.02008513163313338,-2866.0017888798748,-0.17955886211145233,0.4889133,1242,0.05502,backward
707.7807943820953,2.09723103511944,3.9424508130440796,-0.3480393779117879,-0.7375430196648646,-1.7652156820741125,-2867.787089693583,-0.17967071360571166,0.4889133,1242,0.054868,backward
707.921019077301,2.09836286378726,3.9531225397095278,-0.9103369308423661,-0.0024797223106185944,2.3572249579660123,-2869.9478343607225,-0.17980608716174024,0.4889133,1242,0.054868,backward
708.06192445755,2.115016915292882,3.9589434821381064,-0.20060835759618698,0.34016055724963457,1.4350527037860223,-2870.8700066149026,-0.179863862492263,0.4889133,1242,0.054868,backward
708.2008247375488,2.113885086483944,3.948271754682015,0.21224399181143183,-0.23182166674207555,0.5699967887921449,-2871.735062529897,-0.17991805940740863,0.48930695,1243,0.05471,backward
708.3749594688416,2.1045070767223844,3.943744355593067,-0.16289484085012682,-0.5680968549968969,0.034991685664481936,-2872.2700676330246,-0.1799515781958177,0.48930695,1243,0.05455,backward
708.5395729541779,2.1070941138321637,3.9578116321876187,-0.4038199498070623,0.02308671278533072,1.7132949096488213,-2870.5917644090405,-0.17984643024428962,0.48930695,1243,0.05455,backward
708.6824479103088,2.120190989970638,3.951990689842985,0.2829548062818146,0.175976482827278,0.8899356072412624,-2871.415123711448,-0.1798980148106436,0.4897006,1244,0.054392,backward
708.8239452838898,2.123101407065397,3.940833884887738,0.7818159250882941,-0.4918079929358954,0.062242736897133374,-2872.242816581792,-0.17994987088085032,0.4897006,1244,0.05424,backward
708.9677267074585,2.10887270187421,3.939540342386571,0.25838808621891696,-0.7077194482391893,-0.25985056550443414,-2872.564909884193,-0.1799700504589292,0.4897006,1244,0.05424,backward
709.106790304184,2.100303141525772,3.950050375823998,-0.5313487705517963,-0.3959467000629968,2.531003646988654,-2869.7740556717004,-0.17979519969342775,0.4897006,1244,0.05424,backward
709.250239610672,2.1070941138321637,3.9594285606933157,-0.513560300069412,0.20985101448127239,1.8431573234384946,-2870.4619019952506,-0.17983829418961522,0.4897006,1244,0.054082,backward
709.4006190299988,2.11792733227435,3.950212068657083,0.08452548861391312,0.1274722040730194,1.0535259077225008,-2871.2515334109667,-0.17988776565855974,0.49009425,1245,0.05393,backward
709.5535132884979,2.10353693781913,3.9414806561462896,-0.14443099152530672,-0.5717961228290535,-0.18009358225348585,-2872.485152900943,-0.1799650535767872,0.49009425,1245,0.05393,backward
709.7070829868317,2.092865410347347,3.951020532827501,-1.020623266293228,-0.2870129781278367,2.800056326661623,-2875.788188299208,-0.18017199318161486,0.49009425,1245,0.05378,backward
709.8542263507843,2.103213558186276,3.959913639251526,-0.8809133111954827,0.28710678036303583,2.179015752520304,-2876.409228873349,-0.18021090220785851,0.49009425,1245,0.05378,backward
709.9902527332306,2.114855225462445,3.9511822256625835,-0.07481005957578281,0.18015476312333573,1.2529519954335833,-2877.335292630436,-0.18026892134626601,0.4904879,1246,0.053628,backward
710.1282346248627,2.1059622850904707,3.944067741233636,-0.08169755885695874,-0.45078234685016794,0.32350820874094455,-2878.2647364171285,-0.18032715224806886,0.4904879,1246,0.053477,backward
710.2640187740326,2.095937516653635,3.9479483690241612,-0.7857061644848938,-0.5299183747906033,-3.1332855363651615,-2881.721530162235,-0.18054372501987717,0.4904879,1246,0.053477,backward
710.4402592182159,2.110004530640582,3.957488246490479,-0.48879036961832756,0.2145798512530457,1.80829635342537,-2883.0631335796243,-0.18062777827621707,0.4904879,1246,0.053328,backward
710.5739603042603,2.1159870542796315,3.947301597712442,0.1165285692851343,-0.17224847273608715,0.6789301001972751,-2884.192499832852,-0.1806985345891138,0.49088155,1247,0.053176,backward
710.7200961112976,2.104183697087184,3.9411572705163493,-0.12240642433987697,-0.7449131135059284,-0.8990552771221466,-2885.770485210171,-0.18079739749278656,0.49088155,1247,0.053176,backward
710.8641664981842,2.0910868225179495,3.951020532827501,-1.0445601412121048,-0.4043135210115562,2.990927148361588,-2888.163688091867,-0.1809473348682294,0.49088155,1247,0.053025,backward
711.0193874835968,2.1007882109647933,3.9591051749895096,-1.041799495282072,0.25050173769586936,2.33154492198484,-2888.8230703182435,-0.18098864605049175,0.49088155,1247,0.053025,backward
711.1562674045563,2.112591567856935,3.9435826627732813,-0.2276531057666287,-0.10324959810957297,1.3459549873407424,-2889.8086602528874,-0.1810503945838876,0.4912752,1248,0.052874,backward
711.3057625293732,2.099171312841557,3.9411572705163493,-0.45756263694240035,-0.6360602356619396,-2.3804773107598836,-2893.535092550988,-0.18128386057325943,0.4912752,1248,0.052874,backward
711.4548707008362,2.0954524472321756,3.9544160824341246,-0.9411222690359556,-0.23286180321601888,2.7289147965166207,-2894.708885750891,-0.1813574002940463,0.4912752,1248,0.052715,backward
711.5961554050446,2.105153835995133,3.953284232548937,-0.722877179198094,0.06902989384650275,2.178305053344679,-2895.2594954940637,-0.1813918967341166,0.4912752,1248,0.052715,backward
711.7361433506012,2.114046776313203,3.952152382680064,-0.10481719519152573,0.20832440213711992,1.2599838774749965,-2896.1778166699337,-0.1814494307894099,0.49166885,1249,0.052566,backward
711.8918890953064,2.121969578187633,3.956194703715249,0.49361602802282006,0.2910064247959502,0.7583866558025394,-2896.6794138916066,-0.18148085652916737,0.49166885,1249,0.052415,backward
712.0395119190216,2.122616337545174,3.952960846870451,0.7749549369976894,-0.04843516760665634,0.37582426381826955,-2897.0619762835913,-0.1815048245769397,0.49166885,1249,0.052415,backward
712.1789271831512,2.12180788834874,3.9485951403412005,0.75937129382971,-0.3671055589289706,0.10228386648010476,-2897.3355166809292,-0.1815219622502929,0.49166885,1249,0.052415,backward
712.3232650756836,2.1167955034406583,3.938408492715477,0.5560913556499938,-0.6900610497918209,-0.2464841294040377,-2897.684284676813,-0.18154381303375183,0.49166885,1249,0.052256,backward
712.4821045398712,2.1130766373405914,3.943744355593067,0.24494161608586126,-0.6867599636028355,-0.3729285304500277,-2897.810729077859,-0.18155173494533622,0.49166885,1249,0.052104,backward
712.6362190246582,2.1129149475125093,3.9424508130440796,0.1158252256628998,-0.7080059425049426,-0.5193278722560244,-2897.957128419665,-0.18156090706076566,0.49166885,1249,0.052104,backward
712.7766325473785,2.113885086483944,3.940510499260454,0.16993916022467162,-0.7922235613811941,-0.6041525218606097,-2898.0419530692693,-0.1815662214390124,0.49166885,1249,0.051946,backward
712.9174127578735,2.1104896001148243,3.942774198679333,0.08669744024640601,-0.7788393843300759,-0.6820105842048264,-2898.119811131614,-0.18157109935120874,0.49166885,1249,0.051787,backward
713.0537343025208,2.107902562939247,3.943097584315916,-0.1641756755899682,-0.7172359317301514,-1.1335385766668564,-2898.571339124076,-0.1815993881864958,0.49166885,1249,0.051787,backward
713.190721988678,2.1059622850904707,3.950212068657083,-0.3330247206245092,-0.37806249684602944,2.0766500241069275,-2901.6443358304823,-0.18179191555825652,0.49166885,1249,0.051638,backward
713.3291835784912,2.105800595271012,3.9586200964363,-0.3764869780164134,0.07119544935138701,1.7558853481764418,-2901.965100506413,-0.1818120118961022,0.49166885,1249,0.051638,backward
713.4764266014099,2.1087110120512267,3.9587817892870367,-0.23364687993832028,0.2513122293933567,1.518232258337748,-2902.2027535962516,-0.1818269011814314,0.49166885,1249,0.05148,backward
713.6155877113342,2.115340294954346,3.9571648607946717,0.0850956738943184,0.384921850377566,1.178165659703547,-2902.5428201948857,-0.1818482068106637,0.49166885,1249,0.05148,backward
713.750627040863,2.1209994391572287,3.9511822256625835,0.5134451856024392,0.22749795350241797,0.7269263551609235,-2902.994059499428,-0.18187647755926473,0.4920625,1250,0.051328,backward
713.885801076889,2.12568844453654,3.9460080551049646,0.872440035018606,-0.25235334693918626,0.18206416005644635,-2903.5389216945323,-0.18191061390772761,0.4920625,1250,0.05117,backward
714.02619099617,2.112753257684624,3.9390552639541108,0.4646224133468552,-0.7393675915488673,-0.375312478708982,-2904.096298333298,-0.18194553430289714,0.4920625,1250,0.05117,backward
714.175000667572,2.100464831338584,3.949403604494983,-0.4162450724048341,-0.3743125110758893,2.6811145508609906,-2901.039871303728,-0.18175404504364906,0.4920625,1250,0.05117,backward
714.308431148529,2.105315525813809,3.955224546647821,-0.5304645409695139,0.17391434187828447,1.9957347018458098,-2901.7252511527427,-0.18179698501189356,0.4920625,1250,0.051013,backward
714.4464364051819,2.1205143696446838,3.9464931335802755,0.3920741267056794,-0.03775755289082798,0.5750962366529128,-2903.145889617935,-0.1818859899201499,0.49245615,1251,0.051013,backward
714.5823333263397,2.10369862763585,3.9477866761957325,-0.07754017282212913,-0.5380260610949574,-0.5072741138575847,-2904.228259968446,-0.18195380187660956,0.49245615,1251,0.050862,backward
714.7471942901611,2.1167955034406583,3.956841475100198,-0.02791238410456797,0.2768489085463108,1.2879097836408069,-2902.433076070947,-0.18184133119387436,0.49245615,1251,0.05071,backward
714.89160323143,2.1187357814471706,3.943420969953827,0.5393285727883297,-0.27901471956671414,0.20581466221810038,-2903.51517119237,-0.18190912590686195,0.4928498,1252,0.05071,backward
715.0305888652802,2.1030518683701422,3.954092696750978,-0.21104027808491924,-0.19277725261524892,1.50330802190721,-2902.2176778326807,-0.18182783620489215,0.4928498,1252,0.050554,backward
715.1888663768768,2.11663381360806,3.958458403585897,-0.04822293126534429,0.18502008879234583,1.288376077040014,-2902.432609777548,-0.1818413019799665,0.4928498,1252,0.050554,backward
715.3395643234253,2.126173514067997,3.9497269901588252,0.8159407021587085,-0.11128715307702478,0.29811044015226557,-2903.422875414436,-0.18190334345238904,0.49324345,1253,0.050393,backward
715.4863681793213,2.1104896001148243,3.951020532827501,0.3883418777435327,-0.4625148718116358,-0.054757920345112454,-2903.7757437749337,-0.18192545112919925,0.49324345,1253,0.050244,backward
715.6271667480469,2.108387632405847,3.954092696750978,-0.19327192366605184,-0.1197611976390923,1.517543354723629,-2902.203442499865,-0.18182694434216826,0.49324345,1253,0.050244,backward
715.7741143703461,2.119544230624907,3.9557096251800368,0.2907828411185458,0.2857765590004695,0.9573675724067977,-2902.7636182821816,-0.18186204010744147,0.49324345,1253,0.050093,backward
715.9234066009521,2.128113792211579,3.9490802188324725,0.9928564105937229,-0.05265437682823994,0.2962048521250433,-2903.4247810024635,-0.18190346284003883,0.4936371,1254,0.050093,backward
716.0674889087677,2.115663674616596,3.9435826627732813,0.6972571191370789,-0.42377660572353787,-0.009883406809569482,-2903.7308692613983,-0.18192263968064418,0.4936371,1254,0.049941,backward
716.2190384864807,2.110327910289881,3.9578116321876187,0.10268823897398183,-0.10423681508652623,0.8290832029113088,-2902.8919026516774,-0.18187007729552093,0.4936371,1254,0.049941,backward
716.3551034927368,2.114855225462445,3.960237024958667,0.1030968131906424,0.40722427323503535,1.2373261807102673,-2902.4836596738787,-0.1818445003245494,0.4936371,1254,0.04979,backward
716.4996974468231,2.1253650648498876,3.9536076182287543,0.6994555685792154,0.2839242752029923,0.6648285739616779,-2903.0561572806273,-0.1818803680686758,0.49403075,1255,0.04964,backward
716.64612865448,2.1294073109897544,3.944876205340874,1.1720597036790465,-0.12772772905418486,0.1975760564478913,-2903.523409798141,-0.18190964206658083,0.49403075,1255,0.04964,backward
716.8013925552368,2.1187357814471706,3.9477866761957325,0.7526740281213269,-0.5506774670608778,-0.17041854482019758,-2903.8914043994096,-0.18193269742269516,0.49403075,1255,0.04948,backward
716.9398159980774,2.111298049242483,3.952960846870451,0.16633098538482208,-0.17748311738172015,0.6095140816805968,-2903.1114717729088,-0.18188383359592386,0.49403075,1255,0.04948,backward
717.0779507160187,2.11792733227435,3.958458403585897,0.352660294827967,0.4544791184185581,1.0409080156348711,-2902.6800778389543,-0.18185680618644937,0.49403075,1255,0.04933,backward
717.2129290103912,2.1274670328272283,3.952637461193298,0.9097386020676821,0.29302037774469614,0.5729865623798879,-2903.1479992922095,-0.1818861220940772,0.4944244,1256,0.04933,backward
717.3512098789215,2.126173514067997,3.9492419116635613,1.1348113494941776,-0.19911565390279543,0.13985235221825545,-2903.5811335023714,-0.18191325853419388,0.4944244,1256,0.049172,backward
717.5058071613312,2.116148744111444,3.949565297326738,0.6201458691403112,-0.4406482628058931,-0.08730834365742542,-2903.808294198247,-0.18192749045694637,0.4944244,1256,0.049172,still
717.6470487117767,2.1111363594165593,3.9587817892870367,0.06016591626584999,-0.008664933749291833,1.1434640422150717,-2902.5775218123745,-0.1818503809136157,0.4944244,1256,0.049014,backward
717.7871277332306,2.1205143696446838,3.964441039272915,0.42561490232242866,0.43968340905534825,0.991256944388109,-2902.7297289102016,-0.18185991689276168,0.4944244,1256,0.048862,backward
717.9383127689362,2.1297306906862725,3.952960846870451,1.0554897073794733,0.21494115775890116,0.4646324049326049,-2903.256353449657,-0.18189291062759866,0.49481805,1257,0.048862,still
718.0810050964355,2.1234247867465315,3.939540342386571,1.0406384508459763,-0.4141326123695316,-0.04898002909490724,-2903.7699658836846,-0.18192508913655078,0.49481805,1257,0.048713,forward
718.2207815647125,2.108387632405847,3.942935891497459,0.20523978388312858,-0.453913892491569,-0.3241726205882694,-2904.045158475178,-0.1819423303220873,0.49481805,1257,0.048713,backward
718.3650817871094,2.106770734190701,3.9621773392295268,-0.29492432571608956,0.3118540450880846,1.8871079251367937,-2901.833877929453,-0.18180379062537805,0.49481805,1257,0.048555,forward
718.5187878608704,2.120190989970638,3.955224546647821,0.24592482548509964,0.49392871650680287,1.2052132751855993,-2902.5157725794047,-0.18184651224121942,0.49481805,1257,0.048555,still
718.660980463028,2.121646198510044,3.9479483690241612,0.6934526241175196,-0.1308745580562621,0.27022072004762915,-2903.4507651345425,-0.1819050907808193,0.4952117,1258,0.048396,backward
718.8104774951935,2.107902562939247,3.9479483690241612,0.1899659160631635,-0.3854529657003768,-0.16845922571050007,-2903.889445080301,-0.18193257466872095,0.4952117,1258,0.048235,backward
718.9629151821136,2.103213558186276,3.952637461193298,-0.4018193325421733,-0.013770193422690957,2.3701157978962213,-2907.634055363874,-0.182167179533302,0.4952117,1258,0.048235,backward
719.1001877784729,2.1137233966548807,3.9594285606933157,-0.10054638813112343,0.4507387742297062,1.6125275414250608,-2908.391643620345,-0.18221464345527466,0.4952117,1258,0.048086,backward
719.2409193515778,2.1203526798075627,3.949565297326738,0.4171600747693137,0.09516150396622493,0.7206394632248715,-2909.283531698545,-0.18227052144149009,0.49560535,1259,0.048086,backward
719.3967750072479,2.100949900778191,3.9458463622805255,0.004280497629699513,-0.28753536087038717,0.5360196705184159,-2909.4681514912513,-0.1822820881195118,0.49560535,1259,0.047935,backward
719.5540065765381,2.0939972389783224,3.963955960686682,-0.8897564914717985,0.14508114650242565,2.623999125042586,-2907.380172036727,-0.18215127340180254,0.49560535,1259,0.047935,backward
719.6904628276825,2.1011115905917843,3.96654304651464,-0.8945045651428204,0.7218796757107748,2.2394853822318623,-2907.7646857795376,-0.18217536370432544,0.49560535,1259,0.047776,backward
719.85169672966,2.117442262773017,3.949403604494983,-0.16149288504135975,0.20912875154201568,1.7281881568818285,-2908.2759830048876,-0.1822073971623438,0.495999,1260,0.04762,backward
719.9944503307343,2.114693535632204,3.952152382680064,0.5041479806222476,-0.1729638428160261,0.22572436616128697,-2909.778446795608,-0.18230152853716436,0.495999,1260,0.04762,backward
720.1354253292084,2.109519461168104,3.96088379637695,-0.02351644049836382,0.3113422928393292,1.491524891616505,-2908.512646270153,-0.18222222443383382,0.495999,1260,0.047468,backward
720.2746913433075,2.12180788834874,3.96088379637695,0.30676526716698194,0.5260705447505809,1.1392836072670038,-2908.8648875545023,-0.18224429282348098,0.495999,1260,0.047468,backward
720.4086210727692,2.1300540703835806,3.955871318024774,1.3358643065076707,0.2302341037878557,0.3555227212277498,-2909.648648440541,-0.18229339649585502,0.49639265,1261,0.04731,backward
720.5471124649048,2.120676059482002,3.9481100618529217,0.8707366298450161,-0.22196268719442244,0.06960366407413351,-2909.9345674976944,-0.18231130970887452,0.49639265,1261,0.04731,backward
720.6928677558899,2.1234247867465315,3.946654826406044,1.0318047688822172,-0.3970216924095812,-0.10290922784395426,-2910.1070803896123,-0.18232211787329805,0.49639265,1261,0.047158,backward
720.8399221897125,2.1240715461111637,3.9537693110691623,0.8666780402377022,-0.1042295554120436,0.20036675535388535,-2909.8038044064147,-0.18230311722554549,0.49639265,1261,0.047158,backward
720.9749419689178,2.11792733227435,3.967351510853406,0.5926415964972237,0.4527719873942463,0.8742310752771382,-2909.1299400864914,-0.18226089872066792,0.49639265,1261,0.047002,backward
721.1366281509399,2.1334495572530314,3.958296710735828,1.2023330749581578,0.5132263117611152,0.574734681767952,-2909.4294364800007,-0.1822796625720492,0.49639265,1261,0.047002,backward
721.2755553722382,2.129892380534828,3.9513439184979977,1.2747174349568702,0.24092356228873119,0.3792804214119147,-2909.6248907403565,-0.18229190804402362,0.4967863,1262,0.04685,backward
721.4254152774811,2.124394925794662,3.950050375823998,1.127946071708823,-0.2554607670998041,0.00964132566603275,-2909.994529836102,-0.18231506642992606,0.4967863,1262,0.0467,backward
721.5814287662506,2.1132383271688693,3.9616922606573084,0.4415354769520379,0.2513602165508228,0.8850034481712399,-2909.1191677135967,-0.18226022381703502,0.4967863,1262,0.0467,backward
721.7427251338959,2.1182507119428884,3.9565180894070577,0.36680888464578987,0.5301036814157186,1.1584799584047278,-2908.845691203363,-0.18224309014629472,0.4967863,1262,0.046548,backward
721.8880815505981,2.119705920461045,3.9511822256625835,0.5120901520016372,0.024175133038800044,0.5169678306314557,-2909.4872033311362,-0.18228328174287384,0.4967863,1262,0.046548,backward
722.0281517505646,2.10369862763585,3.958458403585897,-0.14071913346903428,0.0551704304076863,2.0801714782311933,-2907.9239996835367,-0.18218534493442504,0.4967863,1262,0.0464,backward
722.1691920757294,2.126173514067997,3.961207182088093,0.4526043431456354,0.5354516588561019,1.0732066488699756,-2908.930964512898,-0.1822484326336888,0.4967863,1262,0.04624,backward
722.3101801872253,2.1342580065205126,3.9505354543242523,1.2290957912237592,0.22039954693512442,0.3662203721187048,-2909.637950789649,-0.18229272627365598,0.49717995,1263,0.04624,backward
722.4554829597473,2.1134000169973435,3.9503737614905017,0.7081906992869155,-0.06294888473066829,0.2536845344398874,-2909.7504866273275,-0.18229977679506135,0.49717995,1263,0.04609,backward
722.5921833515167,2.116148744111444,3.962015646371787,0.2582471880160522,0.4085634275804603,1.2573090096523065,-2908.746862152115,-0.18223689837347223,0.49717995,1263,0.04609,backward
722.7373368740082,2.13458138622889,3.9587817892870367,1.1399158773043492,0.40528902026726193,0.5261907193587896,-2909.477980442409,-0.1822827039165055,0.4975736,1264,0.04594,still
722.8765938282013,2.128113792211579,3.9471399048853444,1.4087063303566265,-0.3880092612544295,-0.12323156588123725,-2910.1274027276486,-0.18232339109507598,0.4975736,1264,0.04594,backward
723.0182816982269,2.109842840816227,3.954092696750978,0.416536821758433,-0.12319426597247668,0.288519508447945,-2909.7156516533187,-0.18229759433714418,0.4975736,1264,0.045781,backward
723.1645617485046,2.114531845802159,3.9600753321049296,0.10014690846340983,0.5298840219718941,1.5441943533259122,-2908.4599768084404,-0.18221892462130412,0.4975736,1264,0.045781,backward
723.3133454322815,2.127305342981634,3.952960846870451,0.7842499546835091,0.35184868362945754,0.6768419270248681,-2909.3273292347412,-0.1822732654159681,0.49796725000000003,1265,0.04563,backward
723.4550859928131,2.1222929578660095,3.95247576835522,0.9747222446325293,-0.07087088235586393,0.1539500409689628,-2909.8502211207974,-0.18230602529505538,0.49796725000000003,1265,0.045479,still
723.6088497638702,2.1134000169973435,3.957488246490479,0.3292949885691505,0.12208536586012304,0.95661968957547,-2909.047551472191,-0.1822557369633054,0.49796725000000003,1265,0.045479,backward
723.7464213371277,2.119544230624907,3.9625007249460062,0.3263476430276508,0.6459459018974079,1.3081931009825234,-2908.695978060784,-0.18223371041679529,0.49796725000000003,1265,0.04532,still
723.8851301670074,2.1321560384353444,3.9594285606933157,1.0615763671494034,0.683302727414516,0.7399161176714559,-2909.2642550440946,-0.18226931373319352,0.4983609,1266,0.04532,forward
724.047666311264,2.1305391399310243,3.9508588399927524,1.343752088885011,-0.05784283268268975,0.10401721876807662,-2909.900153942998,-0.18230915365344338,0.4983609,1266,0.04516,still
724.1870234012604,2.114208466142659,3.952960846870451,0.5946444357661911,-0.06002625787968065,0.26234666586606586,-2909.7418244959003,-0.18229923410089116,0.4983609,1266,0.04516,forward
724.3256154060364,2.1132383271688693,3.9600753321049296,0.2055416783875321,0.38953928520788134,1.435019873957393,-2908.5691512878084,-0.18222576454909584,0.4983609,1266,0.045002,forward
724.465473651886,2.1240715461111637,3.959590253545719,0.5973710100224018,0.6140027824325818,1.0355093607411596,-2908.968661801024,-0.1822507944194305,0.4983609,1266,0.04485,forward
724.6189494132996,2.125526754693115,3.9503737614905017,1.071909604559102,0.19727265072514538,0.3731734444099604,-2909.6309977173555,-0.1822922906543364,0.49875455,1267,0.04485,still
724.7696697711945,2.1108129797652997,3.948271754682015,0.42893676035157635,-0.08610672985190423,0.27496062777567787,-2909.72921053399,-0.18229844381923255,0.49875455,1267,0.044702,still
724.9177718162537,2.1064473545500215,3.957488246490479,-0.13962702052561804,0.2682667360250189,2.150028084585128,-2914.13732838436,-0.18257461832419508,0.49875455,1267,0.044702,backward
725.0504686832428,2.1167955034406583,3.965734582184222,0.12841614162647594,0.8110318972503071,1.584069912080055,-2914.7032865568654,-0.18261007636398138,0.49875455,1267,0.044543,backward
725.1866941452026,2.1276287226730197,3.952152382680064,0.8351968106593392,0.44385780129268704,0.709069020077964,-2915.578287448867,-0.1826648963452961,0.4991482,1268,0.044543,backward
725.3276605606079,2.1250416851640237,3.944876205340874,1.057976175196991,-0.16870395131143504,-0.025357659592533745,-2916.3127141285377,-0.18271090916336816,0.4991482,1268,0.044392,backward
725.4749138355255,2.114693535632204,3.952637461193298,0.5423969832583213,-0.2284868681215787,-0.21079079299360676,-2916.4981472619384,-0.18272252679827697,0.4991482,1268,0.044392,backward
725.6139094829559,2.1167955034406583,3.9603987178127373,0.26600078622429035,0.4378335054832254,1.394027763097424,-2914.893328705847,-0.18262198275990785,0.4991482,1268,0.044233,backward
725.7494874000549,2.1308625196303077,3.969291825300515,0.9622634696588853,0.7856816615449288,0.8585024598652197,-2915.4288540090793,-0.18265553413955227,0.49954185,1269,0.044075,backward
725.9141368865967,2.1358749050703127,3.952152382680064,1.579513126750709,0.1632920599647545,0.20614811909935876,-2916.081208349845,-0.1826964050153402,0.49954185,1269,0.044075,backward
726.0597095489502,2.121161128995137,3.9536076182287543,1.0963030213502682,-0.18917704499737287,-0.06513260635944122,-2916.3524890753033,-0.18271340111721462,0.49954185,1269,0.043923,backward
726.1911017894745,2.113561706826014,3.960237024958667,0.40195823300132705,0.22454029239733853,1.042055656314414,-2915.2453008126295,-0.18264403428521883,0.49954185,1269,0.043923,backward
726.3397688865662,2.12390985626971,3.969291825300515,0.6315311204434401,0.8389689381086268,1.1468613632926896,-2915.140495105652,-0.18263746806688616,0.49954185,1269,0.043772,backward
726.4834079742432,2.135389835503295,3.9553862394915598,1.4137045758812883,0.3654037401309668,0.3782555469737936,-2915.909100921971,-0.1826856222537837,0.4999355,1270,0.043772,backward
726.6270589828491,2.128113792211579,3.944067741233636,1.3929115954586544,-0.2562890401948504,-0.1218338712510322,-2916.409190340196,-0.18271695352762968,0.4999355,1270,0.043616,backward
726.7661442756653,2.116472123775658,3.957003167947269,0.6326117026074682,0.07342599657008186,0.42957518806896533,-2915.8577812808758,-0.18268240700932895,0.4999355,1270,0.043457,backward
726.9104447364807,2.124233235952814,3.968968439555989,0.6713344785368193,0.7040176212793094,1.0730751894475068,-2915.2142812794973,-0.18264209086979807,0.4999355,1270,0.043457,backward
727.0633380413055,2.1331261775474237,3.957488246490479,1.3533562139523156,0.5058505500403303,0.49770378574761526,-2915.789652683197,-0.18267813866116395,0.50032915,1271,0.043306,backward
727.208562374115,2.1245566156367066,3.9515056113337454,1.2558570974965542,-0.16506585229814566,-0.06688776673464181,-2916.3542442356793,-0.18271351108036996,0.50032915,1271,0.043306,backward
727.3424925804138,2.1091960815207655,3.953445925388679,0.28925605018197287,-0.07770905457449172,0.0,-2916.4117230772895,-0.18271711220701095,0.50032915,1271,0.043154,still
727.48845911026,2.112753257684624,3.955871318024774,0.049006895812638084,0.4598911020079695,1.924152273034788,-2914.3632041959095,-0.1825887697472185,0.50032915,1271,0.043154,backward
727.6446948051453,2.1274670328272283,3.955062853804416,0.7405615531054538,0.535839421506753,0.9086468397799594,-2915.3787096291644,-0.18265239252678922,0.5007228,1272,0.042996,backward
727.783510684967,2.120676059482002,3.9557096251800368,0.8262226488851663,0.03177323716621514,0.20274397979147366,-2916.0846124891527,-0.1826966182892408,0.5007228,1272,0.042837,backward
727.9306745529175,2.108549322228439,3.957488246490479,0.13123766644232626,0.08099256093462671,2.244674282850194,-2914.042682186094,-0.18256868861273093,0.5007228,1272,0.042837,backward
728.0817983150482,2.1167955034406583,3.96654304651464,0.14043891608242584,0.6825817155140624,1.727470748040466,-2914.559885720904,-0.18260109210897116,0.5007228,1272,0.042678,backward
728.2322187423706,2.1250416851640237,3.9560330108698456,0.6928943361567221,0.5215722538305047,0.9431107272835515,-2915.344245741661,-0.18265023331794014,0.50111645,1273,0.042678,backward
728.3706648349762,2.127952102365195,3.9539310039099034,1.0670359383920105,0.374013313307396,0.5038715195214533,-2915.7834849494225,-0.18267775224435756,0.50111645,1273,0.042527,backward
728.5251154899597,2.1260118242239807,3.955062853804416,1.0882795882644596,0.07220875366581642,0.16666544203793385,-2916.120691026906,-0.18269887865809706,0.50111645,1273,0.042527,backward
728.6665937900543,2.123263096905866,3.949888682991245,0.9119569166538499,-0.1347180352513071,-0.11065906931446484,-2916.3980155382583,-0.18271625341127665,0.50111645,1273,0.042368,backward
728.8003642559052,2.119705920461045,3.949403604494983,0.7122491666350282,-0.3289284879380276,-0.5547468498607482,-2916.842103318804,-0.18274407610729235,0.50111645,1273,0.042368,backward
728.9321045875549,2.119867610297379,3.9485951403412005,0.5560596960128323,-0.2340800139441786,-0.5597052797071436,-2916.8470617486505,-0.18274438675958313,0.50111645,1273,0.04221,backward
729.0770285129547,2.1134000169973435,3.9511822256625835,0.2677081392520717,-0.0926969019170432,0.0,-2916.751182874009,-0.1827383798192881,0.50111645,1273,0.04221,still
729.2146112918854,2.1114597390686027,3.9566797822534614,0.1348557296335378,0.017185475053739185,2.638353439964954,-2919.932188336158,-0.18293767408468947,0.50111645,1273,0.04206,backward
729.3574285507202,2.1106512899399643,3.9545777752761984,0.036014822312708986,-0.024756028677400614,2.968531716340017,-2919.602010059783,-0.1829169879721302,0.50111645,1273,0.04206,backward
729.4962935447693,2.108225942583451,3.9576499393388818,-0.10908820603672864,0.1183182740481489,2.7016977320672013,-2919.8688440440555,-0.1829337054796958,0.50111645,1273,0.0419,backward
729.6489112377167,2.1072558036531888,3.9587817892870367,-0.24370673110906588,0.30059500453748345,2.5340519751610695,-2920.0364898009616,-0.18294420871157258,0.50111645,1273,0.04175,backward
729.8072509765625,2.1087110120512267,3.96314749638297,-0.2280624587031366,0.5328575450226964,2.276330297642049,-2920.29421147848,-0.18296035532087906,0.50111645,1273,0.04175,backward
729.9681096076965,2.113561706826014,3.9616922606573084,9.78219618953163e-05,0.6313760749019455,1.9504470771044837,-2920.620094699018,-0.18298077234242036,0.50111645,1273,0.041592,backward
730.1147055625916,2.12180788834874,3.9670281251168973,0.4313398169335781,0.93241458306496,1.4105281011998994,-2921.1600136749225,-0.18301459899155995,0.5015101,1274,0.041592,backward
730.2619922161102,2.128113792211579,3.9626624178047463,1.0076316641563234,0.7940782773408669,0.8500249323748694,-2921.7205168437476,-0.1830497152680377,0.5015101,1274,0.04144,backward
730.416553735733,2.132964487694916,3.949403604494983,1.40583823932147,0.14443657656882947,0.15564016828534896,-2922.4149016078372,-0.18309321940630838,0.5015101,1274,0.041282,backward
730.5617616176605,2.1274670328272283,3.9513439184979977,1.3354097150808415,-0.12313438996104185,-0.08860781989131396,-2922.659149596014,-0.18310852187087773,0.5015101,1274,0.041282,backward
730.7026567459106,2.1159870542796315,3.952637461193298,0.7562851363396448,-0.09798992924639371,-0.1449708716754728,-2922.715512647798,-0.18311205309178719,0.5015101,1274,0.041282,backward
730.8484818935394,2.1137233966548807,3.9571648607946717,0.24408550267687926,0.2874123611104532,1.7697084867209585,-2920.800833289402,-0.18299209585790277,0.5015101,1274,0.04113,backward
730.9829230308533,2.1260118242239807,3.96314749638297,0.6812038259022805,0.7242213980079829,1.10954865126049,-2921.460993124863,-0.18303345575841887,0.5015101,1274,0.04098,backward
731.1299200057983,2.1214845086715446,3.9481100618529217,0.9594496516333253,0.06968959317842345,0.13809153155736184,-2922.4324502445656,-0.18309431885197336,0.50190375,1275,0.04098,backward
731.2668688297272,2.10887270187421,3.9586200964363,0.08747594443157547,0.19967697987217328,2.3811101078799006,-2920.189431668243,-0.18295379072501192,0.50190375,1275,0.04082,backward
731.4061486721039,2.1285988617519145,3.9641176535484264,0.6680881616685449,0.8260291362044977,1.173673187878674,-2921.396868588244,-0.18302943827005813,0.50190375,1275,0.040662,backward
731.5454230308533,2.12390985626971,3.948918526001716,1.0007084341304922,0.09416201120493038,0.14821187252175083,-2922.4223299036007,-0.18309368479901675,0.5022974,1276,0.040662,backward
731.6786942481995,2.115501984785373,3.9629858035232286,0.45559489318796,0.21138211401482723,1.037683046043165,-2921.5328587300796,-0.18303795823512622,0.5022974,1276,0.040662,backward
731.8194119930267,2.1264968937566215,3.96654304651464,0.7539743350626827,0.6969291272301552,1.0242243379825824,-2921.5463174381402,-0.18303880144126597,0.5022974,1276,0.040503,backward
731.9629445075989,2.1318326587328995,3.9547394681186043,1.26262190264557,0.33568383446267674,0.34411584930715494,-2922.226425926816,-0.18308141115170395,0.50269105,1277,0.040503,backward
732.0996472835541,2.119544230624907,3.9492419116635613,0.923974943380314,-0.06108419040338414,-0.11220725770335337,-2922.6827490338264,-0.18311000040735895,0.50269105,1277,0.040344,backward
732.2392919063568,2.1137233966548807,3.9573265536424085,0.3160687942816641,0.201311920439581,1.722906705550273,-2920.847635070573,-0.1829950280523642,0.50269105,1277,0.040195,backward
732.4202811717987,2.1274670328272283,3.9654111964543923,0.7411917827794637,0.7870710739647785,1.1009126285172102,-2921.4696291476057,-0.18303399681684487,0.50269105,1277,0.040195,backward
732.565000295639,2.131509279031245,3.9503737614905017,1.2728549931098208,0.22258262439707666,0.22058435946597862,-2922.349957416657,-0.1830891505654883,0.5030847,1278,0.040044,backward
732.7034392356873,2.11792733227435,3.949888682991245,0.8443140302554151,-0.09672538146938627,-0.23138544267739602,-2922.8019272188003,-0.18311746708074533,0.5030847,1278,0.040044,backward
732.8406615257263,2.111298049242483,3.959266867841246,0.20189292086214258,0.22694307240774234,2.2264304274439173,-2920.3441113486792,-0.18296348161477993,0.5030847,1278,0.039885,backward
732.9794085025787,2.1182507119428884,3.9710704469193012,0.3306007639978107,0.9754677989019962,1.603704637750831,-2920.9668371383723,-0.18300249622204173,0.5030847,1278,0.039727,backward
733.1596214771271,2.131185899330381,3.962824110663821,1.0608002381737047,0.6365347907634908,0.7163564089687536,-2921.854185367155,-0.18305808978059254,0.50347835,1279,0.039727,backward
733.2955040931702,2.125203375006857,3.9523140755174757,1.1994469888944943,0.1994126714335563,0.1964309820086747,-2922.3741107941155,-0.18309066380703246,0.50347835,1279,0.039573,backward
733.4420003890991,2.114046776313203,3.9516673041698254,0.5103438118288169,-0.10198387590683029,-0.8042576749855979,-2923.37479945111,-0.18315335829566637,0.50347835,1279,0.039573,backward
733.5822973251343,2.115016915292882,3.966219660781471,0.20753338485825257,0.5872320419112358,1.8706406642852207,-2926.9830864190185,-0.1833794223213914,0.50347835,1279,0.039424,backward
733.7383246421814,2.125850134380162,3.9642793464105033,0.7413370530201376,0.8625352844155768,1.1539359769418238,-2927.6997911063613,-0.18342432483283733,0.50347835,1279,0.039424,backward
733.8857729434967,2.1326411079904943,3.952637461193298,1.2595027592383248,0.25093952982363954,0.22760829672092348,-2928.6261187865825,-0.18348236050638372,0.503872,1280,0.039272,backward
734.0427343845367,2.118574091612213,3.9515056113337454,0.8759404253513678,-0.08702989347968636,-0.2720636680375551,-2929.1257907513414,-0.18351366562620927,0.503872,1280,0.039272,backward
734.1916749477386,2.112106498375044,3.9594285606933157,0.2584574203076748,0.1612785002575199,2.4403335023927615,-2932.6965788880902,-0.18373738029978812,0.503872,1280,0.039124,backward
734.3292651176453,2.118574091612213,3.9658962750496376,0.32656700044989795,0.8082672083266514,1.6572209225806995,-2933.4796914679027,-0.1837864433549062,0.503872,1280,0.038972,backward
734.4998269081116,2.128113792211579,3.9579733250366878,1.012749427438174,0.4802208675984886,0.598698809316152,-2934.5382135811674,-0.1838527611872659,0.50426565,1281,0.038972,backward
734.6320199966431,2.1250416851640237,3.951020532827501,1.070832078439876,-0.07030287312892466,-0.1923892886254326,-2935.3293016791094,-0.1839023239193087,0.50426565,1281,0.03881,backward
734.7931661605835,2.110327910289881,3.9539310039099034,0.27082459259230285,0.010294802855615372,-2.7934338827948726,-2937.9303462732782,-0.18406528285724175,0.50426565,1281,0.038662,backward
734.9294426441193,2.1130766373405914,3.9660579679153876,0.029391020137149584,0.5389538441807105,2.2321352745452687,-2939.1879624231174,-0.18414407419844547,0.50426565,1281,0.038662,backward
735.0780026912689,2.126981963291037,3.963632574964196,0.6748261606241022,0.773842518583048,1.2004777631595476,-2940.2196199345035,-0.184208708927409,0.5046593,1282,0.038503,backward
735.209125995636,2.1302157602325313,3.9547394681186043,1.2080381218231815,0.36086703047228463,0.34524730759441613,-2941.0748503900686,-0.18426229026432236,0.5046593,1282,0.038503,backward
735.359884262085,2.1184124017774524,3.947463290539873,0.7949180197434919,-0.15376732869290902,-0.5349939173934317,-2941.9550916150565,-0.18431743855953828,0.5046593,1282,0.038345,backward
735.5101053714752,2.1104896001148243,3.968159975200522,0.12937584935180566,0.3831687821921326,2.310784768100619,-2945.392498236742,-0.1845327967020206,0.5046593,1282,0.038345,backward
735.6492118835449,2.1284371719049386,3.963632574964196,0.6687280418255158,0.7928264332956277,1.2260428361650342,-2946.4772401686773,-0.1846007572412424,0.5046593,1282,0.038186,backward
735.7843799591064,2.131994348584023,3.9576499393388818,1.2573857324628372,0.4382432312025,0.40015727323576533,-2947.3031257316065,-0.18465250008121173,0.50505295,1283,0.038186,backward
735.9212415218353,2.1172805729396322,3.947463290539873,0.8007411471722334,-0.18308486506059554,-0.6162818732772615,-2948.3195648781198,-0.1847161813591724,0.50505295,1283,0.038035,backward
736.068032503128,2.111298049242483,3.9594285606933157,0.13780627383230587,0.24850227045799014,2.6183037929978816,-2951.3681645190245,-0.1849071802220057,0.50505295,1283,0.037886,backward
736.2207379341125,2.1240715461111637,3.9637942678252727,0.5536044845708573,0.8723904399844306,1.4059341295342946,-2952.580534182488,-0.1849831368100562,0.50505295,1283,0.037886,backward
736.3635311126709,2.1297306906862725,3.9468165192321445,1.1903258478986347,0.15140793902970429,0.07556119170162988,-2953.91090712032,-0.18506648646176538,0.5054466,1284,0.037886,backward
736.5029616355896,2.115663674616596,3.9511822256625835,0.6780537370824786,-0.04327135013171233,-0.5090052421438627,-2954.4954735541655,-0.18510311033412202,0.5054466,1284,0.037727,backward
736.6415612697601,2.114208466142659,3.9655728893191404,0.19272821258099798,0.543408367386838,2.0628388943840124,-2951.923629417637,-0.1849419808440865,0.5054466,1284,0.037568,backward
736.7772827148438,2.1307008297805674,3.9629858035232286,0.8921655241496546,0.6609972007615545,0.8855599185214952,-2953.1009083934996,-0.1850157389534198,0.50584025,1285,0.037568,backward
736.9225919246674,2.1308625196303077,3.948756833171292,1.334890496295606,0.13828907004596583,0.038942242349954796,-2953.947526069671,-0.1850687806881342,0.50584025,1285,0.037407,backward
737.0637104511261,2.12180788834874,3.9469782120585784,0.967895652717784,-0.21939168718656926,-0.5544124794691476,-2954.54088079149,-0.18510595515853812,0.50584025,1285,0.037407,backward
737.1986458301544,2.114531845802159,3.9547394681186043,0.4503512220803686,0.01402858309348254,-1.5822192364427148,-2955.568687548464,-0.1851703486325648,0.50584025,1285,0.037258,backward
737.344918012619,2.114046776313203,3.9581350178860912,0.16311266434547816,0.4446780729667972,2.26754717164999,-2958.002106447551,-0.18532280559552133,0.50584025,1285,0.037258,backward
737.5047805309296,2.122454647705493,3.971555525549625,0.5236835358010574,0.8780961368699023,1.472946577987241,-2958.796707041214,-0.18537258839013954,0.50584025,1285,0.037107,backward
737.6540200710297,2.129892380534828,3.960237024958667,1.0538524355700531,0.6212597506366798,0.7008465011154599,-2959.5688071180857,-0.18542096149715473,0.5062339,1286,0.036956,backward
737.8041648864746,2.1264968937566215,3.953284232548937,1.1483616103388294,0.21664846404007954,0.1454282901082655,-2960.124225329093,-0.18545575919419435,0.5062339,1286,0.036956,backward
737.9431853294373,2.115178605123516,3.9506971471583356,0.5864336501249611,-0.12026705376094632,-1.085443792056218,-2961.3550974112577,-0.1855328749836317,0.5062339,1286,0.036797,backward
738.0878713130951,2.112753257684624,3.965087810725898,0.10297990345149297,0.46195826094820913,2.37102524095706,-2964.181813685424,-0.1857099725554722,0.5062339,1286,0.036797,backward
738.2410972118378,2.1297306906862725,3.9625007249460062,0.6905840821424039,0.7769931246359938,1.2320196396945493,-2965.3208192866864,-0.18578133278647235,0.5062339,1286,0.03664,backward
738.3884212970734,2.1268202734460346,3.950212068657083,1.1809369437434256,0.11891097990979421,-0.006284375543094753,-2966.559123301924,-0.18585891419650033,0.50662755,1287,0.03664,backward
738.5235643386841,2.1130766373405914,3.9503737614905017,0.46507461542422246,-0.05754084068331852,-1.5923950479670923,-2968.145233974348,-0.1859582861608265,0.50662755,1287,0.036482,backward
738.6712281703949,2.123101407065397,3.9683216680709474,0.524626235432958,0.7962954749040341,1.4865142027266762,-2971.3495100308337,-0.18615903836022357,0.50662755,1287,0.03633,backward
738.8267321586609,2.127952102365195,3.9503737614905017,1.1846265354331513,0.2180549037757079,0.1241947318692472,-2972.7118295016908,-0.18624438950514205,0.5070212,1288,0.03633,backward
738.9700407981873,2.115178605123516,3.958296710735828,0.6524737286606883,0.22387023910974935,0.49753901698183295,-2972.338485216578,-0.18622099898414843,0.5070212,1288,0.03618,backward
739.1185681819916,2.126658583601229,3.9697769039198096,0.7382958252999362,0.7926055215340064,1.196049998250732,-2971.6399742353096,-0.18617723633282854,0.5070212,1288,0.03618,backward
739.2633867263794,2.1321560384353444,3.954254389592385,1.3768480626957662,0.3126809817569912,0.19453248538080192,-2972.6414917481793,-0.1862399827503965,0.50741485,1289,0.03602,backward
739.4046173095703,2.117603952606598,3.954901160961344,0.841031139097908,-0.04750118771405908,-0.4843951020743481,-2973.3204193356346,-0.18628251847578667,0.50741485,1289,0.03602,backward
739.5549705028534,2.1171188831064445,3.957003167947269,0.3918653030868817,0.5391530317103801,1.8171888728042684,-2971.018835360756,-0.186138321147932,0.50741485,1289,0.03587,backward
739.6901624202728,2.1300540703835806,3.961045489232355,0.9828523788357069,0.7543790646892565,0.894906868423073,-2971.941117365137,-0.18619610335445227,0.50741485,1289,0.03587,backward
739.8334712982178,2.128113792211579,3.948756833171292,1.260198926918027,0.1235242148213558,-0.03259368292349437,-2972.8686179164833,-0.18625421250995025,0.5078085,1290,0.035718,backward
739.9980778694153,2.111621428894919,3.9565180894070577,0.47453372022287005,0.09443859591593791,-2.098081316232144,-2974.9341055497916,-0.18638361808484594,0.5078085,1290,0.035566,backward
740.1371278762817,2.1209994391572287,3.973334147219892,0.46443278191501053,0.9072029965015498,1.6230324448383548,-2977.496177095901,-0.18654413530896372,0.5078085,1290,0.035566,backward
740.2813074588776,2.1321560384353444,3.955062853804416,1.1634580891995694,0.6215859520544916,0.6154091627011117,-2978.5038003780382,-0.18660726426117846,0.50820215,1291,0.035408,backward
740.4262793064117,2.1274670328272283,3.951828997006239,1.2977560118585179,0.1042312405166447,-0.07050918771193458,-2979.1897187284517,-0.186650237967259,0.50820215,1291,0.035408,backward
740.5824255943298,2.1158253644480154,3.9531225397095278,0.5995014729867278,0.04501988895499109,-0.9556644816929358,-2980.074874022433,-0.18670569413549862,0.50820215,1291,0.035251,backward
740.7405004501343,2.1221312680267226,3.970585368291985,0.6299325443235921,0.8782104823907382,1.4184129018678573,-2977.7007966388724,-0.18655695499820615,0.50820215,1291,0.0351,backward
740.8793487548828,2.129892380534828,3.9591051749895096,0.941969581618522,0.6355876071831047,0.839631713297704,-2978.279577827443,-0.18659321641717472,0.50820215,1291,0.0351,backward
741.015234708786,2.128113792211579,3.948271754682015,1.2465373635304187,0.0789896165288413,-0.1249128588778699,-2979.244122399619,-0.18665364643034066,0.5085958,1292,0.0351,backward
741.1559085845947,2.115016915292882,3.9553862394915598,0.6531379631352843,-0.016891333052538128,-0.9922716016527258,-2980.111481142394,-0.18670798762074028,0.5085958,1292,0.034941,backward
741.2993049621582,2.113885086483944,3.9671898179849845,0.2241722388427718,0.5392170599478512,2.261346833831749,-2983.141048014089,-0.18689779405501494,0.5085958,1292,0.03479,backward
741.4394288063049,2.1253650648498876,3.963632574964196,0.7251896319809883,0.824110175112249,1.2803093105189707,-2984.1220855374013,-0.18695925737372537,0.5085958,1292,0.03479,backward
741.5745358467102,2.1308625196303077,3.951828997006239,1.1979037135073491,0.4029005237871814,0.32707775555409385,-2985.075317092366,-0.18701897861116573,0.50898945,1293,0.03464,backward
741.7133889198303,2.1274670328272283,3.9477866761957325,1.2991200357160435,-0.2229061643422203,-0.4865590567566987,-2985.8889539046763,-0.18706995405045446,0.50898945,1293,0.03449,backward
741.853099822998,2.1132383271688693,3.955224546647821,0.5032265860006212,0.18676359378706103,0.0,-2985.197309026088,-0.18702662156969105,0.50898945,1293,0.03449,still
741.9996318817139,2.11792733227435,3.9691301324280857,0.3386003249670078,0.9273928949099779,1.8394800450929982,-2983.5629148028265,-0.18692422457604332,0.50898945,1293,0.03449,backward
742.14768242836,2.1334495572530314,3.956356396560987,1.10464450778359,0.6466440418520423,0.6896126484750993,-2984.7127821994436,-0.18699626531311359,0.5093831,1294,0.03433,backward
742.2831959724426,2.129083931294026,3.948918526001716,1.3014020527389023,0.010092873077437016,-0.23343815908499177,-2985.6358330070034,-0.18705409568618578,0.5093831,1294,0.03433,backward
742.4167287349701,2.1137233966548807,3.9516673041698254,0.6901035454240465,-0.23477705211642272,-1.2670468199323754,-2986.669441667851,-0.18711885265728415,0.5093831,1294,0.03418,backward
742.5545337200165,2.108549322228439,3.9647644249987386,-0.05630333444116986,0.46064813680810435,2.71543932816597,-2988.9701408269325,-0.18726299455024048,0.5093831,1294,0.034028,backward
742.7048306465149,2.125850134380162,3.968968439555989,0.46676595735929066,0.8735014685711708,1.693091831455023,-2989.992488323643,-0.18732704599427802,0.5093831,1294,0.034028,backward
742.8559153079987,2.131185899330381,3.9468165192321445,1.2516034220318577,0.27841320077660475,0.12186502850939214,-2991.5637151265887,-0.18742548546418714,0.50977675,1295,0.033877,backward
743.0007166862488,2.1203526798075627,3.9537693110691623,0.9635948037819271,-0.0425792103808434,-0.528010939541511,-2992.2135910946395,-0.18746620106659517,0.50977675,1295,0.033728,backward
743.1426482200623,2.1132383271688693,3.9663813536478885,0.2762702735655155,0.4178465084184011,2.469032518600744,-2995.4997329436765,-0.18767208226786983,0.50977675,1295,0.033728,backward
743.2826583385468,2.1245566156367066,3.9649261178621513,0.5916927785277217,0.7317305099996405,1.5102566936087785,-2996.4585087686683,-0.18773215086127526,0.50977675,1295,0.033577,backward
743.4242060184479,2.13458138622889,3.9508588399927524,1.3064110520577858,0.37961518351297346,0.23668618701321695,-2997.7320792752635,-0.187811941764362,0.5101704,1296,0.033577,backward
743.5750162601471,2.120676059482002,3.943744355593067,1.0101092312510034,-0.23626563767155048,-0.780062608778931,-2998.748828071056,-0.18787564244226598,0.5101704,1296,0.033418,backward
743.7313761711121,2.1130766373405914,3.963309189243045,0.37158270361898954,0.30360395870953416,2.650435849806003,-3001.6015149196505,-0.18805436710548198,0.5101704,1296,0.033418,backward
743.8724772930145,2.122939717225126,3.966704739381725,0.5624957326297754,0.7921228391775382,1.5822688117722619,-3002.669681957684,-0.18812128920533497,0.5101704,1296,0.03326,backward
744.01917552948,2.1276287226730197,3.956356396560987,0.9836047541646367,0.4572670227963153,0.5486603131301614,-3003.703290456326,-0.18818604616627094,0.51056405,1297,0.03326,backward
744.1827554702759,2.107740873117439,3.951990689842985,0.6080723701484455,-0.07341515806255627,-1.4554483453175593,-3005.707399114774,-0.1883116062659383,0.51056405,1297,0.0331,backward
744.3307654857635,2.1119448085481394,3.96088379637695,-0.03825478294403753,0.5207532373861815,2.663246397486191,-3007.87188967915,-0.1884472145074608,0.51056405,1297,0.03295,backward
744.5006487369537,2.128113792211579,3.958458403585897,0.7299976082527888,0.5434291979794503,1.1209836488632752,-3009.414152427773,-0.1885438393404578,0.5109577,1298,0.032798,backward
744.6367890834808,2.119705920461045,3.9539310039099034,0.7913435889235938,0.11311543551759479,-0.41513985831874595,-3010.9502759349543,-0.18864007954173134,0.5109577,1298,0.032798,backward
744.7934954166412,2.106770734190701,3.957003167947269,-0.014668143195470293,0.2489834095589871,3.0729165487201753,-3013.745404835095,-0.1888151981221563,0.5109577,1298,0.032798,backward
744.9434804916382,2.1158253644480154,3.966219660781471,0.10784635890249558,0.7516510542182054,2.271867001314875,-3014.5464543825005,-0.18886538495238966,0.5109577,1298,0.03264,backward
745.0967824459076,2.124879995321388,3.9629858035232286,0.6712134864751947,0.8273778153177275,1.3928708115262256,-3015.4254505722893,-0.18892045524447781,0.51135135,1299,0.03248,backward
745.2452929019928,2.1287605515990875,3.9581350178860912,1.0528025395545222,0.5488491528507549,0.587935731166613,-3016.2303856526487,-0.18897088550857039,0.51135135,1299,0.03248,backward
745.3839497566223,2.1318326587328995,3.9497269901588252,1.2965433865327742,0.09897114069109988,-0.17130819381620163,-3016.9896295776316,-0.18901845316039945,0.51135135,1299,0.03248,backward
745.5163955688477,2.1263352039122108,3.946654826406044,1.1459104493984982,-0.19733757966240612,-0.6358185085078892,-3017.4541398923225,-0.18904755535561388,0.51135135,1299,0.032322,backward
745.668365240097,2.1214845086715446,3.9477866761957325,0.9193615949699669,-0.3462152267969817,-1.0318203474146934,-3017.850141731229,-0.18907236540278974,0.51135135,1299,0.032163,backward
745.8094718456268,2.119867610297379,3.9453612838092043,0.6314331065147579,-0.3507181165166404,-1.4867642254717577,-3018.305085609286,-0.18910086824789799,0.51135135,1299,0.032163,backward
745.9587597846985,2.122616337545174,3.9539310039099034,0.663539518718316,-0.03534310698391999,-1.2552153187104333,-3018.073536702525,-0.18908636139783863,0.51135135,1299,0.032007,backward
746.1110377311707,2.1171188831064445,3.955224546647821,0.4861055761041843,-0.0513049584460845,-1.936773482077129,-3018.7550948658914,-0.1891290619323434,0.51135135,1299,0.032007,backward
746.2579474449158,2.1087110120512267,3.9545777752761984,0.09859977645528903,0.027620510504263274,-2.7948546268064764,-3019.6131760106205,-0.18918282186876237,0.51135135,1299,0.031848,backward
746.4033386707306,2.1061239749101253,3.9589434821381064,-0.19762251143630835,0.3276582530833539,2.9800952677809134,-3020.1214114232125,-0.18921466350009836,0.51135135,1299,0.03169,backward
746.5621449947357,2.109842840816227,3.962015646371787,-0.1969097098304359,0.5483976572608276,2.7179092002054217,-3020.3835974907884,-0.18923108980943917,0.51135135,1299,0.03169,backward
746.7191364765167,2.1205143696446838,3.96460273213566,0.3071179196752558,0.8167792906785155,1.9671272216668871,-3021.1343794693275,-0.18927812730895618,0.51135135,1299,0.031538,backward
746.8727478981018,2.129083931294026,3.959266867841246,0.9132124531446145,0.7006136711098351,0.9452066521439481,-3022.1563000388505,-0.1893421520054319,0.511745,1300,0.031538,backward
747.0283715724945,2.1313475891807143,3.9573265536424085,1.3539624934117125,0.5105366280627215,0.3554689828783776,-3022.7460377081165,-0.1893790998626344,0.511745,1300,0.031387,backward
747.1789186000824,2.123586476587394,3.9511822256625835,1.170885687143365,-0.010895090939721389,-0.36786049835115436,-3023.469367189346,-0.18942441742631672,0.511745,1300,0.031235,backward
747.3171765804291,2.112753257684624,3.9463314407548395,0.5040311119632674,-0.29091154289345256,-1.717437753545323,-3024.81894444454,-0.18950897025430674,0.511745,1300,0.031235,backward
747.4767889976501,2.1200293001339103,3.9637942678252727,0.3856850416553164,0.5445170328880401,2.0933192788146995,-3027.29137271936,-0.18966387120705608,0.511745,1300,0.031084,backward
747.6155705451965,2.13247941813858,3.9523140755174757,1.130839937780923,0.41577533316694437,0.34372034628885373,-3029.0409716518857,-0.18977348593049925,0.51213865,1301,0.031084,backward
747.7777466773987,2.115178605123516,3.9513439184979977,0.7144935997893961,-0.059475255526516696,-1.1256330836996966,-3030.510325081874,-0.18986554289674118,0.51213865,1301,0.030935,backward
747.9130525588989,2.125526754693115,3.963632574964196,0.6033877635208905,0.5634297509856677,1.5083859796026071,-3034.159491325751,-0.19009416806402069,0.51213865,1301,0.030776,backward
748.0532398223877,2.1310242094802456,3.9523140755174757,1.3245159596046863,0.24857000750909936,0.03756057612108087,-3035.6303167292326,-0.19018631725137938,0.5125323,1302,0.030776,backward
748.1992263793945,2.110327910289881,3.960237024958667,0.4121612480462069,0.11752198585759732,-2.6262872184216772,-3038.294164523775,-0.19035321089418242,0.5125323,1302,0.030618,backward
748.3382525444031,2.1203526798075627,3.9625007249460062,0.38109911199713575,0.578313016611226,2.091896491497455,-3039.8591661210353,-0.19045126034659274,0.5125323,1302,0.030618,backward
748.4900982379913,2.1277904125190092,3.950050375823998,1.0231438011402831,0.024094840553634114,-0.4264132146141898,-3042.3774758271466,-0.1906090358326472,0.51292595,1303,0.03046,backward
748.6269035339355,2.113885086483944,3.948756833171292,0.5882218157583498,-0.28863044508118146,-1.5769928613059134,-3043.5280554738383,-0.19068112119314148,0.51292595,1303,0.03046,backward
748.7697854042053,2.109519461168104,3.96460273213566,-0.03739475401386097,0.4038755172643692,2.849269742070202,-3045.384978177642,-0.19079745989502842,0.51292595,1303,0.0303,backward
748.919572353363,2.121161128995137,3.968968439555989,0.3329850288502222,0.8231504836636023,1.9627805912590484,-3046.271467328453,-0.19085299963119026,0.51292595,1303,0.0303,backward
749.0577754974365,2.1294073109897544,3.938570185524638,1.0330321299760779,-0.03785950532898407,-0.526134915736061,-3048.760382835448,-0.19100893353118345,0.5133196,1304,0.030142,backward
749.206212759018,2.1159870542796315,3.951020532827501,0.6296603961317013,-0.21922879783824412,-1.4734451273127358,-3049.7076930470253,-0.19106828378850618,0.5133196,1304,0.030142,backward
749.3491871356964,2.1109746695908314,3.9553862394915598,0.1292288215027138,0.10161709869637311,-2.895283934284035,-3051.129531853997,-0.19115736389978744,0.5133196,1304,0.029985,backward
749.4902505874634,2.1171188831064445,3.9641176535484264,0.23892129037751778,0.5940428382701965,2.307330525662637,-3052.2101027012295,-0.19122506311494938,0.5133196,1304,0.029985,backward
749.6308741569519,2.1285988617519145,3.9553862394915598,0.8475853888361237,0.45816174490797223,0.7233872387344699,-3053.7940459881574,-0.19132429928966266,0.51371325,1305,0.029827,backward
749.7786681652069,2.1276287226730197,3.9490802188324725,1.1073403404482185,-0.07352318853843623,-0.5132462540481901,-3055.03067948094,-0.19140177603921477,0.51371325,1305,0.029668,backward
749.9270939826965,2.113561706826014,3.9557096251800368,0.5131376386024923,-0.23661630738040568,-1.731974175155727,-3056.2494074020474,-0.19147813098064803,0.51371325,1305,0.029668,backward
750.0799882411957,2.111298049242483,3.959913639251526,0.04196417131671735,0.3412662713616148,2.9120797485406094,-3057.8885387855307,-0.19158082476374733,0.51371325,1305,0.029512,backward
750.2344281673431,2.123748166428453,3.9597519463984563,0.5301283691811806,0.6787489807566832,1.6774774163959836,-3059.1231411176755,-0.19165817425835693,0.51371325,1305,0.029512,backward
750.3916296958923,2.1316709688819735,3.9492419116635613,1.2251442455018693,0.07737227639529848,-0.21997866519550788,-3061.020597199267,-0.1917770524308127,0.5141069,1306,0.02936,backward
750.5387694835663,2.11792733227435,3.9471399048853444,0.8442142796749115,-0.38890166601332044,-1.170752958951587,-3061.971371493023,-0.19183661971753738,0.5141069,1306,0.02936,backward
750.6982455253601,2.1101662204651337,3.9591051749895096,0.25732554283270775,0.05019143255298314,-2.6851850734226455,-3063.4858036074943,-0.19193150092391853,0.5141069,1306,0.029202,backward
750.8401372432709,2.119705920461045,3.96460273213566,0.30189944758257475,0.6647671237505824,2.1300300480344614,-3064.9537737932164,-0.19202347122804903,0.5141069,1306,0.029202,backward
750.9876658916473,2.130377450081679,3.9523140755174757,1.0218042252754962,0.40583167030326456,0.40439258445202214,-3066.679411256799,-0.19213158473327432,0.51450055,1307,0.029043,backward
751.1401612758636,2.1264968937566215,3.9476249833676365,1.1688111370165584,-0.1895069375477253,-0.612951562030936,-3067.696755403282,-0.19219532271069883,0.51450055,1307,0.028884,backward
751.2859652042389,2.111298049242483,3.9531225397095278,0.42441003832866664,-0.22785788525801803,-1.9361207846601374,-3069.0199246259112,-0.19227822103997347,0.51450055,1307,0.028884,backward
751.4524295330048,2.111298049242483,3.9717172184270684,0.023053511206539652,0.6390739139016276,2.493940680354021,-3070.8730484680764,-0.19239432173807555,0.51450055,1307,0.028726,backward
751.5952386856079,2.1276287226730197,3.9626624178047463,0.6803409050891015,0.5782679668132836,1.3151778967583174,-3072.051811251672,-0.19246817280995657,0.51450055,1307,0.028574,backward
751.7539386749268,2.126658583601229,3.9451995909860953,1.1977714652509106,-0.04779988316255497,-0.4106345556496012,-3073.77762370408,-0.19257629727846684,0.5148942,1308,0.028574,backward
751.8979132175446,2.10887270187421,3.9503737614905017,0.35286656281340284,-0.24229390661607275,-2.056010925559713,-3075.4230000739904,-0.19267938231835502,0.5148942,1308,0.028418,backward
752.0446889400482,2.109357771344337,3.9603987178127373,-0.14694208270448048,0.3309973810294215,2.978682817290208,-3076.6714916383194,-0.19275760199201902,0.5148942,1308,0.028418,backward
752.1925828456879,2.123748166428453,3.9553862394915598,0.5037074977560894,0.4693201113147198,1.8687368232264134,-3077.781437632383,-0.19282714159959097,0.51528785,1309,0.02826,backward
752.357958316803,2.123101407065397,3.9460080551049646,0.9048794035265152,-0.12078506639124294,-0.8073899211520446,-3080.4575643767616,-0.19299480453509613,0.51528785,1309,0.02826,backward
752.4991638660431,2.1109746695908314,3.948271754682015,0.30985438107752605,-0.14722530412456475,-2.2265626392070565,-3081.876737094817,-0.19308371761232532,0.51528785,1309,0.0281,backward
752.6523520946503,2.1205143696446838,3.9618539535143804,0.34933244048164075,0.5338210306455436,2.194170740974112,-3083.7391890218155,-0.19320040272747308,0.51528785,1309,0.02795,backward
752.7967944145203,2.1323177282868633,3.954254389592385,1.152045242738923,0.3425319628383002,0.22229565698322098,-3085.711064105806,-0.1933239433503998,0.5156815,1310,0.02795,backward
752.9368929862976,2.123101407065397,3.9511822256625835,1.116283307221399,-0.1679212889528591,-0.6252689295201377,-3086.5586286923094,-0.1933770444103185,0.5156815,1310,0.02779,backward
753.0985186100006,2.115178605123516,3.962015646371787,0.3639890561537572,0.2697674133408718,2.8814029850833935,-3089.3351420848853,-0.19355099670418746,0.5156815,1310,0.02779,backward
753.2349762916565,2.126173514067997,3.958458403585897,0.6917583616530039,0.5966409070885418,1.3096618858703786,-3090.9068831840987,-0.1936494683954486,0.5156815,1310,0.027632,backward
753.3948233127594,2.126981963291037,3.9503737614905017,1.0867388722923732,0.1210240695301528,-0.18711837885433924,-3092.403663448823,-0.19374324368973056,0.51607515,1311,0.027632,backward
753.5638391971588,2.10887270187421,3.956356396560987,0.21453816155102215,0.0072536284259110545,-2.6479608655829083,-3094.8645059355517,-0.19389741877729225,0.51607515,1311,0.027473,backward
753.7169210910797,2.116472123775658,3.965734582184222,0.19257911828141708,0.46531464087248925,2.5730417317189187,-3095.9266886454297,-0.19396396595094725,0.51607515,1311,0.027322,backward
753.8848538398743,2.125526754693115,3.9623390320875997,0.7342620126218751,0.6052842523596929,1.2108528076649114,-3097.2888775694837,-0.19404930891693317,0.5164688,1312,0.027322,backward
754.0187451839447,2.128113792211579,3.9591051749895096,1.0997953108745113,0.5476810972231464,0.5738938610578024,-3097.925836516091,-0.19408921525059572,0.5164688,1312,0.027173,backward
754.1895921230316,2.125203375006857,3.951990689842985,1.1090676929824805,0.1937855086087566,-0.052103271556498666,-3098.5518336487044,-0.19412843481188605,0.5164688,1312,0.027173,backward
754.3264107704163,2.1143701559723107,3.953284232548937,0.5718897448168585,-0.08511133736562468,-1.6622530232643977,-3100.161983400412,-0.19422931285682218,0.5164688,1312,0.027017,backward
754.4627795219421,2.10887270187421,3.957488246490479,0.030011376552764566,-0.030064275575055078,-2.7339967450073344,-3101.233727122155,-0.19429645904071427,0.5164688,1312,0.026858,backward
754.6157538890839,2.112268188202145,3.965249503589978,-0.049105026641278825,0.7436171987795507,2.4523392520292533,-3102.3305764322977,-0.1943651781234452,0.5164688,1312,0.026858,backward
754.7643857002258,2.1260118242239807,3.9616922606573084,0.6069361180819776,0.6794628833842089,1.526728801250498,-3103.2561868830767,-0.19442316886160355,0.51686245,1313,0.026707,backward
754.9160740375519,2.1214845086715446,3.953284232548937,0.8363690293340306,0.08714578082292991,-0.5049160255805483,-3105.2878317099076,-0.1945504541392108,0.51686245,1313,0.026707,backward
755.0563507080078,2.1075791832958264,3.955871318024774,0.09895950554825624,-0.10284302208600173,-2.557823596045412,-3107.340739280372,-0.19467907155626993,0.51686245,1313,0.026555,backward
755.2046992778778,2.1187357814471706,3.966219660781471,0.19319415161276837,0.5711109344799263,2.4085353192843506,-3108.6575656722216,-0.19476157249867557,0.51686245,1313,0.026404,backward
755.3583767414093,2.127143653136237,3.9469782120585784,0.9934648494060274,0.013329732871041883,-0.47189491243266496,-3111.5379959039383,-0.19494203532211316,0.5172561,1314,0.026404,backward
755.5043268203735,2.113561706826014,3.9579733250366878,0.4929239479165965,-0.10690552372385112,-1.8475809190548447,-3112.9136819105606,-0.19502822389845326,0.5172561,1314,0.026245,backward
755.6788771152496,2.1287605515990875,3.9663813536478885,0.8129171766266077,0.6319475920120637,1.0660955413081374,-3116.2831907573773,-0.19523932815412973,0.5172561,1314,0.026245,backward
755.8316366672516,2.1318326587328995,3.9479483690241612,1.3817167110589572,0.00748101999710326,-0.26194498303779534,-3117.6112312817236,-0.19532253167700078,0.51764975,1315,0.026086,backward
755.9717440605164,2.116957193273453,3.9503737614905017,0.7506101876204988,-0.24582477826470964,-1.2473702393671489,-3118.5966565380527,-0.19538426989307897,0.51764975,1315,0.025938,backward
756.11980509758,2.1200293001339103,3.9594285606933157,0.49115999072948247,0.382819405332391,2.1243657608972564,-3121.5081058449678,-0.19556667610324716,0.51764975,1315,0.025938,backward
756.2816441059113,2.131185899330381,3.9586200964363,1.0440397240930368,0.4052133545761131,0.3982954290903535,-3123.234176176775,-0.19567481672824819,0.51764975,1315,0.025938,backward
756.419917345047,2.1234247867465315,3.9432592771347053,1.0509409804461898,-0.2470516458594927,-0.8007345026054183,-3124.43320610847,-0.19574993756418352,0.5180434,1316,0.02578,backward
756.5716967582703,2.110327910289881,3.9553862394915598,0.2607849608114871,0.05344227678974215,-2.706264110885793,-3126.3387357167508,-0.19586932155393194,0.5180434,1316,0.02562,backward
756.7085590362549,2.1177656424403755,3.969453518173279,0.24114478006360668,0.8032027211747671,2.1161683886149505,-3127.79948852443,-0.1959608396796326,0.5180434,1316,0.02562,backward
756.8556294441223,2.1247183054789485,3.9587817892870367,0.7195054459885726,0.4517209234593673,1.0865651974568864,-3128.8290917155878,-0.19602534570267413,0.51843705,1317,0.025461,backward
756.9912438392639,2.121161128995137,3.9477866761957325,0.8434812927777345,-0.11256933313196303,-0.9354949017214197,-3130.851151814766,-0.19615203048421828,0.51843705,1317,0.025461,backward
757.1424694061279,2.108225942583451,3.9547394681186043,0.13026413681257126,-0.03026607576018715,-2.66096949383132,-3132.576626406876,-0.19626013378532703,0.51843705,1317,0.025305,backward
757.2956471443176,2.1124298780294417,3.9621773392295268,-0.02071945574075897,0.6222704238745272,2.5557634145693866,-3133.643078805655,-0.19632694846072737,0.51843705,1317,0.025154,backward
757.4449319839478,2.1245566156367066,3.9605604106671417,0.5628786086526537,0.6811229106891709,1.6273711212830964,-3134.5714710989414,-0.1963851134850558,0.5188307,1318,0.025154,backward
757.5915081501007,2.122616337545174,3.953445925388679,0.8685780301337767,0.1140770522712855,-0.3714416746714411,-3136.570283894896,-0.19651034179182378,0.5188307,1318,0.024995,backward
757.7346806526184,2.111298049242483,3.948756833171292,0.31617052898701126,-0.22890361563801753,-2.1223696498170748,-3138.3212118700417,-0.19662003978157247,0.5188307,1318,0.024995,backward
757.8856766223907,2.107740873117439,3.9678365894606733,-0.1907563996957118,0.5698374597125805,2.716148950359398,-3139.765878577045,-0.19671055009145655,0.5188307,1318,0.024995,backward
758.035605430603,2.1177656424403755,3.963309189243045,0.20850249348453856,0.8156372241702508,2.130241921368493,-3140.351785606036,-0.19674725795389994,0.5188307,1318,0.024836,backward
758.1797630786896,2.1274670328272283,3.950050375823998,0.9131455337591194,0.21828896653307725,-0.02507301400818605,-3142.5071005414134,-0.19688229132993962,0.51922435,1319,0.024678,backward
758.3383762836456,2.1188974712823243,3.9503737614905017,0.7249906152542697,-0.2596917807009669,-1.284305195033809,-3143.7663327224386,-0.19696118391766804,0.51922435,1319,0.024678,backward
758.4759833812714,2.111298049242483,3.9571648607946717,0.15547443496020302,0.14558228181507532,-2.966396397978948,-3145.4484239253834,-0.19706656919116658,0.51922435,1319,0.02452,backward
758.6111376285553,2.119059161117675,3.9600753321049296,0.35574189226638564,0.6615940112728012,2.037925688378894,-3146.727287146205,-0.19714669168990956,0.51922435,1319,0.02452,backward
758.7488565444946,2.127952102365195,3.9671898179849845,0.8934136191243857,0.7626624878129993,1.0370548304259801,-3147.728158004158,-0.19720939759367834,0.519618,1320,0.02436,backward
758.8926503658295,2.126173514067997,3.9464931335802755,1.105649840700177,-0.0850740397291029,-0.5401715973170794,-3149.305384431901,-0.19730821294814058,0.519618,1320,0.024202,backward
759.0594508647919,2.110327910289881,3.9547394681186043,0.3734383164564686,-0.2898869736120989,-1.9602993271390947,-3150.725512161723,-0.19739718585813987,0.519618,1320,0.024202,backward
759.2046465873718,2.1114597390686027,3.970747061167423,-0.06813699148496652,0.6826200538617224,2.523177750810453,-3152.525220390953,-0.1975099399963358,0.519618,1320,0.024045,backward
759.349134683609,2.1245566156367066,3.9616922606573084,0.5192372990221489,0.7811745179974974,1.6700172038790204,-3153.3783809378847,-0.19756339165069267,0.519618,1320,0.024045,backward
759.4872691631317,2.1268202734460346,3.952637461193298,1.028637555461964,0.16361726987758254,-0.1459882631663543,-3155.1943864049304,-0.19767716683273062,0.52001165,1321,0.023884,backward
759.6418154239655,2.112591567856935,3.9476249833676365,0.5402079417325627,-0.26389227306025637,-1.6510634136999585,-3156.699461555464,-0.19777146181275143,0.52001165,1321,0.023884,backward
759.799280166626,2.1130766373405914,3.9649261178621513,0.07816706185681133,0.30052552760350926,2.988408774879783,-3158.343174674064,-0.19787444264771065,0.52001165,1321,0.023735,backward
759.9367318153381,2.1253650648498876,3.961045489232355,0.6314256210123484,0.6209708798414788,1.4247467691517113,-3159.9068366797924,-0.19797240817291195,0.52001165,1321,0.023577,backward
760.1293289661407,2.124394925794662,3.9463314407548395,1.0308747219838454,-0.06090928325263374,-0.567604674245716,-3161.89918812319,-0.1980972316672624,0.5204053,1322,0.023428,backward
760.2950623035431,2.105800595271012,3.9557096251800368,0.09265510743679722,-0.05959016189963326,-2.6118269032312083,-3163.9434103521758,-0.19822530493601045,0.5204053,1322,0.023428,backward
760.4413845539093,2.113561706826014,3.96654304651464,-0.0170143701509026,0.6936707982984964,2.46910085169268,-3165.145667904432,-0.19830062798670972,0.5204053,1322,0.023428,backward
760.5741250514984,2.125850134380162,3.959913639251526,0.6896809973606869,0.5372714565583366,1.1936394694081622,-3166.4211292867167,-0.19838053735569852,0.52079895,1323,0.02327,backward
760.7160823345184,2.116148744111444,3.943420969953827,0.6865771789088543,-0.3625961772318399,-1.3773583478407856,-3168.9921271039657,-0.19854161382269428,0.52079895,1323,0.02311,backward
760.8549616336823,2.1049921461766523,3.9565180894070577,-0.053962042131737414,0.017523394658150428,-2.8211370723208318,-3170.435905828446,-0.1986320684992804,0.52079895,1323,0.02311,backward
760.9853274822235,2.116957193273453,3.971878911304846,0.10199072529425046,0.740615152576149,2.2991721790285493,-3171.598781884276,-0.19870492424632552,0.52079895,1323,0.02311,backward
761.1206958293915,2.126981963291037,3.953445925388679,0.9088630973133788,0.34424898470382365,0.32376376696781656,-3173.5741902963364,-0.19882868623700228,0.5211926,1324,0.022952,backward
761.2588384151459,2.1163104339434526,3.9505354543242523,0.737511093745052,-0.1345369149654513,-1.1265890456982515,-3175.024543109003,-0.19891955278904458,0.5211926,1324,0.022795,backward
761.4029226303101,2.1074174934744097,3.953445925388679,-0.05227744690386213,0.01300887755250478,-2.811638264726669,-3176.709592328031,-0.19902512338622438,0.5211926,1324,0.022795,backward
761.5371191501617,2.1182507119428884,3.9603987178127373,0.21909385722655414,0.44988078506183393,2.555415155544727,-3177.6257242149395,-0.19908252027962325,0.5211926,1324,0.022644,backward
761.6803946495056,2.125203375006857,3.9589434821381064,0.8027715340095721,0.4691111848998302,0.7753318292282976,-3179.4058075412563,-0.1991940448912886,0.52158625,1325,0.022644,backward
761.8435490131378,2.131185899330381,3.9536076182287543,1.2629082745381737,0.24060856133621072,0.014295472957923978,-3180.1668438975266,-0.1992417248413457,0.52158625,1325,0.022485,backward
761.9860022068024,2.1277904125190092,3.9508588399927524,1.2305647822129258,-0.12803451327077814,-0.49473805323686554,-3180.675877423721,-0.19927361647557104,0.52158625,1325,0.022485,backward
762.133059501648,2.125203375006857,3.9453612838092043,1.0615630927208608,-0.3693333637421085,-0.8842411784447495,-3181.065380548929,-0.19929801936960362,0.52158625,1325,0.022334,backward
762.3253774642944,2.117603952606598,3.9513439184979977,0.6958101229362484,-0.19823677124259237,-1.2974508538319989,-3181.4785902243166,-0.19932390751085108,0.52158625,1325,0.022334,backward
762.4576649665833,2.119544230624907,3.9523140755174757,0.5281527622888262,-0.22611988301176153,-1.6852825616847114,-3181.866421932169,-0.19934820568834102,0.52158625,1325,0.022175,backward
762.6117680072784,2.1117831187214313,3.943744355593067,0.24179323976813324,-0.31036823582282386,-2.1428649877813224,-3182.3240043582655,-0.19937687384202846,0.52158625,1325,0.022017,backward
762.7681834697723,2.10887270187421,3.956356396560987,0.0003585362785872783,0.06384940973987947,-2.8974008063162433,-3183.0785401768007,-0.19942414652466398,0.52158625,1325,0.022017,backward
762.9190583229065,2.1106512899399643,3.955871318024774,-0.08499447810550705,0.00787291691010066,-2.8488191631943462,-3183.029958533679,-0.19942110281946032,0.52158625,1325,0.021868,backward
763.0721476078033,2.1106512899399643,3.9571648607946717,-0.05670389371286134,0.31098927496125917,2.9691758426844497,-3183.4951488349793,-0.19945024761674932,0.52158625,1325,0.02171,backward
763.2098858356476,2.115016915292882,3.965087810725898,0.15324654897775167,0.5867056528374817,2.382218487375173,-3184.082106190289,-0.19948702128354753,0.52158625,1325,0.02171,backward
763.3670036792755,2.1209994391572287,3.963632574964196,0.45743415979455626,0.6978944016119693,1.7625764546514957,-3184.7017482230126,-0.19952584268929263,0.5219799,1326,0.02155,backward
763.5091998577118,2.123101407065397,3.9621773392295268,0.6921703803878531,0.6471359769289894,1.2575004233833986,-3185.2068242542805,-0.1995574863811445,0.5219799,1326,0.02155,backward
763.6830265522003,2.127143653136237,3.955871318024774,0.9131453073045296,0.49354682404915967,0.6512890641673106,-3185.813035613496,-0.19959546633715225,0.52237355,1327,0.021392,backward
763.8301546573639,2.125526754693115,3.955224546647821,1.0454868080303037,0.1889812506933346,-0.06514900818482236,-3186.5294736858486,-0.19964035214481088,0.52237355,1327,0.021392,backward
764.0053999423981,2.1167955034406583,3.9481100618529217,0.696318350767277,-0.3005919598210315,-1.318946122902033,-3187.783270800566,-0.1997189042183339,0.52237355,1327,0.02124,backward
764.1562716960907,2.1080642527612508,3.962824110663821,0.034241745371517786,0.20056274591318052,-3.11608450083042,-3189.580409178494,-0.19983149735189357,0.52237355,1327,0.021082,backward
764.3030431270599,2.122454647705493,3.9634708821034534,0.3862731360206196,0.6430716159653858,1.9496963136258316,-3190.7978136712177,-0.19990776937876076,0.52237355,1327,0.021082,backward
764.4800643920898,2.1177656424403755,3.948271754682015,0.6801144839937421,0.07283302514146364,-0.8718745099987081,-3193.6193844948425,-0.20008454458121275,0.5227672,1328,0.020923,backward
764.6149868965149,2.1117831187214313,3.959266867841246,0.05753992557922392,0.3549043940019859,2.8744899402823183,-3196.1562053517414,-0.20024347981573098,0.5227672,1328,0.020771,backward
764.7583389282227,2.1276287226730197,3.9545777752761984,0.8362694521853818,0.5011181684692481,0.7772636705706032,-3198.2534316214533,-0.20037487385883343,0.52316085,1329,0.020771,backward
764.8964049816132,2.115016915292882,3.950212068657083,0.6388358609868894,-0.19471611184554843,-1.3752483146914427,-3200.405943606715,-0.20050973162628302,0.52316085,1329,0.020613,backward
765.0474874973297,2.115340294954346,3.965087810725898,0.19224211642952493,0.48306470729468853,2.5124634309513834,-3202.8014171682516,-0.2006598112628682,0.52316085,1329,0.020613,backward
765.1968877315521,2.1307008297805674,3.9539310039099034,0.9809807075821082,0.4289902215224873,0.44813374993237653,-3204.8657468492706,-0.20078914429049743,0.5235545,1330,0.020454,backward
765.3761699199677,2.1188974712823243,3.951990689842985,0.8968410753600787,-0.022553436008058456,-0.6290664464352236,-3205.942947045638,-0.2008566323298547,0.5235545,1330,0.020454,backward
765.5155804157257,2.107740873117439,3.955224546647821,0.04453823757256806,0.024750281566128508,-2.778233218055452,-3208.092113817258,-0.20099128051517587,0.5235545,1330,0.020305,backward
765.6579835414886,2.115178605123516,3.9634708821034534,0.026060526469478748,0.685037371986884,2.419262375051391,-3209.1778035313305,-0.20105930043422174,0.5235545,1330,0.020146,backward
765.8117382526398,2.1276287226730197,3.961207182088093,0.7915174765842513,0.6290283987867157,1.0294030414925965,-3210.5676628648894,-0.20114637698853413,0.52394815,1331,0.020146,backward
765.9670119285583,2.1250416851640237,3.949888682991245,1.0207962151227121,0.0147099375830337,-0.43055466124382946,-3212.027620567626,-0.20123784529984204,0.52394815,1331,0.019988,backward
766.1026983261108,2.1132383271688693,3.9513439184979977,0.49353775386027604,-0.1668777725372105,-1.7313064232742563,-3213.3283723296563,-0.20131933914509567,0.52394815,1331,0.019988,backward
766.2380771636963,2.111298049242483,3.9607221035218796,0.11832923631933422,0.2992078014604072,2.968938932641228,-3214.9113122809204,-0.20141851245948178,0.52394815,1331,0.01983,backward
766.3900563716888,2.1221312680267226,3.9658962750496376,0.5321375675876936,0.6968532807556345,1.6123369015383444,-3216.2679143120235,-0.20150350539911918,0.52394815,1331,0.01983,backward
766.556526184082,2.1274670328272283,3.9506971471583356,1.0042712868929784,0.3586868898364968,0.2793095003250476,-3217.600941713237,-0.20158702135652506,0.5243418,1332,0.01967,backward
766.6983873844147,2.121646198510044,3.9484334475114418,0.8888728365222246,-0.12221272456205257,-0.8143760708521632,-3218.6946272844143,-0.20165554222675977,0.5243418,1332,0.01967,backward
766.837507724762,2.1117831187214313,3.9555479323356315,0.3015419215802541,-0.02662525090068824,-2.3687995174654186,-3220.249050731027,-0.20175292894382188,0.5243418,1332,0.019514,backward
767.0048048496246,2.1188974712823243,3.9629858035232286,0.31214217933940014,0.6080769934888501,2.1366581746135167,-3222.026778346128,-0.20186430596701502,0.5243418,1332,0.019365,backward
767.1851625442505,2.1305391399310243,3.954254389592385,0.9425585602609488,0.49459297669601454,0.5994376900330997,-3223.563998830708,-0.20196061489539618,0.52473545,1333,0.019365,backward
767.3292689323425,2.1274670328272283,3.951020532827501,1.1963834965588216,0.003548445862102487,-0.34380110070290903,-3224.507237621444,-0.20201971007273387,0.52473545,1333,0.019207,backward
767.4732692241669,2.114046776313203,3.9573265536424085,0.4910274778123936,0.0011032486670754828,-1.8846324779241825,-3226.048068998665,-0.2021162452283897,0.52473545,1333,0.019055,backward
767.6407039165497,2.1117831187214313,3.9641176535484264,0.048646552407430155,0.5434683360194837,2.5898678317947876,-3227.8567539961255,-0.20222956177317422,0.52473545,1333,0.019055,backward
767.7745666503906,2.122616337545174,3.9600753321049296,0.49767728347738577,0.728158877608732,1.6913163890431635,-3228.755305438877,-0.20228585722812997,0.52473545,1333,0.018904,backward
767.9165499210358,2.127305342981634,3.9490802188324725,1.0043441286299082,0.17638568434021842,-0.1326510349040786,-3230.579272862824,-0.2024001312374635,0.5251291,1334,0.018904,backward
768.0722498893738,2.1143701559723107,3.951990689842985,0.5514661744289355,-0.16758890308414018,-1.59919694121917,-3232.045818769139,-0.20249201230857583,0.5251291,1334,0.018748,backward
768.2294063568115,2.108225942583451,3.968968439555989,-0.06012724635041743,0.40239193515103266,2.870256401618301,-3233.859550733481,-0.20260564505261525,0.5251291,1334,0.018748,backward
768.371946811676,2.119544230624907,3.970747061167423,0.2403268340133113,0.8651428519235145,2.031166712302181,-3234.6986404227973,-0.20265821514884053,0.5251291,1334,0.01859,backward
768.5160584449768,2.1263352039122108,3.954092696750978,0.8851593863159852,0.3307461951968826,0.2742792125659887,-3236.4555279225337,-0.20276828651081055,0.52552275,1335,0.01843,backward
768.6717374324799,2.1108129797652997,3.956356396560987,0.49190183443925123,-0.042161781423339324,-1.7993100166365694,-3238.5291171517365,-0.20289819966157227,0.52552275,1335,0.01843,backward
768.829309463501,2.1070941138321637,3.963632574964196,-0.17906135064838938,0.5055231450273953,2.7869421894042894,-3240.226050252875,-0.2030045147999305,0.52552275,1335,0.018271,backward
768.9927368164062,2.125203375006857,3.9660579679153876,0.5386318993968684,0.9097699812223937,1.583463885903459,-3241.429528556376,-0.2030799143323352,0.52552275,1335,0.018271,backward
769.1384606361389,2.1264968937566215,3.9545777752761984,1.0563882704306489,0.2937283771273655,0.10043952476703083,-3242.912552917512,-0.20317282780077836,0.5259164,1336,0.018113,backward
769.2794008255005,2.1130766373405914,3.954901160961344,0.5115247409902729,-0.13278699949898323,-1.6836305305742307,-3244.6966229728537,-0.20328460218637268,0.5259164,1336,0.018113,backward
769.4260993003845,2.111298049242483,3.9625007249460062,-0.02477014765628755,0.43695652877854835,2.8100622320425734,-3246.486115517417,-0.203396716298201,0.5259164,1336,0.017961,backward
769.5840380191803,2.12827548205816,3.962824110663821,0.7643612913314835,0.6471517462521686,1.0783044316341055,-3248.2178733178257,-0.2035052132507502,0.52631005,1337,0.017805,backward
769.7293093204498,2.12568844453654,3.950050375823998,1.0534156549981022,0.05245979367454295,-0.36498158028421973,-3249.661159329744,-0.20359563705823244,0.52631005,1337,0.017805,backward
769.8779580593109,2.1114597390686027,3.9565180894070577,0.32838445525158855,0.07383945812579744,-2.5015344139938986,-3251.797712163453,-0.20372949496339857,0.52631005,1337,0.017654,backward
770.0205552577972,2.119544230624907,3.96654304651464,0.3814117063515411,0.7178479065457705,1.9133855109349651,-3253.6659775457038,-0.2038465442993274,0.52631005,1337,0.017654,backward
770.1731534004211,2.1268202734460346,3.9539310039099034,0.9723800200862397,0.39685215629614534,0.3435636517418341,-3255.235799404897,-0.20394489574762306,0.5267037,1338,0.017495,backward
770.3298809528351,2.1163104339434526,3.9537693110691623,0.7240398996181796,-0.09198271591061777,-1.1072103199098624,-3256.686573376549,-0.20403578868584157,0.5267037,1338,0.017495,backward
770.4619355201721,2.1096811509920674,3.955224546647821,0.10699420142878142,0.07099357318233081,-2.7782735115020523,-3258.357636568141,-0.20414048303961443,0.5267037,1338,0.017336,backward
770.6050279140472,2.1109746695908314,3.9621773392295268,-0.05933121629584603,0.5369690054167086,2.6901908704143196,-3259.172357493404,-0.20419152640003593,0.5267037,1338,0.017178,backward
770.7508516311646,2.1159870542796315,3.965087810725898,0.2102286637386949,0.8788934877217655,2.0567085882633718,-3259.805839775555,-0.20423121491599996,0.5267037,1338,0.017178,backward
770.892662525177,2.1240715461111637,3.9655728893191404,0.6490608773516263,0.8052556026515717,1.3798624190161852,-3260.482685944802,-0.20427362023774331,0.52709735,1339,0.017178,backward
771.0337841510773,2.127952102365195,3.953284232548937,0.994791746308838,0.27964060801335894,0.050067683380848126,-3261.812480680437,-0.20435693366430813,0.52709735,1339,0.017026,backward
771.1813747882843,2.1227780273850514,3.9461697479297357,0.9589424105757967,-0.22395813940930182,-0.8642849480688418,-3262.7268333118873,-0.20441421908496238,0.52709735,1339,0.016868,backward
771.3201727867126,2.1130766373405914,3.9581350178860912,0.41161393672040186,0.05996224040041956,-2.2023268155873033,-3264.0648751794056,-0.20449804920541842,0.52709735,1339,0.016868,backward
771.4713842868805,2.115178605123516,3.966704739381725,0.1598025363333254,0.6120585047722996,2.3934973444186474,-3265.7522363265794,-0.2046037646480023,0.52709735,1339,0.016719,backward
771.6084730625153,2.127952102365195,3.961207182088093,0.7483538143694445,0.7851088798801725,1.2057851614253756,-3266.9399485095723,-0.2046781764117777,0.52709735,1339,0.01656,backward
771.7581193447113,2.126173514067997,3.9461697479297357,1.119576460184776,-0.03996045537931419,-0.4833703479046701,-3268.629104018902,-0.20478400427356114,0.527491,1340,0.01656,backward
771.907395362854,2.110004530640582,3.961368874944165,0.2968350514705848,0.12387923670732189,-2.6686026915515413,-3270.8143363625495,-0.20492091201541837,0.527491,1340,0.0164,backward
772.0521643161774,2.122616337545174,3.966219660781471,0.46749523798491005,0.7671886646057526,1.7322794501135574,-3272.696639528064,-0.20503884083732632,0.527491,1340,0.0164,backward
772.1874067783356,2.125526754693115,3.952799154031708,0.9975203708118551,0.13670041941126454,-0.27077050807864644,-3274.6996894862564,-0.2051643346080005,0.52788465,1341,0.016243,backward
772.3286688327789,2.108549322228439,3.959590253545719,0.2501305820774273,0.10317948964657442,-2.671712522054619,-3277.1006315002323,-0.205314756850477,0.52788465,1341,0.016243,backward
772.4713070392609,2.120190989970638,3.9678365894606733,0.2830894089593777,0.7343185216242969,2.0825580377919835,-3278.6295462475655,-0.2054105454132622,0.52788465,1341,0.016084,backward
772.6163778305054,2.1310242094802456,3.9506971471583356,1.0706366828652985,0.2297794611962901,-0.0616609233382625,-3280.7737652086957,-0.2055448836116095,0.5282783,1342,0.016084,backward
772.7587711811066,2.115340294954346,3.9539310039099034,0.7077084215524363,-0.015204448481754609,-1.0666851376044404,-3281.7787894229623,-0.20560784972873072,0.5282783,1342,0.015925,backward
772.9035141468048,2.112106498375044,3.9634708821034534,0.15388814075892798,0.48415329408865143,2.628999363760388,-3284.366290228777,-0.20576996013012935,0.5282783,1342,0.015767,backward
773.0721237659454,2.12827548205816,3.9618539535143804,0.8173429172201442,0.7074494540049384,1.0346881806763244,-3285.960601411861,-0.20586984586746448,0.5282783,1342,0.015767,backward
773.2220947742462,2.1245566156367066,3.948271754682015,1.04601770518717,0.007714146402501787,-0.4837382419309397,-3287.479027834468,-0.20596497732261615,0.52867195,1343,0.015767,backward
773.3594918251038,2.109519461168104,3.9557096251800368,0.3097266691372858,0.070571904695346,-2.4910444592405487,-3289.4863340517777,-0.20609073775364162,0.52867195,1343,0.015608,backward
773.5110106468201,2.114531845802159,3.96654304651464,0.06759152747615738,0.6827728169114798,2.428534262955612,-3290.849940636761,-0.20617616953798917,0.52867195,1343,0.01545,backward
773.6587755680084,2.1264968937566215,3.9579733250366878,0.7370884238061902,0.5711568737273717,1.0279425274017553,-3292.2505323723153,-0.20626391849170392,0.5290656,1344,0.01545,backward
773.8362381458282,2.1222929578660095,3.9463314407548395,0.9185169177648852,-0.16892413730280145,-0.875793762813883,-3294.154268662531,-0.2063831901276665,0.5290656,1344,0.01529,backward
774.0113821029663,2.1101662204651337,3.9578116321876187,0.16490274863297075,0.15277237647973774,-2.8697345886636048,-3296.1482094883813,-0.2065081131989627,0.5290656,1344,0.01529,backward
774.150098323822,2.11792733227435,3.968968439555989,0.259764494344218,0.8680856642198953,2.0217320730931454,-3297.539928133804,-0.2065953062416611,0.5290656,1344,0.01514,backward
774.3110628128052,2.1276287226730197,3.961368874944165,0.9039957741064113,0.6316427482280281,0.8004998357264009,-3298.7611603711707,-0.20667181808187216,0.52945925,1345,0.01514,backward
774.4470391273499,2.121646198510044,3.9455229766326463,0.9039442273960259,-0.14959191223611176,-0.8781297944190127,-3300.439790001316,-0.20677698648318468,0.52945925,1345,0.01498,backward
774.5825688838959,2.1075791832958264,3.9557096251800368,0.13775061248456086,0.022629947581550014,-2.616320838924047,-3302.177981045821,-0.20688588648711861,0.52945925,1345,0.014824,backward
774.7509331703186,2.112753257684624,3.9621773392295268,-0.06290388465744039,0.5181281420865428,2.751130887266473,-3303.09371462681,-0.2069432584261166,0.52945925,1345,0.014824,backward
774.886063337326,2.12390985626971,3.9586200964363,0.5826468855078225,0.6989955180881585,1.4893516050214979,-3304.355493909055,-0.20702231059315807,0.5298529,1346,0.014673,backward
775.0692837238312,2.123748166428453,3.9505354543242523,0.8930131119784512,0.12701465181112645,-0.39960245293392693,-3306.2444479670103,-0.20714065610241184,0.5298529,1346,0.014514,backward
775.2119216918945,2.1108129797652997,3.9513439184979977,0.2989940910077251,-0.13210715091448852,-2.13250151114615,-3307.9773470252226,-0.20724922455629557,0.5298529,1346,0.014514,backward
775.3478600978851,2.1072558036531888,3.9591051749895096,-0.15343989314102688,0.4368989764001721,2.9033276006697175,-3309.224703220586,-0.20732737309756866,0.5298529,1346,0.014355,backward
775.4877762794495,2.1209994391572287,3.9594285606933157,0.31801316602862434,0.6416892364922524,2.110826153571029,-3310.0172046676844,-0.2073770243778347,0.5298529,1346,0.014355,backward
775.6390702724457,2.1285988617519145,3.949403604494983,0.9848417252910412,0.27085739907610706,-0.007166167669348841,-3312.1351969889247,-0.20750971944196142,0.53024655,1347,0.014204,backward
775.7887568473816,2.119544230624907,3.951828997006239,0.8098842874785448,-0.15410115578293673,-1.0156149489040849,-3313.1436457701598,-0.2075729001128036,0.53024655,1347,0.014204,backward
775.9304378032684,2.1134000169973435,3.9647644249987386,0.29197290739012366,0.204660395047719,-2.899264922989784,-3315.0272957442457,-0.2076909133140777,0.53024655,1347,0.014045,backward
776.061098575592,2.117442262773017,3.9683216680709474,0.3002776004715182,0.8090282906015711,1.9931949615689977,-3316.4180211668663,-0.20777804413003328,0.53024655,1347,0.014045,backward
776.2010018825531,2.129892380534828,3.966866432249144,0.9360752063116934,0.919159173983112,1.02288421175275,-3317.388331916682,-0.20783883540197437,0.5306402,1348,0.013894,backward
776.3399906158447,2.1328027978426065,3.9456846694564196,1.3884348731401976,0.1014586981452541,-0.2070621013865583,-3318.618278229821,-0.20791589319073858,0.5306402,1348,0.013738,backward
776.4805026054382,2.118574091612213,3.9547394681186043,0.8997804378279369,-0.09296097523270815,-0.8187781374187988,-3319.2299942658533,-0.20795421802214362,0.5306402,1348,0.013738,backward
776.634578704834,2.1106512899399643,3.966704739381725,0.13401661194448042,0.5506423789928173,2.5587673986506223,-3322.135634036963,-0.20813626025708937,0.5306402,1348,0.013738,backward
776.7853350639343,2.123263096905866,3.9671898179849845,0.5097172734743288,0.9114302135788672,1.6378288802777903,-3323.0565725553356,-0.20819395829240647,0.5306402,1348,0.01358,backward
776.9175469875336,2.126173514067997,3.9469782120585784,0.9531496944938612,0.19753424322383603,-0.2068264934849686,-3324.9012279290987,-0.20830952842958703,0.53103385,1349,0.01342,backward
777.0623967647552,2.114855225462445,3.951990689842985,0.5235647170561902,-0.16567628265459933,-1.6458100848505204,-3326.3402115204644,-0.20839968268464204,0.53103385,1349,0.01342,backward
777.2115976810455,2.1106512899399643,3.9594285606933157,0.036855197871034924,0.23873745014680997,-3.07222544299707,-3327.766626878611,-0.20848904952300232,0.53103385,1349,0.013262,backward
777.3773980140686,2.1250416851640237,3.9626624178047463,0.6118163018218039,0.7231598074915284,1.4344498287788663,-3329.543136914015,-0.2086003502631918,0.53103385,1349,0.013103,backward
777.518711566925,2.123586476587394,3.9468165192321445,0.9769822175069925,-0.05788620855272708,-0.6730733222297465,-3331.6506600650237,-0.20873238941973973,0.5314275,1350,0.013103,backward
777.6537804603577,2.106770734190701,3.9555479323356315,0.15652823217406006,0.001749741259074503,-2.5389770867329093,-3333.5165638295266,-0.2088492907971442,0.5314275,1350,0.013103,backward
777.7950553894043,2.1143701559723107,3.968968439555989,0.012064360777955334,0.6985692920422771,2.47510566266933,-3334.7856663873035,-0.20892880177723544,0.5314275,1350,0.012944,backward
777.9332976341248,2.127952102365195,3.9600753321049296,0.8327750895619327,0.7027766886775685,0.9756877005989993,-3336.285084349374,-0.2090227423267995,0.53182115,1351,0.012793,backward
778.082113981247,2.1213228188332427,3.9468165192321445,0.8490212017296904,-0.1101059803622165,-0.9204318640035496,-3338.1812039139763,-0.20914153676467048,0.53182115,1351,0.012793,backward
778.2306308746338,2.110327910289881,3.954254389592385,0.25025567678071775,-0.11135285436500282,-2.2316290926691407,-3339.492401142642,-0.2092236850324407,0.53182115,1351,0.012634,backward
778.3872122764587,2.1091960815207655,3.9615305678005694,-0.15569538065756752,0.3381352073701818,3.0507488452085485,-3340.493208511944,-0.20928638695856017,0.53182115,1351,0.012634,backward
778.5480608940125,2.115663674616596,3.9597519463984563,0.14328044720754254,0.7209768413185933,2.3005771744126697,-3341.24338018274,-0.20933338622147726,0.53182115,1351,0.012476,backward
778.6999852657318,2.126173514067997,3.966866432249144,0.6995804050361194,1.0062199293512823,1.3514778525447206,-3342.192479504608,-0.20939284856896306,0.5322148,1352,0.012317,backward
778.8445761203766,2.127305342981634,3.966704739381725,1.00319507696151,0.9496771947004842,0.9600624387898398,-3342.583894918363,-0.209417371270442,0.5322148,1352,0.012317,backward
779.0086252689362,2.128113792211579,3.9578116321876187,1.1563607023313196,0.5152332114525071,0.3459776934962306,-3343.1979796636565,-0.20945584450466426,0.5322148,1352,0.01216,backward
779.179741859436,2.1321560384353444,3.9566797822534614,1.3186790222986369,0.4583575768383188,0.20643001187515975,-3343.337527345278,-0.20946458735437892,0.5322148,1352,0.01216,backward
779.3236491680145,2.1332878674001288,3.9545777752761984,1.499494523108477,0.2990006351076394,-0.0004995052471437003,-3343.5444568624,-0.209477551766605,0.5322148,1352,0.012002,backward
779.4813148975372,2.1342580065205126,3.952152382680064,1.6439938133633223,0.05999921445734289,-0.21929081929482666,-3343.763248176447,-0.20949125933634297,0.5322148,1352,0.011846,backward
779.6311528682709,2.1334495572530314,3.94196573459369,1.6156018107971049,-0.15309042134566633,-0.4109688854139384,-3343.954926242566,-0.20950326822467571,0.5322148,1352,0.011846,backward
779.8131210803986,2.1307008297805674,3.952152382680064,1.4362443516243684,-0.13268645532731455,-0.4673006934134594,-3344.011258050565,-0.20950679748812007,0.5322148,1352,0.011846,backward
779.9667365550995,2.1234247867465315,3.9497269901588252,0.9883927643160093,-0.1897122741665531,-0.8871169571713752,-3344.4310743143237,-0.2095330995410039,0.5322148,1352,0.01169,backward
780.1206960678101,2.117442262773017,3.9508588399927524,0.6146005381967583,-0.11142353891368945,-1.538319529613863,-3345.0822768867665,-0.2095738982569592,0.5322148,1352,0.01153,backward
780.2530410289764,2.1119448085481394,3.961207182088093,0.22460564521430665,0.4134604953038438,2.804899425853377,-3347.0222432384794,-0.20969543975494417,0.5322148,1352,0.01138,backward
780.3946852684021,2.1172805729396322,3.965087810725898,0.26758077073905606,0.7316247101531961,2.204668689842717,-3347.6224739744903,-0.2097330450168741,0.5322148,1352,0.01138,backward
780.5648539066315,2.1276287226730197,3.971555525549625,0.7843494434368802,1.0853457827596669,1.3363872007290056,-3348.490755463604,-0.20978744401857136,0.53260845,1353,0.01122,backward
780.7118439674377,2.132964487694916,3.9555479323356315,1.3541555518305768,0.43241933971655044,0.17886113614092292,-3349.6482815281915,-0.20985996458147826,0.53260845,1353,0.01122,backward
780.8543615341187,2.119867610297379,3.9516673041698254,1.0061393464968722,-0.040078011920506945,-0.6971393782883304,-3350.5242820426206,-0.2099148471904809,0.53260845,1353,0.011064,backward
781.0133135318756,2.1167955034406583,3.970100289667678,0.3582970492074074,0.6589606661004985,2.1667807327682347,-3353.9435472387436,-0.2101290687482815,0.53260845,1353,0.010913,backward
781.1505310535431,2.13247941813858,3.9544160824341246,1.1637505866300604,0.4258448746345106,0.22699434097555726,-3355.883333630536,-0.2102505989715357,0.5330021,1354,0.010913,backward
781.2824201583862,2.117442262773017,3.9603987178127373,0.7812791964997039,0.25541781867529006,-0.24041776136362278,-3356.350745732875,-0.21027988296764444,0.5330021,1354,0.010913,backward
781.4292137622833,2.1227780273850514,3.9637942678252727,0.5230319650470274,0.7936453419113052,1.7473238436423286,-3360.6461894350487,-0.21054899828586182,0.5330021,1354,0.010762,backward
781.5802257061005,2.1300540703835806,3.957003167947269,1.1613464041719843,0.4656062061613752,0.289962687790881,-3362.1035505909,-0.21064030392001926,0.53339575,1355,0.010603,backward
781.7340533733368,2.1130766373405914,3.9547394681186043,0.5641095263360822,0.07469220190255749,-1.8024361127706603,-3364.195949391461,-0.21077139551569446,0.53339575,1355,0.010603,backward
781.881995677948,2.125526754693115,3.96460273213566,0.6295052288015086,0.6425848507898774,1.5309679115732537,-3367.145730674297,-0.21095620327564726,0.53339575,1355,0.010454,backward
782.0395345687866,2.1321560384353444,3.9537693110691623,1.25853556752424,0.4613548741054124,0.23832201598031458,-3368.4383765698904,-0.21103718927747964,0.5337894,1356,0.010295,backward
782.1859858036041,2.12180788834874,3.950050375823998,1.0333868226545708,-0.09658902105949865,-0.7767083430393753,-3369.4534069289098,-0.21110078229301132,0.5337894,1356,0.010295,backward
782.3316040039062,2.114855225462445,3.956194703715249,0.48504290545640294,0.18449860044925204,-2.450257990299894,-3371.1269565761704,-0.21120563242657198,0.5337894,1356,0.010295,backward
782.4837648868561,2.1209994391572287,3.9678365894606733,0.4637541437474935,0.8146679914800377,1.8754195700791225,-3373.084464322971,-0.21132827291652342,0.5337894,1356,0.010144,backward
782.6226375102997,2.1360365949263813,3.9615305678005694,1.4264276474418855,0.817014068937054,0.5659740840618798,-3374.3939098089886,-0.21141031143526354,0.53418305,1357,0.009988,backward
782.7988557815552,2.1323177282868633,3.9476249833676365,1.5481572481161736,0.08310957581678993,-0.24474095369360088,-3375.204624846744,-0.21146110382145145,0.53418305,1357,0.009988,backward
782.9614202976227,2.1203526798075627,3.948918526001716,0.9773283331976146,-0.15806070842856912,-0.9493029004882675,-3375.909186793539,-0.21150524557389014,0.53418305,1357,0.009836,backward
783.1262888908386,2.1209994391572287,3.966704739381725,0.6367268611170102,0.6212192601515628,1.5966169819136988,-3379.6464522183164,-0.21173939027320093,0.53418305,1357,0.009678,backward
783.3045258522034,2.1360365949263813,3.961207182088093,1.3517004960512509,0.8101064861334348,0.6165910573972487,-3380.626478142833,-0.21180079021388787,0.5345767,1358,0.009526,backward
783.4999508857727,2.12827548205816,3.948918526001716,1.4007795112419372,0.13335464025387572,-0.23723380060948385,-3381.4803030008397,-0.21185428348822602,0.5345767,1358,0.009526,backward
783.6351606845856,2.124233235952814,3.949888682991245,1.055896665199286,-0.0949481816506188,-0.7992124406224042,-3382.0422816408523,-0.21188949220495576,0.5345767,1358,0.009375,backward
783.8109052181244,2.114693535632204,3.9660579679153876,0.4533570831202863,0.620003847519026,2.1646410516449937,-3379.078428148585,-0.21170380280217815,0.5345767,1358,0.009375,backward
783.9469256401062,2.1250416851640237,3.9660579679153876,0.7212719653984273,0.8517188064197978,1.459547090138162,-3379.7835221100913,-0.2117479778860532,0.5345767,1358,0.009216,backward
784.0894401073456,2.129083931294026,3.9515056113337454,1.1041195603695415,0.38745434553056296,0.15342381517029183,-3381.089645385059,-0.21182980826380818,0.53497035,1359,0.009067,backward
784.2368710041046,2.1096811509920674,3.955062853804416,0.5421424758098575,0.07177596828945217,-2.0410478030965478,-3383.2841170033266,-0.211967294858632,0.53497035,1359,0.009067,backward
784.3752453327179,2.1080642527612508,3.9655728893191404,-0.1331824347418236,0.541465166871928,2.8662200860596294,-3384.6600344213502,-0.21205349793320724,0.53497035,1359,0.009067,backward
784.5191757678986,2.1171188831064445,3.9702619825421124,0.07378039934584778,0.9579631512318192,2.3100490914616847,-3385.2162054159485,-0.2120883427931501,0.53497035,1359,0.008916,backward
784.6569731235504,2.1268202734460346,3.965734582184222,0.8036066937297394,0.8640279168524705,1.2960403315874345,-3386.2302141758228,-0.21215187180412298,0.535364,1360,0.008757,backward
784.7930881977081,2.119059161117675,3.9591051749895096,0.7418148387924633,0.2633724440361542,-0.6383331156226663,-3388.164587623033,-0.21227306289912767,0.535364,1360,0.008757,backward
784.9334716796875,2.1043453869046864,3.9684833609417067,-0.020706068553661024,0.4146282651697408,3.0104650139213183,-3390.798974800669,-0.2124381107947056,0.535364,1360,0.008606,backward
785.0783476829529,2.126173514067997,3.968968439555989,0.46177750619867375,0.9532271527274726,1.858286625600761,-3391.951153188989,-0.21251029631851054,0.535364,1360,0.008606,backward
785.2191662788391,2.135066455792939,3.952637461193298,1.3409517317526292,0.42859326156263644,0.1348800263903073,-3393.674559788199,-0.21261827005708608,0.53575765,1361,0.008455,backward
785.365963935852,2.116957193273453,3.953284232548937,0.8779758136081625,0.12267734754529247,-0.7581680789435349,-3394.5676078935335,-0.21267422072055975,0.53575765,1361,0.008455,backward
785.5030336380005,2.1075791832958264,3.9654111964543923,-0.002837028172196151,0.585098350809204,2.774145825956813,-3397.3184792958127,-0.21284656650929049,0.53575765,1361,0.008303,backward
785.6395735740662,2.1205143696446838,3.9616922606573084,0.4597782926867583,0.8065406479345522,1.9513746485533199,-3398.1412504732166,-0.212898114228823,0.53575765,1361,0.008145,backward
785.7789318561554,2.1297306906862725,3.9615305678005694,0.9617947793102506,0.6001427369831752,0.6866882420225164,-3399.405936879747,-0.2129773485311062,0.5361513,1362,0.008145,backward
785.9435033798218,2.116472123775658,3.9464931335802755,0.7492055329518126,-0.09714703158780584,-1.3481830141566158,-3401.440808135926,-0.21310483594884633,0.5361513,1362,0.007996,backward
786.0882666110992,2.1045070767223844,3.970100289667678,-0.26902234350091087,0.6983945331103907,2.7685327593879476,-3403.6072776695614,-0.21324056817545137,0.5361513,1362,0.007996,backward
786.231746673584,2.119382540788967,3.9607221035218796,0.16139101863634872,0.8783271190808503,2.301109226586256,-3404.074701202363,-0.2132698528876939,0.5361513,1362,0.007844,backward
786.3670468330383,2.1253650648498876,3.954092696750978,0.9265901925069019,0.19978866433756864,-0.4754410857300333,-3406.8512515146795,-0.2134438074946342,0.53654495,1363,0.007844,backward
786.5107262134552,2.1072558036531888,3.955224546647821,0.05475012813536894,0.12337250105562801,-2.7765593975320795,-3409.152369826482,-0.21358797564807155,0.53654495,1363,0.007695,backward
786.6547062397003,2.1163104339434526,3.969453518173279,-0.014774555281866537,0.8386453322314119,2.489002520070458,-3410.169993216059,-0.21365173112045105,0.53654495,1363,0.007695,backward
786.7923595905304,2.1349047659380584,3.956356396560987,1.1370876663769172,0.568389364861775,0.40399060648406826,-3412.2550051296453,-0.21378235991773406,0.5369386,1364,0.007544,backward
786.9320855140686,2.1187357814471706,3.9471399048853444,0.8147518168847817,0.1230186794872289,-0.8968393727088135,-3413.555835108838,-0.21386385866339802,0.5369386,1364,0.007393,backward
787.0848169326782,2.108387632405847,3.9600753321049296,0.09556294871044385,0.1538589789117991,-2.7936282736361036,-3415.4526240097653,-0.2139826950360889,0.5369386,1364,0.007393,backward
787.2339518070221,2.1075791832958264,3.961045489232355,-0.2084002852152035,0.35409754142287736,3.1321625527850596,-3415.810018490524,-0.21400508628041365,0.5369386,1364,0.00724,backward
787.3874092102051,2.1129149475125093,3.9734958401010134,-0.01429688642950018,0.9377321668385887,2.3910360319231874,-3416.551145011386,-0.2140515188525366,0.5369386,1364,0.00724,backward
787.5413632392883,2.129083931294026,3.966704739381725,0.7810441039129957,0.9558398680610102,1.299138289519631,-3417.64304275379,-0.21411992771289698,0.53733225,1365,0.00709,backward
787.6898565292358,2.138785322509841,3.9607221035218796,1.4732755772798793,0.6300610255855215,0.30594901322662227,-3418.6362320300823,-0.21418215235525562,0.53733225,1365,0.00694,backward
787.8392415046692,2.1284371719049386,3.9505354543242523,1.474361583971663,0.158724625311735,-0.23380446180612247,-3419.175985505115,-0.21421596863554326,0.53733225,1365,0.00694,backward
787.9935698509216,2.1070941138321637,3.9615305678005694,0.39582345904123784,0.19404746564368644,-2.5377714683860924,-3421.479952511695,-0.21436031526353527,0.53733225,1365,0.006782,backward
788.1665499210358,2.1167955034406583,3.9678365894606733,-0.027476055938703278,0.7688582018107863,2.5809565874093194,-3422.6444097630792,-0.21443327007460597,0.53733225,1365,0.006782,backward
788.3101377487183,2.1316709688819735,3.959590253545719,0.9854764786007594,0.7115028722625126,0.7679152400731553,-3424.4574511104156,-0.21454685955056224,0.5377259,1366,0.006624,backward
788.4517147541046,2.127952102365195,3.9464931335802755,1.159756482601118,0.009067677007984592,-0.5898733522501242,-3425.815239702739,-0.21463192682985408,0.5377259,1366,0.006465,backward
788.5978765487671,2.109357771344337,3.9671898179849845,0.576355163711328,0.29824509669833466,-2.322822531973995,-3427.5481888824634,-0.21474049842391782,0.5377259,1366,0.006465,backward
788.7403593063354,2.128922241446458,3.965087810725898,0.9048073986614267,0.7114729596394566,0.9114234436580535,-3430.5971282140113,-0.21493151856882628,0.5377259,1366,0.006465,backward
788.8723714351654,2.1295690008379147,3.944391126875534,1.2919213550615487,-0.04455518803938002,-0.5573823701898731,-3432.06593402786,-0.21502354122618142,0.53811955,1367,0.006313,backward
789.013908624649,2.115340294954346,3.9589434821381064,0.6669580537243345,0.1922743824169685,-1.4273089085094623,-3432.9358605661796,-0.2150780432924213,0.53811955,1367,0.006313,backward
789.1441774368286,2.119705920461045,3.967351510853406,0.3096704062027903,0.7425686054336358,2.2826005325477787,-3435.5091364323016,-0.21523926248223918,0.53811955,1367,0.00616,backward
789.2769029140472,2.129083931294026,3.9523140755174757,0.9726408977670008,0.3910302629295782,0.08391222692286977,-3437.707824737927,-0.21537701325819042,0.5385132,1368,0.00601,backward
789.4218275547028,2.119382540788967,3.9523140755174757,0.9079073366219321,-0.14284847426728622,-1.0863271187566885,-3438.878064083606,-0.21545033032523606,0.5385132,1368,0.00601,backward
789.5671741962433,2.1108129797652997,3.96088379637695,0.39286965736955504,0.32693242190676647,-3.0256332707762748,-3440.817370235626,-0.21557183046082337,0.5385132,1368,0.00586,backward
789.7036228179932,2.115663674616596,3.9555479323356315,0.15223799553366987,0.5465387409942777,2.7726869121678197,-3441.3022353598617,-0.21560220791219942,0.5385132,1368,0.00586,backward
789.860791683197,2.124879995321388,3.9477866761957325,0.7212304818996975,0.11321159403312862,-1.2441755618231816,-3439.035912526673,-0.2154602197422396,0.53890685,1369,0.0057,backward
790.0151083469391,2.114531845802159,3.952152382680064,0.3052386729042341,-0.11600703009743552,-2.1826310448107766,-3439.9743680096612,-0.21551901523892122,0.53890685,1369,0.005542,backward
790.150591135025,2.1072558036531888,3.9566797822534614,0.11673578123204027,0.12116001619927919,-2.7220307354849025,-3440.5137677003354,-0.21555280935414353,0.53890685,1369,0.005542,backward
790.3312168121338,2.123101407065397,3.952152382680064,0.128792772761146,0.31914830679764505,-3.0755490239820604,-3440.8672859888325,-0.215574957749816,0.53890685,1369,0.005542,backward
790.484682559967,2.1108129797652997,3.936629871836609,0.15141224901385605,-0.5126131604356617,-2.0712900357886985,-3439.863027000639,-0.21551203957513626,0.5393005,1370,0.005383,backward
790.6582534313202,2.1070941138321637,3.9603987178127373,-0.16341391760585472,-0.15766404046848226,-2.5734367598832524,-3440.3651737247333,-0.21554349974195863,0.5393005,1370,0.005225,backward
790.7970159053802,2.117442262773017,3.961045489232355,0.20721995528002135,0.2930702076181737,-3.031799316429589,-3440.8235362812793,-0.21557221677186672,0.5393005,1370,0.005076,backward
790.942197561264,2.120837749319517,3.9484334475114418,0.6667291713688664,-0.09696103269594229,-1.4347396868367812,-3439.2264766516864,-0.21547215884066565,0.53969415,1371,0.005076,backward
791.0887031555176,2.1019200396626805,3.948756833171292,-0.26472593178498244,-0.39569436651426504,-2.446111247201135,-3440.2378482120507,-0.21553552262754655,0.53969415,1371,0.004924,backward
791.2352249622345,2.1027284887384616,3.9578116321876187,-0.52491737766477,-0.042239535129985316,-2.8260916673567045,-3440.617828632206,-0.21555932891131527,0.53969415,1371,0.004924,backward
791.3734309673309,2.116148744111444,3.9679982823304307,-0.03075346457789684,0.7017776036393523,2.58926502868506,-3441.485657243344,-0.215613699539599,0.53969415,1371,0.004766,backward
791.5213851928711,2.128113792211579,3.9492419116635613,0.8367956821064851,0.21786440130419316,-0.39925263009105066,-3444.4741749021205,-0.21580093418554097,0.5400878,1372,0.004617,backward
791.6694548130035,2.1200293001339103,3.9451995909860953,0.7831079984540515,-0.5356489096261724,-1.3435410349808823,-3445.4184633070104,-0.21586009512261534,0.5400878,1372,0.004617,backward
791.8094172477722,2.112268188202145,3.9537693110691623,0.31988770171511854,-0.2302782855620701,-2.0263594276162404,-3446.1012816996463,-0.2159028746121768,0.5400878,1372,0.004458,backward
791.9728307723999,2.123263096905866,3.9578116321876187,0.5269159559993452,0.3021083167409699,-3.006903074121865,-3447.0818253461525,-0.21596430698884186,0.5400878,1372,0.004458,backward
792.1113121509552,2.125526754693115,3.9505354543242523,0.9450374829169722,-0.015089727483003442,-0.7322092924998228,-3451.0903168717095,-0.2162154443677176,0.54048145,1373,0.004307,backward
792.259791135788,2.1247183054789485,3.944714512518762,1.1260929699034168,-0.4595203870454738,-0.9582289552820842,-3451.3163365344917,-0.216229604803214,0.54048145,1373,0.004307,backward
792.4088325500488,2.1007882109647933,3.9531225397095278,-0.0303585375998907,-0.31648233780002105,-2.3635432246689914,-3452.721650803879,-0.2163176496300174,0.54048145,1373,0.004148,backward
792.563250541687,2.1072558036531888,3.952637461193298,-0.2762170917390405,0.06022987944021592,-2.878639181554042,-3453.236746760764,-0.21634992108366946,0.54048145,1373,0.00399,backward
792.6995975971222,2.1130766373405914,3.9573265536424085,0.05592492005406463,0.27629879238016963,-3.1146633742742043,-3453.472770953484,-0.21636470831640603,0.54048145,1373,0.00399,backward
792.8500506877899,2.1101662204651337,3.949403604494983,0.01537026198453082,-0.05431855745866705,-2.58804313594491,-3452.9461507151555,-0.2163317148510404,0.5408751,1374,0.00383,backward
792.996682882309,2.107902562939247,3.947301597712442,-0.05854017214347615,-0.4877861858379551,-2.2511043953470526,-3452.609211974558,-0.21631060518631595,0.5408751,1374,0.00383,backward
793.1468031406403,2.1059622850904707,3.952799154031708,-0.3817314524176066,-0.17851206594100977,-2.6905699408016757,-3453.0486775200125,-0.2163381382930939,0.5408751,1374,0.003672,backward
793.2861998081207,2.11792733227435,3.961368874944165,0.12215861097641191,0.4740134537989842,2.7056563516509016,-3453.93563653474,-0.21639370746686126,0.5408751,1374,0.003672,backward
793.429580450058,2.1277904125190092,3.952152382680064,0.8823643304432583,0.14326907743154635,-0.379531404121198,-3457.020824290512,-0.21658699862424158,0.54126875,1375,0.00352,backward
793.5814344882965,2.1192208509532224,3.9456846694564196,0.836664380441228,-0.3559938908368282,-1.147202584726117,-3457.788495471116,-0.2166350942549561,0.54126875,1375,0.00352,backward
793.7242691516876,2.1108129797652997,3.949888682991245,0.14438422719755709,-0.26465560015032635,-2.2250096218344555,-3458.866302508224,-0.21670262031370097,0.54126875,1375,0.003362,backward
793.8862018585205,2.1308625196303077,3.9660579679153876,0.6478186597754148,0.4185055419387057,1.0007021728505567,-3461.923776020719,-0.21689417513651008,0.54126875,1375,0.003362,backward
794.021363735199,2.1434743285197073,3.9515056113337454,1.900145026235593,0.16706906381045425,-0.07264020081982259,-3462.997118394389,-0.21696142147809294,0.5416624,1376,0.003203,backward
794.2111089229584,2.119059161117675,3.9481100618529217,1.318336126286927,-0.32536541832335086,-0.6639751627915554,-3463.588453356361,-0.2169984694078292,0.5416624,1376,0.003203,backward
794.3584377765656,2.109357771344337,3.9621773392295268,0.2186841611861286,0.23272839000679202,-3.074332707547295,-3465.9988109011165,-0.21714948154595745,0.5416624,1376,0.003044,backward
794.5409240722656,2.114855225462445,3.958296710735828,0.13587034828450464,0.42547846692515157,2.7709638167983357,-3466.4366996839503,-0.21717691586643909,0.5416624,1376,0.002896,backward
794.7201075553894,2.115663674616596,3.9455229766326463,0.5294031341974769,-0.20177455841984848,-1.648912492111851,-3464.573390685681,-0.21706017705462483,0.54205605,1377,0.002737,backward
794.8624060153961,2.1064473545500215,3.9516673041698254,-0.0905494580553845,-0.23321084111238397,-2.5028254301694157,-3465.427303623738,-0.21711367584729646,0.54205605,1377,0.002737,backward
795.0250000953674,2.1124298780294417,3.9597519463984563,-0.09809293693110138,0.33511487698773174,3.012222689687303,-3466.195440811061,-0.21716180067395788,0.54205605,1377,0.002585,backward
795.1650841236115,2.1200293001339103,3.9686450538128,0.38243052516036935,0.6942655725207451,1.9342024242147258,-3467.2734610765337,-0.21722934009174624,0.5424497,1378,0.002585,backward
795.3305792808533,2.1247183054789485,3.9597519463984563,0.8277910136287495,0.5472352733852887,0.8120094255507226,-3468.3956540751974,-0.2172996469906084,0.5424497,1378,0.002427,backward
795.4746663570404,2.1268202734460346,3.9471399048853444,1.0020852192492455,0.15614888249300285,-0.22248364802874843,-3469.4301471487765,-0.21736445937135246,0.5424497,1378,0.002278,backward
795.652951002121,2.128922241446458,3.9453612838092043,1.175498528567041,-0.22997964465566387,-0.6673930361312017,-3469.875056536879,-0.21739233354218526,0.5424497,1378,0.002278,backward
795.822991847992,2.12827548205816,3.9476249833676365,1.2235880167690063,-0.425653759173982,-0.7985605128132052,-3470.006224013561,-0.21740055136080297,0.5424497,1378,0.002117,backward
795.9683825969696,2.1274670328272283,3.9390552639541108,1.135375767773492,-0.656805229907394,-1.0111513146584725,-3470.218814815407,-0.2174138704601221,0.5424497,1378,0.00196,backward
796.1238105297089,2.1253650648498876,3.9416423489617576,0.9865970709088767,-0.5925039606571421,-1.1111648342814862,-3470.31882833503,-0.21742013644147945,0.5424497,1378,0.00196,backward
796.2754778862,2.1250416851640237,3.9468165192321445,0.9505330632732819,-0.5131073081624326,-1.1073895204348216,-3470.3150530211833,-0.21741989991299537,0.5424497,1378,0.00181,backward
796.4229242801666,2.117603952606598,3.9442294340544186,0.6773722105691835,-0.5518458372453771,-1.4501539879600167,-3470.657817488709,-0.21744137456733786,0.5424497,1378,0.00181,backward
796.5604434013367,2.1109746695908314,3.950212068657083,0.20850227240778063,-0.4680873070770454,-2.07458676986383,-3471.2822502706126,-0.21748049611995476,0.5424497,1378,0.00165,backward
796.7110102176666,2.1061239749101253,3.9539310039099034,-0.20505980176891453,-0.08370093962616415,-2.7868213926953196,-3471.994484893444,-0.21752511857585421,0.5424497,1378,0.00165,backward
796.8744246959686,2.1117831187214313,3.955871318024774,-0.08915478062991211,0.21017004490035726,3.1336579818319312,-3472.357190826097,-0.2175478425897752,0.5424497,1378,0.0015,backward
797.0057554244995,2.1182507119428884,3.963632574964196,0.28980750540679134,0.5694814177592643,2.218420426160362,-3473.2724283817693,-0.21760518345212077,0.5424497,1378,0.0015,backward
797.1530818939209,2.122616337545174,3.959266867841246,0.5970326710177826,0.567700307373157,1.4754760404496734,-3474.01537276748,-0.2176517299159185,0.54284335,1379,0.001348,backward
797.3054869174957,2.1263352039122108,3.952799154031708,0.9552167473012908,0.21333650107376442,0.0019787091635364183,-3475.4888700987663,-0.21774404650314344,0.543237,1380,0.001191,backward
797.4644687175751,2.1171188831064445,3.944876205340874,0.7130130323165983,-0.35942084193045437,-1.3223940548148299,-3476.813242862745,-0.21782702023590036,0.543237,1380,0.001191,backward
797.6023559570312,2.108549322228439,3.9591051749895096,0.0090125375654808,-0.04855315085889071,-2.716527309344057,-3478.2073761172746,-0.21791436455710295,0.543237,1380,0.001033,backward
797.7367761135101,2.122939717225126,3.96088379637695,0.3946978914732425,0.5564604284884154,2.0143688453168997,-3479.7596652697935,-0.21801161755777299,0.543237,1380,0.001033,backward
797.8900141716003,2.120676059482002,3.9492419116635613,0.8717629639287368,0.0009258244133485917,-0.5873482645475971,-3482.361382379658,-0.21817461862971776,0.54363065,1381,0.000872,backward
798.0529654026031,2.108225942583451,3.962824110663821,0.009303694860302827,0.27304543919763935,3.016215042473567,-3485.041004379816,-0.21834250054769289,0.54363065,1381,0.000872,backward
798.1896369457245,2.1308625196303077,3.957003167947269,0.8203546829082611,0.4591331977352119,0.7694051941277117,-3487.2878142281616,-0.2184832662029395,0.54363065,1381,0.000723,backward
798.3295111656189,2.116148744111444,3.9442294340544186,0.7815162733871547,-0.24341490331686258,-1.1197595498782689,-3489.1769789721675,-0.2186016249119574,0.5440243,1382,0.000723,backward
798.466947555542,2.1091960815207655,3.956841475100198,0.024780513420007304,0.0586475935065269,-2.8790327894809242,-3490.9362522117704,-0.21871184574373492,0.5440243,1382,0.000571,backward
798.6024508476257,2.1214845086715446,3.9591051749895096,0.4319495784915931,0.5298161777017877,1.9394767304611173,-3492.400927999008,-0.21880360964937484,0.5440243,1382,0.00042,backward
798.7557315826416,2.1253650648498876,3.949565297326738,0.9549462074171347,0.0837579591774755,-0.3016504292518273,-3494.642055158721,-0.21894401927654483,0.54441795,1383,0.00042,backward
798.8932144641876,2.116472123775658,3.942774198679333,0.6371956023940927,-0.3466813796588096,-1.436435123175873,-3495.7768398526455,-0.21901511506203009,0.54441795,1383,0.000269,backward
799.0648891925812,2.1104896001148243,3.965087810725898,0.0667967163771897,0.32248434790058855,2.8994668138542954,-3497.7241232227952,-0.2191371149810494,0.54441795,1383,0.000117,backward
799.2026941776276,2.122454647705493,3.9618539535143804,0.49596331192574084,0.655944000354508,1.7047190543043507,-3498.9188709823447,-0.21921196753314737,0.54441795,1383,0.000117,backward
799.3592119216919,2.131994348584023,3.9544160824341246,1.1687865863828335,0.2807456898796352,0.12007941721171772,-3500.5035106194373,-0.21931124733513388,0.5448116,1384,-3.4e-05,backward
799.5116851329803,2.116472123775658,3.942935891497459,0.8646064993221538,-0.40755205333750777,-1.116298260192227,-3501.739888296841,-0.21938870805750885,0.5448116,1384,-3.4e-05,backward
799.6924707889557,2.109357771344337,3.9571648607946717,0.12929554302357502,0.02028697303380699,-2.750523614626523,-3503.374113651275,-0.21949109447129772,0.5448116,1384,-0.000193,backward
799.8694560527802,2.12390985626971,3.9605604106671417,0.475528608145327,0.31130024962463115,2.222994684702924,-3504.683780659125,-0.2195731468686783,0.5448116,1384,-0.000193,backward
800.0433399677277,2.12827548205816,3.9469782120585784,1.0383099852521904,0.026630619797265605,-0.3502091079103398,-3507.2569844517384,-0.21973436154299397,0.54520525,1385,-0.000344,backward
